period5,0.538579,0.995431,0.930705,0.836155,0.433688,0.0354432,0.00109309,0.000616369,0.0220193,0.00269837,0.0413858,0.0101639,0.0220193,0.00269837,0.00280273,0.00269837,0.373318,0.0247041,0.000616369,0.00269837,0.000776081,0.000776081,0.000776081,0.00269837,0.00269837,0.000786465,0.000568938,0.000568938,0.858492,0.146688,0.258492,0.571492,0.480967,0.412057,0.514081,0.694083,0.844782,0.28633,0.365004,0.481508,0.614703,0.705085,0.353227,0.565419,0.565902,0.323934,0.35962
period6,0.538579,0.995431,0.930705,0.916649,0.534305,0.0717555,0.0331798,0.00116454,0.0502404,0.00550615,0.0868623,0.0492467,0.0502404,0.00550615,0.00611776,0.00550615,0.388411,0.241187,0.00116454,0.00550615,0.00105543,0.00105543,0.00105543,0.00550615,0.00550615,0.00111628,0.000623477,0.000623477,0.939982,0.386927,0.595425,0.236884,0.301105,0.407449,0.612278,0.697671,0.558665,0.473629,0.628461,0.440371,0.474376,0.115977,0.821948,0.359226,0.473,0.412454,0.265652
period7,0.853299,0.995431,0.930705,0.916649,0.534305,0.0474793,0.0389649,0.0225886,0.0474793,0.000981453,0.162657,0.0946511,0.00913071,0.000981453,0.00184258,0.00141605,0.393442,0.36279,0.000941428,0.000981453,0.000605261,0.000605261,0.0006485,0.00141605,0.00141605,0.000690937,0.000885545,0.000601279,0.249592,0.15358,0.121807,0.500076,0.47932,0.338068,0.401165,0.45142,0.848994,0.517891,0.459965,0.622748,0.556411,0.199577,0.299383,0.178304,0.551726,0.454774,0.213352
period8,0.924365,0.995431,0.930705,0.92168,0.534305,0.0468391,0.0384466,0.0351107,0.254551,0.00561232,0.213186,0.139822,0.00529665,0.00561232,0.00145896,0.00103459,0.403503,0.439184,0.000935943,0.000984113,0.000787956,0.00359411,0.000610548,0.00103459,0.00103459,0.000652769,0.000900643,0.000600733,0.759565,0.261855,0.582332,0.463445,0.615739,0.749313,0.61787,0.730632,0.562715,0.3283,0.324783,0.655549,0.575784,0.364979,0.60266,0.63079,0.319066,0.441832,0.455844
period9,0.939594,0.995431,0.95597,0.921804,0.69539,0.0477257,0.0439369,0.0360974,0.320361,0.14233,0.314245,0.200527,0.00542024,0.0151275,0.00148312,0.00104689,0.428724,0.461379,0.0053416,0.000993918,0.0193378,0.00844959,0.000611772,0.00104689,0.00104689,0.000655174,0.000911084,0.000774559,0.650433,0.633634,0.299049,0.611085,0.22076,0.224989,0.490136,0.517578,0.600942,0.393584,0.529668,0.497763,0.38116,0.23027,0.146434,0.630569,0.2776,0.673131,0.786999
period10,0.959898,0.995431,0.966076,0.92186,0.871543,0.0624616,0.0442299,0.0363346,0.365366,0.299063,0.546681,0.271844,0.00476554,0.0250382,0.00142211,0.000981749,0.43379,0.567302,0.00537368,0.00100094,0.195622,0.0134442,0.000605291,0.000981749,0.000981749,0.000649104,0.000913594,0.000776146,0.623913,0.571454,0.68918,0.448395,0.379155,0.422431,0.403575,0.359079,0.413343,0.531843,0.620442,0.444684,0.534939,0.423952,0.431094,0.277821,0.325452,0.53203,0.859752
period11,0.970051,1,1,0.953886,0.933161,0.17891,0.050701,0.037842,0.388959,0.35506,0.999053,1,0.00386854,0.0359145,0.00135242,0.000892504,0.446114,0.829063,0.0147961,0.00100787,0.287026,0.0278922,0.000596412,0.000892504,0.000892504,0.000642169,0.000929545,0.00087774,0.234558,0.090146,0.760506,0.129013,0.20246,0.316154,0.644503,0.604266,0.675463,0.584837,0.722241,0.121369,0.643677,0.699626,0.730111,0.255823,0.571382,0.253354,0.426381
period12,0.989947,1,1,0.963492,0.947619,0.502392,0.109818,0.040963,0.403372,0.352707,0.999178,1,0.00207628,0.0424213,0.0012351,0.00073563,0.455556,0.888053,0.020996,0.00104985,0.333306,0.0339947,0.000602274,0.00073563,0.00073563,0.000651957,0.000984999,0.000949112,0.687197,0.51923,0.669758,0.53622,0.167278,0.337331,0.643107,0.0448264,0.672309,0.511529,0.422301,0.286474,0.364268,0.528351,0.416789,0.358858,0.511384,0.627532,0.228065
period13,0.995238,1,1,0.974074,0.947619,0.567385,0.459127,0.0423213,0.509751,0.380766,0.999246,1,0.00152145,0.0426654,0.00120199,0.000680441,0.455556,0.913191,0.0371625,0.00105303,0.345796,0.0389277,0.000596785,0.000680441,0.000680441,0.000648664,0.00099934,0.000993563,0.275474,0.0160521,0.664487,0.551001,0.903503,0.720924,0.480462,0.497799,0.32681,0.58698,0.66045,0.437621,0.478481,0.550619,0.513896,0.528978,0.451263,0.47912,0.0786928
period14,1,1,1,0.979365,0.947619,0.606474,0.523877,0.0425488,0.727558,0.393625,1,1,0.00105026,0.0586342,0.00115755,0.000633571,0.455556,0.927611,0.125539,0.00105762,0.373958,0.0401069,0.000592122,0.000633571,0.000633571,0.000644243,0.00100174,0.00103213,0.451689,0.377903,0.403393,0.66068,0.815821,0.665065,0.092665,0.754716,0.33518,0.408029,0.420698,0.368902,0.331079,0.747614,0.126129,0.282214,0.620412,0.673603,0.433281
period15,1,1,1,1,0.965896,0.67957,0.572221,0.0578081,0.806057,0.401329,1,1,0.00114334,0.0869101,0.00126545,0.000691708,0.474566,0.955541,0.318424,0.00115938,0.379866,0.0554399,0.000646806,0.000691708,0.000691708,0.000703849,0.00110356,0.0402458,0.494427,0.651183,0.0982086,0.804128,0.415033,0.419346,0.51372,0.605338,0.573956,0.547238,0.660932,0.617948,0.528716,0.480654,0.459467,0.627416,0.683353,0.623861,0.33579
period16,1,1,1,1,0.976364,0.712372,0.647733,0.0784648,0.850992,0.408737,1,1,0.0253013,0.163028,0.00242235,0.00111143,0.485455,0.965503,0.440958,0.0731349,0.398092,0.082703,0.00071653,0.00111143,0.00111143,0.000846827,0.00116674,0.0835144,0.224247,0.960287,0.951968,0.115375,0.433338,0.442194,0.600545,0.288562,0.656878,0.744818,0.802343,0.456732,0.385469,0.856757,0.541409,0.197596,0.538372,0.438181,0.494907
