period4,0.0461929,0.999484,1,0.585795,0.0403409,0.00583556,0.00108821,0.000615883,0.00583556,0.00108821,0.00563248,0.000788955,0.00583556,0.00108821,0.00119188,0.00108821,0.227841,0.00583556,0.000615883,0.00108821,0.000615883,0.000615883,0.000615883,0.00108821,0.00108821,0.000626197,0.00056889,0.00056889,0.470273,0.218624,0.13464,0.561262,0.261831,0.568771,0.719854,0.796454,0.682105,0.435212,0.227491,0.788115,0.672626,0.579015,0.275458,0.930903,0.416552,0.493159,0.465965
period5,1,1,1,0.897838,0.465405,0.0298281,0.00100243,0.000607349,0.00308064,0.000814114,0.0411168,0.0101013,0.00308064,0.000814114,0.000913619,0.000814114,0.400541,0.00843012,0.000607349,0.000814114,0.000588612,0.000588612,0.000588612,0.000814114,0.000814114,0.000598512,0.000568041,0.000568041,0.858651,0.146637,0.258487,0.580229,0.477171,0.411455,0.508354,0.694137,0.844849,0.286326,0.365006,0.481511,0.614705,0.705181,0.353193,0.567002,0.566127,0.319494,0.36125
period6,1,1,1,0.984324,0.573514,0.0860642,0.0396906,0.00129138,0.0431846,0.00480416,0.086802,0.0492129,0.0431846,0.00480416,0.00554886,0.00480416,0.416757,0.42374,0.00129138,0.00480416,0.000985591,0.000985591,0.000985591,0.00480416,0.00480416,0.00105968,0.000636097,0.000636097,0.939989,0.386928,0.595428,0.251582,0.291243,0.406755,0.616598,0.694692,0.558429,0.473628,0.628461,0.440371,0.474376,0.115966,0.82198,0.353876,0.474198,0.413544,0.265879
period7,1,1,1,0.984324,0.573514,0.0494524,0.0405621,0.0234928,0.0494524,0.00100013,0.162944,0.0948174,0.00121296,0.00100013,0.00107858,0.000628294,0.422162,0.446088,0.000958329,0.00100013,0.00060712,0.00060712,0.000570125,0.000628294,0.000628294,0.000614924,0.000900144,0.000602961,0.249641,0.153769,0.12194,0.491202,0.480543,0.338924,0.399052,0.451128,0.848299,0.517841,0.459943,0.622747,0.556411,0.199613,0.299437,0.178311,0.551727,0.456298,0.212913
period8,1,1,1,0.98973,0.573514,0.0493293,0.0404624,0.0369239,0.290527,0.00630667,0.213706,0.140161,0.00108987,0.00630667,0.00106528,0.000616048,0.432973,0.504924,0.000957274,0.00102437,0.00082232,0.00397565,0.000568906,0.000616048,0.000616048,0.000613602,0.000919829,0.000602856,0.759558,0.261772,0.582238,0.462498,0.613234,0.747643,0.632709,0.729891,0.562535,0.328342,0.324777,0.655577,0.575787,0.365051,0.602529,0.631236,0.318725,0.441539,0.455977
period9,1,1,1,0.963684,0.726842,0.0481537,0.0443262,0.0364125,0.35144,0.156063,0.315228,0.201153,0.00109199,0.0165204,0.00105991,0.000616259,0.447895,0.508313,0.00538422,0.00101572,0.0211459,0.00918018,0.000568927,0.000616259,0.000616259,0.000613067,0.000914418,0.000776668,0.649729,0.634009,0.299505,0.61612,0.226634,0.225012,0.480417,0.517659,0.600899,0.39365,0.529694,0.497876,0.381159,0.23058,0.146595,0.627025,0.276123,0.674963,0.78805
period10,1,1,1,0.953646,0.901563,0.0632739,0.0447981,0.0367945,0.389702,0.318928,0.548731,0.272859,0.00109718,0.0266513,0.00106493,0.000616776,0.448437,0.60732,0.00543587,0.00101301,0.208567,0.0142768,0.000568979,0.000616776,0.000616776,0.000613567,0.000918461,0.000779224,0.623183,0.571178,0.688304,0.445648,0.369013,0.422764,0.399168,0.359028,0.413283,0.531651,0.620398,0.444673,0.534939,0.424112,0.431,0.275515,0.326188,0.531942,0.859731
period11,1,1,1,1,0.995288,0.978909,0.986783,1,0.423999,0.386971,0.665482,0.535413,0.000589148,0.0390748,0.00903151,0.00056623,0.446114,0.907896,0.2781,0.00102359,0.312751,0.0303003,0.00056395,0.00056623,0.00056623,0.00140618,0.0111111,0.00732463,0.378442,0.364961,0.717504,0.135092,0.165543,0.297429,0.639483,0.0784894,0.371405,0.577333,0.723622,0.169452,0.629706,0.631018,0.58339,0.25649,0.571395,0.255005,0.427492
period12,1,1,1,1,0.997622,0.988162,0.98718,1,0.427341,0.373613,1,1,0.000580657,0.044889,0.0045503,0.000586859,0.455556,0.942779,0.183982,0.00105918,0.353013,0.0359401,0.000587476,0.000586859,0.000586859,0.000981723,0.0111111,0.00412073,0.687032,0.519253,0.669733,0.527569,0.157585,0.535485,0.64766,0.237515,0.599995,0.511543,0.422302,0.286483,0.364269,0.528248,0.416973,0.354505,0.511432,0.623777,0.230004
period13,1,1,1,1,0.999989,0.998984,1,1,0.539439,0.402878,1,1,0.000555659,0.0450869,0.00117854,0.000584372,0.455556,1,0.0797753,0.00105106,0.365827,0.0411058,0.000587229,0.000584372,0.000584372,0.000646331,0.0111111,0.00150281,0.275307,0.0156737,0.664328,0.559313,0.918562,0.942936,0.472733,0.918915,0.526065,0.586901,0.660478,0.437656,0.478478,0.550863,0.514095,0.533667,0.449452,0.479859,0.0787728
period14,1,1,1,1,0.99999,0.999116,1,1,0.767215,0.414973,1,1,0.000555652,0.0617232,0.00104511,0.000584372,0.455556,1,0.238614,0.0010084,0.394192,0.0421903,0.000587229,0.000584372,0.000584372,0.000633059,0.0111111,0.0014159,0.451689,0.377903,0.403393,0.694526,0.82903,0.902592,0.0782212,0.632,0.344747,0.408029,0.420698,0.368902,0.331079,0.747614,0.126129,0.278457,0.620473,0.696783,0.430595
period15,1,1,1,1,0.999984,0.999086,1,1,0.833916,0.415095,1,1,0.000595494,0.0898091,0.00104906,0.00063724,0.474566,1,0.555446,0.00109472,0.392862,0.0572681,0.00064139,0.00063724,0.00063724,0.000682334,0.00909091,0.069567,0.494427,0.651183,0.0982086,0.824486,0.419502,0.423462,0.52667,0.542958,0.635611,0.547238,0.660932,0.617948,0.528716,0.480654,0.459467,0.626492,0.683273,0.628376,0.335754
period16,1,1,1,1,0.999977,0.999128,1,1,0.870968,0.418234,1,1,0.0253086,0.166758,0.00143445,0.00111157,0.485455,1,0.679817,0.0747539,0.407318,0.0845782,0.000716544,0.00111157,0.00111157,0.000748636,0.00714286,0.128157,0.224247,0.960287,0.951968,0.11002,0.438248,0.243562,0.613506,0.194399,0.737615,0.744818,0.802343,0.456732,0.385469,0.856757,0.541409,0.19775,0.538299,0.436113,0.494665
period17,1,1,1,1,0.99992,0.999078,1,1,0.888757,0.525849,1,1,0.168318,0.328347,0.0016135,0.00122179,0.491304,1,0.737273,0.217253,0.398679,0.201887,0.000742538,0.00122179,0.00122179,0.000781465,0.00588235,0.136094,0.517279,0.409405,0.292999,0.269114,0.552236,0.0710794,0.86749,0.673043,0.617709,0.452291,0.84293,0.736155,0.548648,0.600011,0.397085,0.702178,0.612387,0.694777,0.5656
