period5,0.744872,0.103538,0.00128205,0.629487,0.00266156,0.175219,0.667949,0.00720161,0.00720161,0.00199298,0.00147879,0.00142803,0.00142803,0.00142803,0.00199298,0.00162381,0.00199298,0.00218789,0.00147879,0.00142302,0.00147879,0.00147879,0.00158619,0.00158619,0.00142302,0.449632,0.221861,0.803386,0.883814,0.558216,0.0885038,0.626962,0.762585,0.167651,0.29694,0.588544,0.428998,0.67934,0.469047,0.560667,0.51134,0.363857,0.26685,0.616807,0.379261,0.484967,0.611358,0.412951,0.352117
period6,0.860256,0.103742,0.00128205,0.744872,0.00266309,0.55001,0.757692,0.00882197,0.00882197,0.00215294,0.00149458,0.00142959,0.00142959,0.00142959,0.00215294,0.00164098,0.00215294,0.00236152,0.00149458,0.00142318,0.00149458,0.00149458,0.00158928,0.00158928,0.00142318,0.436442,0.302129,0.444908,0.125827,0.839736,0.459502,0.0589685,0.479783,0.686766,0.538784,0.755493,0.192534,0.0633197,0.405283,0.169657,0.468931,0.453308,0.398164,0.494436,0.579215,0.43187,0.34804,0.4734,0.683496
period7,0.898718,0.293666,0.00128205,0.847436,0.00266115,0.626487,0.821795,0.148323,0.0119731,0.00246401,0.00152529,0.00143263,0.00143263,0.00143263,0.00246401,0.00167437,0.00243137,0.00270158,0.00152529,0.00142348,0.00152529,0.00152529,0.0015953,0.0015953,0.00142348,0.373157,0.150305,0.492053,0.275116,0.497316,0.335752,0.850325,0.563287,0.397103,0.92513,0.799548,0.634824,0.520718,0.794041,0.541771,0.110822,0.424912,0.354133,0.454964,0.400653,0.334425,0.572417,0.773306,0.461521
period8,0.896053,0.599966,0.00131579,0.882895,0.0027277,0.713787,0.896053,0.497019,0.345746,0.00255526,0.00156795,0.00147052,0.00147052,0.00147052,0.00255526,0.00172229,0.286631,0.0234422,0.00156795,0.00146091,0.00156795,0.00156795,0.00163777,0.00163777,0.00146091,0.197887,0.594618,0.357037,0.468247,0.14627,0.453639,0.476059,0.426544,0.413511,0.415024,0.44194,0.40206,0.454981,0.754805,0.41121,0.732444,0.343535,0.706865,0.34032,0.280172,0.446483,0.322863,0.711032,0.532415
period9,0.958571,0.876782,0.00142857,0.944286,0.00294109,0.845626,0.958571,0.752546,0.61742,0.00287254,0.00171172,0.0015973,0.0015973,0.0015973,0.00287254,0.00187996,0.540526,0.0245813,0.00171172,0.00158602,0.00171172,0.00171172,0.00177955,0.00177955,0.00158602,0.269743,0.454341,0.132084,0.727035,0.543531,0.466537,0.47373,0.445666,0.94751,0.391965,0.307286,0.761735,0.480097,0.483217,0.552094,0.539289,0.390638,0.53586,0.265677,0.357665,0.39254,0.26333,0.386692,0.300103
period10,0.999982,1,0.00147059,0.997004,0.0017825,1,1,1,0.86715,0.00279824,0.0017463,0.00164265,0.00164265,0.00164265,0.00279824,0.0019178,0.837705,0.0145006,0.0017463,0.00163244,0.0017463,0.0017463,0.00182862,0.00182862,0.00163244,0.675325,0.854128,0.641324,0.519513,0.644181,0.518224,0.896575,0.577331,0.0478248,0.420452,0.0700914,0.776636,0.116128,0.335532,0.372632,0.763829,0.389854,0.327749,0.342458,0.777352,0.247328,0.71724,0.375911,0.437299
period11,0.999984,1,0.00153846,0.998556,0.00183194,1,1,1,0.924602,0.0030237,0.00183618,0.00171925,0.00171925,0.00171925,0.0030237,0.0020162,1,0.0219317,0.00183618,0.00170774,0.00183618,0.00183618,0.00191454,0.00191454,0.00170774,0.182288,0.363238,0.363221,0.317552,0.563214,0.218596,0.639587,0.526525,0.65603,0.55589,0.502351,0.891814,0.658988,0.822884,0.305808,0.173768,0.547171,0.308464,0.674242,0.0866043,0.28532,0.21404,0.582969,0.26504
period12,0.999985,1,0.0015625,0.998555,0.0018583,1,1,1,0.985924,0.00294809,0.0018527,0.00174488,0.00174488,0.00174488,0.00294809,0.00203324,1,0.183804,0.0018527,0.00173426,0.0018527,0.0018527,0.00194185,0.00194185,0.00173426,0.59701,0.599924,0.591362,0.450872,0.545653,0.743176,0.401618,0.0859132,0.746194,0.230281,0.701129,0.506376,0.223906,0.442514,0.367888,0.459948,0.212403,0.202421,0.412531,0.434078,0.324001,0.679658,0.589528,0.234571
period13,0.999984,1,0.0016129,0.998507,0.00191821,1,1,1,0.98547,0.00304246,0.00191224,0.00180104,0.00180104,0.00180104,0.00304246,0.00209847,1,0.216614,0.00191224,0.0017901,0.00191224,0.00191224,0.00200423,0.00200423,0.0017901,0.460937,0.196357,0.557319,0.418719,0.406073,0.420053,0.356778,0.100784,0.0703883,0.643758,0.413427,0.696424,0.313199,0.608776,0.628925,0.309929,0.203099,0.193215,0.430333,0.482388,0.880619,0.189505,0.743706,0.299378
period14,0.999983,1,0.00172414,0.998401,0.00205042,1,1,1,0.984468,0.00325056,0.00204359,0.00192497,0.00192497,0.00192497,0.00325056,0.00224235,1,0.296894,0.00204359,0.00191332,0.00204359,0.00204359,0.00214182,0.00214182,0.00191332,0.417611,0.480591,0.513724,0.540494,0.511541,0.64366,0.862033,0.170522,0.703043,0.198371,0.0795112,0.372446,0.82171,0.522612,0.583413,0.358615,0.670145,0.641514,0.717236,0.625452,0.493348,0.371418,0.215852,0.476497
period15,0.999981,1,0.00196078,0.998174,0.00233165,1,1,1,0.982336,0.00369255,0.0023228,0.00218851,0.00218851,0.00218851,0.00369255,0.00254808,1,0.357372,0.0023228,0.00217534,0.0023228,0.0023228,0.00243428,0.00243428,0.00217534,0.257558,0.544185,0.776511,0.371555,0.59593,0.350956,0.89219,0.484104,0.226844,0.548908,0.436711,0.08815,0.565554,0.092042,0.322942,0.358402,0.338283,0.527355,0.43668,0.669019,0.473403,0.386436,0.301039,0.548353
period16,1,1,0.00208333,0.998056,0.00247724,1,1,1,0.995552,0.00251889,0.00232997,0.00231148,0.00231148,0.00231148,0.00251889,0.00255714,1,1,0.00232997,0.00230967,0.00232997,0.00232997,0.00255893,0.00255893,0.00230967,0.340999,0.25264,0.69431,0.241057,0.310397,0.329793,0.819349,0.573297,0.156801,0.485323,0.360585,0.111603,0.413175,0.146469,0.624566,0.275692,0.713324,0.474404,0.526159,0.346254,0.272172,0.242662,0.443909,0.282472
period17,1,1,0.0025,0.997651,0.00297223,1,1,1,0.995554,0.00293351,0.00278602,0.00277164,0.00277164,0.00277164,0.00293351,0.00305646,1,1,0.00278602,0.00277023,0.00278602,0.00278602,0.00306611,0.00306611,0.00277023,0.400516,0.18324,0.397697,0.714845,0.364061,0.783124,0.61382,0.240919,0.408387,0.0281071,0.743374,0.356781,0.778206,0.413671,0.372223,0.585209,0.491494,0.477957,0.436694,0.491084,0.412825,0.363906,0.536306,0.329549
period18,1,1,0.034375,0.997031,0.0051162,1,1,1,1,0.034375,0.00483367,0.00359326,0.00359326,0.00359326,0.003125,0.00389453,1,1,0.00483367,0.0034731,0.00342773,0.00342773,0.00383023,0.00383023,0.0034731,0.801958,0.303212,0.172489,0.344728,0.140143,0.554293,0.231898,0.678152,0.215871,0.465627,0.131028,0.703445,0.479764,0.733618,0.120704,0.36888,0.124564,0.641706,0.194495,0.419543,0.451088,0.427746,0.111472,0.215214
period19,1,1,0.0407407,0.996445,0.00606159,1,1,1,1,0.0407407,0.0057265,0.00425514,0.00425514,0.00425514,0.0037037,0.00460975,1,1,0.0057265,0.00411346,0.00406036,0.00406036,0.00453352,0.00453352,0.00411346,0.0859624,0.0247959,0.488752,0.582177,0.425584,0.504604,0.502071,0.254719,0.190291,0.885414,0.467266,0.493398,0.393144,0.491895,0.29921,0.492611,0.346215,0.495576,0.802806,0.453406,0.489276,0.46879,0.463067,0.416633
period20,1,1,0.05,0.995572,0.0323248,1,1,1,1,0.05,0.00702381,0.00521591,0.00521591,0.00521591,0.00454545,0.00564675,1,1,0.00702381,0.00504334,0.00497934,0.00497934,0.00555317,0.00555317,0.00504334,0.838487,0.45429,0.196303,0.462926,0.621609,0.849104,0.579826,0.418937,0.695654,0.413723,0.624455,0.624914,0.364475,0.426189,0.756114,0.504251,0.373622,0.539435,0.497791,0.375818,0.287409,0.282658,0.386604,0.410059
period21,1,1,0.0733333,0.993255,0.0473102,1,1,1,1,0.0733333,0.0102857,0.00762667,0.00762667,0.00762667,0.00666667,0.00824249,1,1,0.0102857,0.00737849,0.00728889,0.00728889,0.00810533,0.00810533,0.00737849,0.493464,0.31813,0.727868,0.595328,0.481627,0.170128,0.798242,0.786383,0.391468,0.574953,0.323189,0.596553,0.492846,0.41724,0.318573,0.313915,0.337748,0.317081,0.385686,0.639082,0.434015,0.278075,0.307358,0.326821
period22,1,1,0.0846154,0.992072,0.05453,1,1,1,1,0.0846154,0.011859,0.00878698,0.00878698,0.00878698,0.0846154,0.0129042,1,1,0.0541667,0.00850341,0.011859,0.011859,0.00995175,0.00995175,0.00850341,0.102786,0.583342,0.338894,0.0903458,0.527714,0.440241,0.513045,0.168554,0.412807,0.0910594,0.686578,0.222356,0.147969,0.407239,0.411796,0.198769,0.349415,0.611537,0.483858,0.474056,0.38936,0.343839,0.0953123,0.273202
period23,1,1,0.11,0.989249,0.0707072,1,1,1,1,0.11,0.0153889,0.011385,0.011385,0.011385,0.11,0.016691,1,1,0.0703889,0.0110247,0.0153889,0.0153889,0.0128509,0.0128509,0.0110247,0.279222,0.548028,0.118505,0.261038,0.496538,0.185053,0.265129,0.235584,0.484698,0.425312,0.371208,0.193366,0.40613,0.310316,0.357023,0.318633,0.230492,0.431035,0.226405,0.449531,0.382738,0.41384,0.305674,0.191932
