period5,0.744872,0.103538,0.00128205,0.629487,0.00266156,0.175219,0.667949,0.00720161,0.00720161,0.00199298,0.00147879,0.00142803,0.00142803,0.00142803,0.00199298,0.00162381,0.00199298,0.00218789,0.00147879,0.00142302,0.00147879,0.00147879,0.00158619,0.00158619,0.00142302,0.449632,0.221861,0.803386,0.883814,0.558216,0.0885038,0.626962,0.762585,0.167651,0.29694,0.588544,0.428998,0.67934,0.469047,0.560667,0.51134,0.363857,0.26685,0.616807,0.379261,0.484967,0.611358,0.412951,0.352117
period6,0.860256,0.103742,0.00128205,0.744872,0.00266309,0.55001,0.757692,0.00882197,0.00882197,0.00215294,0.00149458,0.00142959,0.00142959,0.00142959,0.00215294,0.00164098,0.00215294,0.00236152,0.00149458,0.00142318,0.00149458,0.00149458,0.00158928,0.00158928,0.00142318,0.436442,0.302129,0.444908,0.125827,0.839736,0.459502,0.0589685,0.479783,0.686766,0.538784,0.755493,0.192534,0.0633197,0.405283,0.169657,0.468931,0.453308,0.398164,0.494436,0.579215,0.43187,0.34804,0.4734,0.683496
period7,0.898718,0.293666,0.00128205,0.847436,0.00266115,0.626487,0.821795,0.148323,0.0119731,0.00246401,0.00152529,0.00143263,0.00143263,0.00143263,0.00246401,0.00167437,0.00243137,0.00270158,0.00152529,0.00142348,0.00152529,0.00152529,0.0015953,0.0015953,0.00142348,0.373157,0.150305,0.492053,0.275116,0.497316,0.335752,0.850325,0.563287,0.397103,0.92513,0.799548,0.634824,0.520718,0.794041,0.541771,0.110822,0.424912,0.354133,0.454964,0.400653,0.334425,0.572417,0.773306,0.461521
period8,0.896053,0.599966,0.00131579,0.882895,0.0027277,0.713787,0.896053,0.497019,0.345746,0.00255526,0.00156795,0.00147052,0.00147052,0.00147052,0.00255526,0.00172229,0.286631,0.0234422,0.00156795,0.00146091,0.00156795,0.00156795,0.00163777,0.00163777,0.00146091,0.197887,0.594618,0.357037,0.468247,0.14627,0.453639,0.476059,0.426544,0.413511,0.415024,0.44194,0.40206,0.454981,0.754805,0.41121,0.732444,0.343535,0.706865,0.34032,0.280172,0.446483,0.322863,0.711032,0.532415
period9,0.958571,0.876782,0.00142857,0.944286,0.00294109,0.845626,0.958571,0.752546,0.61742,0.00287254,0.00171172,0.0015973,0.0015973,0.0015973,0.00287254,0.00187996,0.540526,0.0245813,0.00171172,0.00158602,0.00171172,0.00171172,0.00177955,0.00177955,0.00158602,0.269743,0.454341,0.132084,0.727035,0.543531,0.466537,0.47373,0.445666,0.94751,0.391965,0.307286,0.761735,0.480097,0.483217,0.552094,0.539289,0.390638,0.53586,0.265677,0.357665,0.39254,0.26333,0.386692,0.300103
period10,0.999982,1,0.00147059,0.997004,0.0017825,1,1,1,0.86715,0.00279824,0.0017463,0.00164265,0.00164265,0.00164265,0.00279824,0.0019178,0.837705,0.0145006,0.0017463,0.00163244,0.0017463,0.0017463,0.00182862,0.00182862,0.00163244,0.675325,0.854128,0.641324,0.519513,0.644181,0.518224,0.896575,0.577331,0.0478248,0.420452,0.0700914,0.776636,0.116128,0.335532,0.372632,0.763829,0.389854,0.327749,0.342458,0.777352,0.247328,0.71724,0.375911,0.437299
period11,0.999984,1,0.00153846,0.998556,0.00183194,1,1,1,0.924602,0.0030237,0.00183618,0.00171925,0.00171925,0.00171925,0.0030237,0.0020162,1,0.0219317,0.00183618,0.00170774,0.00183618,0.00183618,0.00191454,0.00191454,0.00170774,0.182288,0.363238,0.363221,0.317552,0.563214,0.218596,0.639587,0.526525,0.65603,0.55589,0.502351,0.891814,0.658988,0.822884,0.305808,0.173768,0.547171,0.308464,0.674242,0.0866043,0.28532,0.21404,0.582969,0.26504
period12,0.999985,1,0.0015625,0.998555,0.0018583,1,1,1,0.985924,0.00294809,0.0018527,0.00174488,0.00174488,0.00174488,0.00294809,0.00203324,1,0.183804,0.0018527,0.00173426,0.0018527,0.0018527,0.00194185,0.00194185,0.00173426,0.59701,0.599924,0.591362,0.450872,0.545653,0.743176,0.401618,0.0859132,0.746194,0.230281,0.701129,0.506376,0.223906,0.442514,0.367888,0.459948,0.212403,0.202421,0.412531,0.434078,0.324001,0.679658,0.589528,0.234571
period13,0.999992,1,0.0016129,0.998507,0.0019182,1,1,1,0.993292,0.00227286,0.00183652,0.00179359,0.00179359,0.00179359,0.00227286,0.00201618,1,1,0.00183652,0.00178937,0.00183652,0.00183652,0.00198944,0.00198944,0.00178937,0.460937,0.196357,0.557319,0.418965,0.406309,0.420055,0.356778,0.10079,0.0703655,0.644177,0.413429,0.696429,0.313199,0.608776,0.633123,0.311404,0.203918,0.1938,0.432955,0.482412,0.886816,0.188196,0.748816,0.298692
period14,0.999998,1,0.00172414,0.998402,0.0020504,1,1,1,1,0.00172414,0.00189358,0.00191023,0.00191023,0.00191023,0.00172414,0.00207935,1,1,0.00189358,0.00191187,0.00189358,0.00189358,0.00211256,0.00211256,0.00191187,0.417611,0.480591,0.513724,0.541169,0.512171,0.643668,0.862033,0.171635,0.703967,0.198522,0.0795109,0.372451,0.82171,0.522612,0.59104,0.356822,0.67914,0.647764,0.726974,0.624604,0.499554,0.371469,0.217679,0.475841
period15,0.999998,1,0.00196078,0.998175,0.00233163,1,1,1,1,0.00196078,0.00215302,0.00217186,0.00217186,0.00217186,0.00196078,0.00236368,1,1,0.00215302,0.00217371,0.00215302,0.00215302,0.00240126,0.00240126,0.00217371,0.257558,0.544185,0.776511,0.372027,0.596792,0.35096,0.89219,0.491011,0.227065,0.549688,0.436716,0.0881498,0.565554,0.092042,0.32695,0.36006,0.342567,0.527268,0.442734,0.667367,0.480117,0.390621,0.304654,0.546679
period16,0.999998,1,0.00208333,0.998056,0.00247724,1,1,1,1,0.00208333,0.00228733,0.0023073,0.0023073,0.0023073,0.00208333,0.00251083,1,1,0.00228733,0.00230926,0.00228733,0.00228733,0.00255064,0.00255064,0.00230926,0.340999,0.25264,0.69431,0.241118,0.310489,0.329794,0.819349,0.575412,0.156826,0.485491,0.360584,0.111603,0.413175,0.146469,0.62691,0.275633,0.716064,0.473523,0.528063,0.347029,0.272942,0.243117,0.445445,0.283332
period17,1,1,0.0025,0.997651,0.00297223,1,1,1,1,0.0025,0.00274375,0.00276752,0.00276752,0.00276752,0.0025,0.0030106,1,1,0.00274375,0.00276983,0.00274375,0.00274375,0.00305794,0.00305794,0.00276983,0.400516,0.18324,0.397697,0.715112,0.364176,0.783127,0.61382,0.241549,0.408521,0.0280758,1,0.356781,0.778206,0.413671,0.373439,0.58528,0.493243,0.478144,0.438198,0.491215,0.414222,0.364211,0.538255,0.329322
period18,1,1,0.034375,0.997031,0.0051162,1,1,1,1,0.034375,0.00483367,0.00359326,0.00359326,0.00359326,0.003125,0.00389453,1,1,0.00483367,0.0034731,0.00342773,0.00342773,0.00383023,0.00383023,0.0034731,0.801958,0.303212,0.172489,0.344728,0.140143,0.554293,0.231898,0.678152,0.215871,0.465627,1,0.703445,0.479764,0.733618,0.120704,0.36888,0.124564,0.641706,0.194495,0.419543,0.451088,0.427746,0.111472,0.215214
period19,1,1,0.0407407,0.996445,0.00606159,1,1,1,1,0.0407407,0.0057265,0.00425514,0.00425514,0.00425514,0.0037037,0.00460975,1,1,0.0057265,0.00411346,0.00406036,0.00406036,0.00453352,0.00453352,0.00411346,0.0859624,0.0247959,0.488752,0.582177,0.425584,0.504604,0.502071,0.254719,0.190291,0.885414,1,0.493398,0.393144,0.491895,0.29921,0.492611,0.346215,0.495576,0.802806,0.453406,0.489276,0.46879,0.463067,0.416633
period20,1,1,0.05,0.995572,0.0323248,1,1,1,1,0.05,0.00702381,0.00521591,0.00521591,0.00521591,0.00454545,0.00564675,1,1,0.00702381,0.00504334,0.00497934,0.00497934,0.00555317,0.00555317,0.00504334,0.838487,0.45429,0.196303,0.462926,0.621609,0.849104,0.579826,0.418937,0.695654,0.413723,1,0.624914,0.364475,0.426189,0.756114,0.504251,0.373622,0.539435,0.497791,0.375818,0.287409,0.282658,0.386604,0.410059
