period5,0.744872,0.103538,0.00128205,0.629487,0.00266156,0.175219,0.667949,0.00720161,0.00720161,0.00199298,0.00147879,0.00142803,0.00142803,0.00142803,0.00199298,0.00162381,0.00199298,0.00218789,0.00147879,0.00142302,0.00147879,0.00147879,0.00158619,0.00158619,0.00142302,0.449632,0.221861,0.803386,0.883814,0.558216,0.0885038,0.626962,0.762585,0.167651,0.29694,0.588544,0.428998,0.67934,0.469047,0.560667,0.51134,0.363857,0.26685,0.616807,0.379261,0.484967,0.611358,0.412951,0.352117
period6,1,0.119118,0.00128205,0.744872,0.00266309,0.632892,0.757692,0.0037073,0.0037073,0.00164803,0.00144474,0.00142467,0.00142467,0.00142467,0.00164803,0.00158678,0.00164803,0.00180999,0.00144474,0.00142269,0.00144474,0.00144474,0.00157951,0.00157951,0.00142269,0.436442,0.302129,0.444908,0.125841,0.84011,0.459503,0.0589685,0.481743,0.687063,0.539006,0.821362,0.218901,0.0631304,0.406858,0.170016,0.468938,0.455131,0.398256,0.496472,0.579314,0.433582,0.347818,0.475327,0.682889
period7,1,0.325352,0.00128205,0.847436,0.00266115,0.687324,0.821795,0.155526,0.00381009,0.00165818,0.00144574,0.00142477,0.00142477,0.00142477,0.00165818,0.00158787,0.00247586,0.00190185,0.00144574,0.0014227,0.00144574,0.00144574,0.00157971,0.00157971,0.0014227,0.373157,0.150305,0.492053,0.275258,0.497637,0.335753,0.850325,0.567115,0.397343,0.925797,0.8237,0.673982,0.523096,0.791793,0.54542,0.111089,0.427596,0.352981,0.457897,0.400287,0.336362,0.57102,0.778869,0.461692
period8,1,0.668116,0.00131579,0.882895,0.0027277,0.786178,0.896053,0.54413,0.375309,0.00259561,0.00157194,0.00147091,0.00147091,0.00147091,0.00259561,0.00172665,0.31353,0.0251802,0.00157194,0.00146095,0.00157194,0.00157194,0.00163856,0.00163856,0.00146095,0.197887,0.594618,0.357037,0.468232,0.146268,0.453639,0.476059,0.413494,0.413498,0.415011,0.448322,0.427824,0.452918,0.769907,0.417655,0.731102,0.343232,0.706892,0.339859,0.280212,0.453845,0.321259,0.701924,0.529459
period9,1,0.913235,0.00142857,0.944286,0.00294109,0.878012,0.958571,0.780868,0.639901,0.00283148,0.00170767,0.0015969,0.0015969,0.0015969,0.00283148,0.00187552,0.560618,0.0251393,0.00170767,0.00158598,0.00170767,0.00170767,0.00177876,0.00177876,0.00158598,0.269743,0.454341,0.132084,0.72706,0.543549,0.466537,0.47373,0.446213,0.947544,0.391977,0.305903,0.785539,0.485588,0.49152,0.555674,0.539486,0.388427,0.535173,0.261459,0.358951,0.39273,0.263421,0.380868,0.299392
period10,1,0.926866,0.00147059,0.972059,0.00299076,0.932779,0.972059,0.874745,0.845729,0.00297615,0.00176383,0.00164438,0.00164438,0.00164438,0.00297615,0.00193701,0.734344,0.0143631,0.00176383,0.00163261,0.00176383,0.00176383,0.00183206,0.00183206,0.00163261,0.675325,0.854128,0.641324,0.519438,0.644083,0.518223,0.896575,0.57509,0.0478341,0.420395,0.0700898,0.776647,0.145387,0.343169,0.369238,0.765234,0.387366,0.326133,0.339393,0.777149,0.25515,0.713896,0.3767,0.437211
period11,1,0.970769,0.00153846,0.998556,0.00183192,1,0.998142,0.997873,0.923083,0.00305159,0.00183893,0.00171953,0.00171953,0.00171953,0.00305159,0.0020192,1,0.0219778,0.00183893,0.00170777,0.00183893,0.00183893,0.00191507,0.00191507,0.00170777,0.182288,0.363238,0.363221,0.317546,0.563201,0.218596,0.639587,0.526071,0.656014,0.555877,0.502358,0.891826,0.658174,0.821944,0.305703,0.173746,0.546541,0.308355,0.673552,0.0866272,0.285296,0.214035,0.582415,0.264914
period12,1,1,0.0015625,0.998555,0.00185829,1,0.997156,0.997058,0.983418,0.00319481,0.00187699,0.00174727,0.00174727,0.00174727,0.00319481,0.00205963,1,0.183591,0.00187699,0.0017345,0.00187699,0.00187699,0.0019466,0.0019466,0.0017345,0.59701,0.599924,0.591362,0.450785,0.545543,0.743174,0.401618,0.085949,0.746034,0.230248,0.701139,0.506382,0.223541,0.441506,0.367207,0.460061,0.212117,0.202374,0.411736,0.43361,0.323432,0.679665,0.588284,0.234403
period13,1,1,0.0016129,0.998508,0.00191819,1,0.997107,0.997057,0.982922,0.00329315,0.00193691,0.00180347,0.00180347,0.00180347,0.00329315,0.00212527,1,0.216312,0.00193691,0.00179034,0.00193691,0.00193691,0.00200904,0.00200904,0.00179034,0.460937,0.196357,0.557319,0.418639,0.405996,0.420052,0.356778,0.100782,0.0703958,0.643621,0.413432,0.696433,0.312571,0.607278,0.627557,0.309449,0.202833,0.193024,0.429479,0.48238,0.878601,0.189931,0.742042,0.299602
period14,1,1,0.00172414,0.998402,0.0020504,1,0.996924,0.996895,0.981762,0.0035165,0.00206973,0.00192754,0.00192754,0.00192754,0.0035165,0.00227074,1,0.296352,0.00206973,0.00191357,0.00206973,0.00206973,0.00214692,0.00214692,0.00191357,0.417611,0.480591,0.513724,0.540377,0.511431,0.643658,0.862033,0.170328,0.702882,0.198345,0.0795109,0.372451,0.819469,0.5213,0.582084,0.358928,0.668577,0.640425,0.715539,0.6256,0.492267,0.371409,0.215533,0.476611
period15,1,1,0.00196078,0.998175,0.00233162,1,0.996481,0.996444,0.979248,0.00399531,0.00235248,0.00219142,0.00219142,0.00219142,0.00399531,0.00258032,1,0.356563,0.00235248,0.00217563,0.00235248,0.00235248,0.00244006,0.00244006,0.00217563,0.257558,0.544185,0.776511,0.371473,0.595779,0.350955,0.89219,0.482897,0.226805,0.548772,0.436717,0.0881498,0.563898,0.0920703,0.322241,0.358112,0.337534,0.527371,0.435622,0.669307,0.472229,0.385705,0.300407,0.548646
period16,1,1,0.00208333,0.998056,0.00247724,1,0.999616,0.99783,1,0.00208333,0.00228733,0.0023073,0.0023073,0.0023073,0.00208333,0.00251083,1,1,0.00228733,0.00230926,0.00228733,0.00228733,0.00255064,0.00255064,0.00230926,0.340999,0.25264,0.69431,0.241118,0.310489,0.329794,0.819349,0.575412,0.156826,0.485491,0.360585,0.111603,0.412495,0.146368,0.62691,0.275633,0.716064,0.473523,0.528063,0.347029,0.272942,0.243117,0.445445,0.283332
period17,1,1,0.0025,0.997651,0.00297223,1,1,1,1,0.0025,0.00274375,0.00276752,0.00276752,0.00276752,0.0025,0.0030106,1,1,0.00274375,0.00276983,0.00274375,0.00274375,0.00305794,0.00305794,0.00276983,0.400516,0.18324,0.397697,0.715112,0.364176,0.783127,0.61382,0.241549,0.408521,0.0280758,0.743374,0.356781,0.778206,0.413671,0.373439,0.58528,0.493243,0.478144,0.438198,0.491215,0.414222,0.364211,0.538255,0.329322
period18,1,1,0.034375,0.997031,0.0051162,1,1,1,1,0.034375,0.00483367,0.00359326,0.00359326,0.00359326,0.003125,0.00389453,1,1,0.00483367,0.0034731,0.00342773,0.00342773,0.00383023,0.00383023,0.0034731,0.801958,0.303212,0.172489,0.344728,0.140143,0.554293,0.231898,0.678152,0.215871,0.465627,1,0.703445,0.479764,0.733618,0.120704,0.36888,0.124564,0.641706,0.194495,0.419543,0.451088,0.427746,0.111472,0.215214
period19,1,1,0.0407407,0.996445,0.00606159,1,1,1,1,0.0407407,0.0057265,0.00425514,0.00425514,0.00425514,0.0037037,0.00460975,1,1,0.0057265,0.00411346,0.00406036,0.00406036,0.00453352,0.00453352,0.00411346,0.0859624,0.0247959,0.488752,0.582177,0.425584,0.504604,0.502071,0.254719,0.190291,0.885414,1,0.493398,0.393144,0.491895,0.29921,0.492611,0.346215,0.495576,0.802806,0.453406,0.489276,0.46879,0.463067,0.416633
period20,1,1,0.05,0.995572,0.0323248,1,1,1,1,0.05,0.00702381,0.00521591,0.00521591,0.00521591,0.00454545,0.00564675,1,1,0.00702381,0.00504334,0.00497934,0.00497934,0.00555317,0.00555317,0.00504334,0.838487,0.45429,0.196303,0.462926,0.621609,0.849104,0.579826,0.418937,0.695654,0.413723,1,0.624914,0.364475,0.426189,0.756114,0.504251,0.373622,0.539435,0.497791,0.375818,0.287409,0.282658,0.386604,0.410059
period21,1,1,0.0733333,1,0.0469524,1,1,1,1,0.0733333,0.0102857,0.00762667,0.00762667,0.00762667,0.00666667,0.00824249,1,1,0.0102857,0.00737849,0.00728889,0.00728889,0.00810533,0.00810533,0.00737849,0.493464,0.31813,0.727868,0.595328,0.481627,0.170128,0.798242,0.786383,0.391468,0.574953,1,0.596553,0.492846,0.41724,0.318573,0.313915,0.337748,0.317081,0.385686,0.639082,0.434015,0.278075,0.307358,0.326821
period22,1,1,0.0846154,1,0.0541667,1,1,1,1,0.0846154,0.011859,0.00878698,0.00878698,0.00878698,0.0846154,0.0129042,1,1,0.0541667,0.00850341,0.011859,0.011859,0.00995175,0.00995175,0.00850341,0.102786,0.583342,0.338894,0.0903458,0.527714,0.440241,0.513045,0.168554,0.412807,0.0910594,1,0.222356,0.147969,0.407239,0.411796,0.198769,0.349415,0.611537,0.483858,0.474056,0.38936,0.343839,0.0953123,0.273202
period23,1,1,0.11,1,0.0703889,1,1,1,1,0.11,0.0153889,0.011385,0.011385,0.011385,0.11,0.016691,1,1,0.0703889,0.0110247,0.0153889,0.0153889,0.0128509,0.0128509,0.0110246,0.279222,0.548028,0.118505,0.261038,0.496538,0.185053,0.265129,0.235584,0.484698,0.425312,1,0.193366,0.40613,0.310316,0.357023,0.318633,0.230492,0.431035,0.226405,0.449531,0.382738,0.41384,0.305674,0.191932
period24,1,1,0.157143,1,0.100476,1,1,1,1,0.157143,0.0219048,0.0161633,0.0161633,0.0161633,0.157143,0.0236154,1,1,0.100476,0.0156711,0.0219048,0.0219048,0.0181308,0.0181308,0.0156711,0.319216,0.114825,0.27595,0.299588,0.138119,0.0393253,0.150307,0.595136,0.480812,0.466949,1,0.123851,0.474388,0.24404,0.442883,0.203976,0.189235,0.314883,0.337782,0.320907,0.293142,0.231576,0.328284,0.139017
period25,1,1,0.157143,1,0.100476,1,1,1,1,0.157143,0.0219048,0.0161633,0.0161633,0.0161633,0.157143,0.0236154,1,1,0.100476,0.0156711,0.100476,0.0219048,0.021828,0.021828,0.0156711,0.205878,0.325043,0.31982,0.32907,0.367046,0.38055,0.479905,0.185027,0.0917022,0.0633792,1,0.597127,0.577136,0.347909,0.133828,0.270992,0.273492,0.200604,0.20622,0.356888,0.374549,0.289299,0.230445,0.28787
