period5,0.744872,0.103538,0.00128205,0.629487,0.00266156,0.175219,0.667949,0.00720161,0.00720161,0.00199298,0.00147879,0.00142803,0.00142803,0.00142803,0.00199298,0.00162381,0.00199298,0.00218789,0.00147879,0.00142302,0.00147879,0.00147879,0.00158619,0.00158619,0.00142302,0.449632,0.221861,0.803386,0.883814,0.558216,0.0885038,0.626962,0.762585,0.167651,0.29694,0.588544,0.428998,0.67934,0.469047,0.560667,0.51134,0.363857,0.26685,0.616807,0.379261,0.484967,0.611358,0.412951,0.352117
period6,0.860256,0.103742,0.00128205,0.744872,0.00266309,0.55001,0.757692,0.00882197,0.00882197,0.00215294,0.00149458,0.00142959,0.00142959,0.00142959,0.00215294,0.00164098,0.00215294,0.00236152,0.00149458,0.00142318,0.00149458,0.00149458,0.00158928,0.00158928,0.00142318,0.436442,0.302129,0.444908,0.125827,0.839736,0.459502,0.0589685,0.479783,0.686766,0.538784,0.755493,0.192534,0.0633197,0.405283,0.169657,0.468931,0.453308,0.398164,0.494436,0.579215,0.43187,0.34804,0.4734,0.683496
period7,0.898718,0.293666,0.00128205,0.847436,0.00266115,0.626487,0.821795,0.148323,0.0119731,0.00246401,0.00152529,0.00143263,0.00143263,0.00143263,0.00246401,0.00167437,0.00243137,0.00270158,0.00152529,0.00142348,0.00152529,0.00152529,0.0015953,0.0015953,0.00142348,0.373157,0.150305,0.492053,0.275116,0.497316,0.335752,0.850325,0.563287,0.397103,0.92513,0.799548,0.634824,0.520718,0.794041,0.541771,0.110822,0.424912,0.354133,0.454964,0.400653,0.334425,0.572417,0.773306,0.461521
period8,0.896053,0.599966,0.00131579,0.882895,0.0027277,0.713787,0.896053,0.497019,0.345746,0.00255526,0.00156795,0.00147052,0.00147052,0.00147052,0.00255526,0.00172229,0.286631,0.0234422,0.00156795,0.00146091,0.00156795,0.00156795,0.00163777,0.00163777,0.00146091,0.197887,0.594618,0.357037,0.468247,0.14627,0.453639,0.476059,0.426544,0.413511,0.415024,0.44194,0.40206,0.454981,0.754805,0.41121,0.732444,0.343535,0.706865,0.34032,0.280172,0.446483,0.322863,0.711032,0.532415
period9,0.958571,0.876782,0.00142857,0.944286,0.00294109,0.845626,0.958571,0.752546,0.61742,0.00287254,0.00171172,0.0015973,0.0015973,0.0015973,0.00287254,0.00187996,0.540526,0.0245813,0.00171172,0.00158602,0.00171172,0.00171172,0.00177955,0.00177955,0.00158602,0.269743,0.454341,0.132084,0.727035,0.543531,0.466537,0.47373,0.445666,0.94751,0.391965,0.307286,0.761735,0.480097,0.483217,0.552094,0.539289,0.390638,0.53586,0.265677,0.357665,0.39254,0.26333,0.386692,0.300103
period10,0.997005,0.924239,0.00147059,1,0.0016374,1,1,0.894627,0.864866,0.00281721,0.00174817,0.00164283,0.00164283,0.00164283,0.00281721,0.00191985,0.750751,0.0142737,0.00174817,0.00163246,0.00174817,0.00174817,0.00182898,0.00182898,0.00163246,0.675325,0.854128,0.641324,0.519505,0.64417,0.518223,0.896575,0.577092,0.0478258,0.420446,0.0703642,0.774805,0.140742,0.341957,0.37227,0.763979,0.389589,0.327577,0.342132,0.777331,0.248162,0.716883,0.375996,0.43729
period11,0.999851,1,0.00153846,1,0.00168994,1,1,0.939875,0.924493,0.00302571,0.00183638,0.00171927,0.00171927,0.00171927,0.00302571,0.00201642,0.851938,0.0212462,0.00183638,0.00170774,0.00183638,0.00183638,0.00191457,0.00191457,0.00170774,0.182288,0.363238,0.363221,0.317551,0.563213,0.218596,0.639587,0.526493,0.656028,0.555889,0.502298,0.891708,0.635977,0.796321,0.305801,0.173766,0.547126,0.308456,0.674192,0.0866059,0.285319,0.21404,0.582929,0.265031
period12,0.999971,1,0.0015625,1,0.00171631,1,1,0.998443,0.985912,0.00294934,0.00185283,0.00174489,0.00174489,0.00174489,0.00294934,0.00203337,1,0.183802,0.00185283,0.00173426,0.00185283,0.00185283,0.00194188,0.00194188,0.00173426,0.59701,0.599924,0.591362,0.450871,0.545653,0.743176,0.401618,0.0859134,0.746193,0.23028,0.701121,0.50637,0.223713,0.441981,0.367885,0.459949,0.212401,0.202421,0.412527,0.434075,0.323998,0.679658,0.589522,0.23457
period13,0.99997,1,0.0016129,1,0.00177159,1,1,0.998443,0.985457,0.00304371,0.00191236,0.00180106,0.00180106,0.00180106,0.00304371,0.0020986,1,0.216612,0.00191236,0.0017901,0.00191236,0.00191236,0.00200425,0.00200425,0.0017901,0.460937,0.196357,0.557319,0.418719,0.406073,0.420053,0.356778,0.100784,0.0703883,0.643757,0.413422,0.696416,0.312867,0.607983,0.628918,0.309927,0.203098,0.193214,0.430328,0.482388,0.880609,0.189507,0.743698,0.299379
period14,0.999968,1,0.00172414,1,0.00189358,1,1,0.998358,0.984455,0.00325188,0.00204372,0.00192499,0.00192499,0.00192499,0.00325188,0.00224249,1,0.296891,0.00204372,0.00191332,0.00204372,0.00204372,0.00214185,0.00214185,0.00191332,0.417611,0.480591,0.513724,0.540494,0.51154,0.64366,0.862033,0.170521,0.703043,0.198371,0.0795115,0.372442,0.820525,0.521918,0.583407,0.358617,0.670137,0.641509,0.717228,0.625453,0.493343,0.371418,0.21585,0.476497
period15,0.999963,1,0.00196078,1,0.00215302,1,1,0.99812,0.982321,0.00369405,0.00232295,0.00218852,0.00218852,0.00218852,0.00369405,0.00254824,1,0.357368,0.00232295,0.00217535,0.00232295,0.00232295,0.00243431,0.00243431,0.00217535,0.257558,0.544185,0.776511,0.371555,0.595929,0.350956,0.89219,0.484098,0.226844,0.548907,0.436705,0.0881502,0.564679,0.092057,0.322938,0.3584,0.338279,0.527355,0.436675,0.66902,0.473397,0.386433,0.301036,0.548355
period16,0.999961,1,0.00208333,1,0.00228733,1,1,0.997996,0.981216,0.00392264,0.00246743,0.00232494,0.00232494,0.00232494,0.00392264,0.00270639,1,0.421505,0.00246743,0.00231098,0.00246743,0.00246743,0.00258562,0.00258562,0.00231098,0.340999,0.25264,0.69431,0.240858,0.310101,0.32979,0.819349,0.566481,0.156721,0.48478,0.360575,0.111603,0.412547,0.146376,0.617012,0.275882,0.704492,0.477244,0.520022,0.343756,0.269693,0.241195,0.438956,0.2797
period17,0.999952,1,0.0025,1,0.00274375,1,1,0.997566,0.977458,0.00469784,0.00295804,0.00278841,0.00278841,0.00278841,0.00469784,0.0032431,1,0.506021,0.00295804,0.00277187,0.00295804,0.00295804,0.00309935,0.00309935,0.00277187,0.400516,0.18324,0.397697,0.713757,0.363594,0.783113,0.61382,0.238358,0.407841,0.0282343,0.743344,0.356769,0.776555,0.412907,0.367275,0.584921,0.484378,0.477197,0.430574,0.490554,0.407139,0.362662,0.528376,0.330471
period18,1,1,0.034375,1,0.00483367,1,1,1,1,0.034375,0.00483367,0.00359326,0.00359326,0.00359326,0.003125,0.00389453,1,0.616129,0.00483367,0.0034731,0.00342773,0.00342773,0.00383023,0.00383023,0.0034731,0.801958,0.303212,0.172489,0.344728,0.140143,0.554293,0.231898,0.678152,0.215871,0.465627,0.131028,0.703445,0.479764,0.733618,0.120704,0.36888,0.124564,0.641706,0.194495,0.419543,0.451088,0.427746,0.111472,0.215214
