period6,0.538579,1,1,1,0.573514,0.0730317,0.0337605,0.00117585,0.0499377,0.00547604,0.086802,0.0492129,0.0499377,0.00547604,0.00609922,0.00547604,0.416757,0.254897,0.00117585,0.00547604,0.00105244,0.00105244,0.00105244,0.00547604,0.00547604,0.00111444,0.000624602,0.000624602,0.939989,0.386928,0.595428,0.251582,0.291243,0.407387,0.616598,0.697405,0.558644,0.473628,0.628461,0.440371,0.474376,0.115966,0.82198,0.353876,0.474198,0.413544,0.265879
period7,0.853299,1,1,1,0.573514,0.0508269,0.0416747,0.0241227,0.0508269,0.00101315,0.162944,0.0948174,0.00966423,0.00101315,0.0019238,0.00146913,0.422162,0.389276,0.000970103,0.00101315,0.000608415,0.000608415,0.000653782,0.00146913,0.00146913,0.000699018,0.000910315,0.000604132,0.249641,0.153769,0.12194,0.491202,0.480543,0.33952,0.399052,0.450925,0.847814,0.517841,0.459943,0.622747,0.556411,0.199613,0.299437,0.178311,0.551727,0.456298,0.212913
period8,0.924365,1,1,1,0.573514,0.0501511,0.0411276,0.0375222,0.273106,0.00597043,0.213706,0.140161,0.00556023,0.00597043,0.00151327,0.00106081,0.432973,0.471287,0.000964314,0.00100487,0.000805679,0.00379089,0.000613157,0.00106081,0.00106081,0.000658173,0.000926161,0.000603556,0.759558,0.261772,0.582238,0.462498,0.613234,0.747092,0.632709,0.729646,0.562475,0.328342,0.324777,0.655577,0.575787,0.365051,0.602529,0.631236,0.318725,0.441539,0.455977
period9,0.939594,1,1,1,0.726842,0.049773,0.0457989,0.0376046,0.334739,0.148683,0.315228,0.201153,0.0055541,0.0157719,0.00151389,0.0010602,0.447895,0.482136,0.00554543,0.001004,0.0201743,0.00878759,0.000613096,0.0010602,0.0010602,0.000658235,0.000927033,0.000784646,0.649729,0.634009,0.299505,0.61612,0.226634,0.225099,0.480417,0.517966,0.600738,0.39365,0.529694,0.497876,0.381159,0.23058,0.146595,0.627025,0.276123,0.674963,0.78805
period10,0.959898,1,1,1,0.901563,0.0644013,0.0455866,0.0374328,0.377739,0.309162,0.548731,0.272859,0.00471793,0.0258583,0.00143014,0.000977012,0.448437,0.586631,0.00552219,0.00100707,0.202203,0.0138675,0.00060482,0.000977012,0.000977012,0.000649903,0.000925215,0.000783496,0.623183,0.571178,0.688304,0.445648,0.369013,0.423225,0.399168,0.358958,0.413199,0.531651,0.620398,0.444673,0.534939,0.424112,0.431,0.275515,0.326188,0.531942,0.859731
period11,0.970051,1,1,1,0.933161,0.17891,0.050701,0.037842,0.388959,0.35506,0.665482,0.535413,0.00386854,0.0359145,0.00135242,0.000892504,0.446114,0.829063,0.0147961,0.00100787,0.287026,0.0278922,0.000596412,0.000892504,0.000892504,0.000642169,0.000929545,0.00087774,0.378442,0.364961,0.717504,0.129013,0.20246,0.316154,0.644503,0.604266,0.675463,0.577333,0.723622,0.169452,0.629706,0.631018,0.58339,0.255823,0.571382,0.253354,0.426381
period12,0.989947,1,1,1,0.947619,0.502392,0.109818,0.040963,0.403372,0.352707,0.730688,0.642377,0.00207628,0.0424213,0.0012351,0.00073563,0.455556,0.888053,0.020996,0.00104985,0.333306,0.0339947,0.000602274,0.00073563,0.00073563,0.000651957,0.000984999,0.000949112,0.741079,0.511815,0.677726,0.53622,0.167278,0.337331,0.643107,0.0448264,0.672309,0.507042,0.421992,0.283456,0.363794,0.56188,0.356475,0.358858,0.511384,0.627532,0.228065
period13,0.995238,1,1,1,0.947619,0.567385,0.459127,0.0423213,0.509751,0.380766,0.767725,0.70042,0.00152145,0.0426654,0.00120199,0.000680441,0.455556,0.913191,0.0371625,0.00105303,0.345796,0.0389277,0.000596785,0.000680441,0.000680441,0.000648664,0.00099934,0.000993563,0.326796,0.132298,0.713224,0.551001,0.903503,0.720924,0.480462,0.497799,0.32681,0.6113,0.651989,0.426736,0.479402,0.475831,0.452851,0.528978,0.451263,0.47912,0.0786928
period14,0.995238,1,1,1,0.947619,0.604062,0.521799,0.0423845,0.72457,0.392016,0.788889,0.73735,0.00152145,0.0584014,0.00120442,0.000680441,0.455556,0.92367,0.125046,0.00106133,0.372433,0.0399499,0.000596785,0.000680441,0.000680441,0.000648905,0.00100001,0.00103046,0.520974,0.29993,0.484514,0.66068,0.815821,0.663606,0.092665,0.755252,0.335138,0.441167,0.416833,0.394662,0.338992,0.645048,0.189709,0.282214,0.620412,0.673603,0.433281
period15,0.994798,1,1,1,0.965896,0.676555,0.56969,0.0575585,0.802384,0.399514,0.815607,0.770808,0.00165762,0.0865279,0.00131716,0.000742839,0.474566,0.95109,0.317021,0.0011679,0.378152,0.0551989,0.000651889,0.000742839,0.000742839,0.000708989,0.00110144,0.0400724,0.492702,0.62367,0.173658,0.804128,0.415033,0.419307,0.51372,0.605707,0.573591,0.539583,0.656031,0.609995,0.527705,0.466614,0.456535,0.627416,0.683353,0.623861,0.33579
period16,0.994545,1,1,1,0.976364,0.709032,0.644706,0.0781063,0.846895,0.40679,0.806762,0.746573,0.0257088,0.162264,0.00246788,0.00111933,0.485455,0.960782,0.438905,0.072803,0.3962,0.0823184,0.000717315,0.00111933,0.00111933,0.000851353,0.00116441,0.0831307,1,0.866167,0.859144,0.115375,0.433338,0.444507,0.600545,0.289371,0.656184,0.682156,0.772906,0.441466,0.386148,0.562098,0.434475,0.197596,0.538372,0.438181,0.494907
period17,0.99441,1,1,1,0.99441,0.732619,0.666709,0.098223,0.880025,0.520737,0.877587,0.818389,0.167561,0.325176,0.00439091,0.00121966,0.491304,0.966012,0.492188,0.215173,0.394816,0.199946,0.000742326,0.00121966,0.00121966,0.00105748,0.0011997,0.0912693,1,0.426627,0.26297,0.268182,0.549743,0.176604,0.863261,0.574274,0.643309,0.453512,0.842968,0.732613,0.548046,0.434157,0.393054,0.703335,0.612852,0.69485,0.565607
period18,0.999818,1,1,1,0.999818,0.956081,0.888765,0.136536,0.90515,0.622799,0.99925,1,0.265926,0.474193,0.00325186,0.00799267,0.490476,1,0.695188,0.278302,0.389768,0.321932,0.00107909,0.00134451,0.00134451,0.00100325,0.00146229,0.143694,1,0.267024,0.158537,0.155711,0.684792,1,0.328454,0.630794,0.18497,0.598802,0.518572,0.222029,0.382415,0.399393,0.134378,0.427397,0.714946,0.843745,0.877064
period19,0.99909,1,1,1,0.99909,0.744359,0.680168,0.145476,0.918949,0.703335,0.999658,1,0.321495,0.602034,0.00704088,0.0157327,0.489781,1,0.524801,0.327072,0.432073,0.52465,0.00649774,0.00144401,0.00144401,0.00142888,0.00137557,0.105146,1,0.772107,0.808096,0.839576,0.499295,1,0.363935,0.295535,0.1832,0.540684,0.314649,0.76662,0.2713,0.177645,0.09161,0.462803,0.817981,0.28717,0.0840646
period20,0.999298,1,1,1,0.999298,0.865845,0.815505,0.30211,0.905709,0.729657,0.998608,1,0.402141,0.687334,0.00589031,0.0268257,0.488034,1,0.645481,0.357216,0.429441,0.605219,0.00823072,0.0100698,0.0100698,0.0014387,0.0100822,0.0866251,1,0.0494151,0.288198,0.145325,0.288713,1,0.511608,0.36181,0.422994,0.331738,0.611394,0.83256,0.295271,0.367767,0.287308,0.632828,0.509023,0.609302,0.395022
period21,1,1,1,1,0.999823,0.779742,0.740669,0.380828,0.998279,0.837968,0.999519,1,0.496191,0.998575,0.0152782,0.0477955,1,1,0.603029,0.414456,0.470536,1,0.00969604,0.0110406,0.0386068,0.00244812,0.0342362,0.0753238,1,0.47362,1,0.468156,0.300672,1,0.339656,0.247686,0.51894,0.16871,0.17777,0.484189,0.0996482,0.524621,0.468202,0.803954,0.157939,0.665803,0.536576
period22,1,1,1,1,0.999566,0.446707,0.436578,0.280506,0.998369,0.829671,0.998667,1,0.534097,0.99862,0.0177901,0.114329,1,1,0.35812,0.410357,0.456106,1,0.0194209,0.0206281,0.0674787,0.00271445,0.0358368,0.046045,1,0.515173,1,0.651309,0.220405,1,0.453145,0.392118,0.51148,0.228059,0.384952,0.703792,0.526218,0.607092,0.353683,0.47753,0.374213,0.445218,0.300433
period23,1,1,1,1,0.999842,0.868766,0.832432,0.566769,0.998396,0.862857,0.998721,1,0.546394,0.998615,0.0117068,0.190756,1,1,0.691155,0.43197,0.46966,1,0.0305787,0.0318048,0.131149,0.00216895,0.105935,0.0778337,1,0.804712,1,0.544331,0.751779,1,0.557292,0.453524,0.322672,0.030149,0.0642345,0.382581,0.419987,0.388535,0.534943,0.414161,0.591507,0.580489,0.379893
period24,1,1,1,1,0.999988,0.999305,0.999984,1,0.999918,0.877458,0.997911,1,0.60322,0.999043,0.00242746,0.224369,1,1,1,1,0.501746,1,0.0734874,0.0338791,0.171455,0.00131541,0.225862,0.0986111,1,0.406363,1,0.351849,0.48355,1,0.390504,0.289828,0.851839,0.388512,0.493165,0.373632,0.614381,0.529569,0.649776,0.231507,0.548077,0.0567311,0.0233982
period25,1,1,1,1,0.999985,0.998563,0.99996,1,0.999828,0.903511,0.997963,1,0.699991,0.998773,0.00268935,0.358314,1,1,1,1,0.48415,1,0.0832762,0.0498435,0.215943,0.00147051,0.312069,0.0859155,1,0.595282,1,0.112162,0.0273021,1,0.500438,0.679942,0.837717,0.136221,0.553271,0.574816,0.595887,0.20437,0.719144,0.9022,0.156633,0.413397,0.416628
