period5,0.744872,0.103538,0.00128205,0.629487,0.00266156,0.175219,0.667949,0.00720161,0.00720161,0.00199298,0.00147879,0.00142803,0.00142803,0.00142803,0.00199298,0.00162381,0.00199298,0.00218789,0.00147879,0.00142302,0.00147879,0.00147879,0.00158619,0.00158619,0.00142302,0.449632,0.221861,0.803386,0.883814,0.558216,0.0885038,0.626962,0.762585,0.167651,0.29694,0.588544,0.428998,0.67934,0.469047,0.560667,0.51134,0.363857,0.26685,0.616807,0.379261,0.484967,0.611358,0.412951,0.352117
period6,0.860256,0.103742,0.00128205,0.744872,0.00266309,0.55001,0.757692,0.00882197,0.00882197,0.00215294,0.00149458,0.00142959,0.00142959,0.00142959,0.00215294,0.00164098,0.00215294,0.00236152,0.00149458,0.00142318,0.00149458,0.00149458,0.00158928,0.00158928,0.00142318,0.436442,0.302129,0.444908,0.125827,0.839736,0.459502,0.0589685,0.479783,0.686766,0.538784,0.755493,0.192534,0.0633197,0.405283,0.169657,0.468931,0.453308,0.398164,0.494436,0.579215,0.43187,0.34804,0.4734,0.683496
period7,0.898718,0.293666,0.00128205,0.847436,0.00266115,0.626487,0.821795,0.148323,0.0119731,0.00246401,0.00152529,0.00143263,0.00143263,0.00143263,0.00246401,0.00167437,0.00243137,0.00270158,0.00152529,0.00142348,0.00152529,0.00152529,0.0015953,0.0015953,0.00142348,0.373157,0.150305,0.492053,0.275116,0.497316,0.335752,0.850325,0.563287,0.397103,0.92513,0.799548,0.634824,0.520718,0.794041,0.541771,0.110822,0.424912,0.354133,0.454964,0.400653,0.334425,0.572417,0.773306,0.461521
period8,0.896053,0.599966,0.00131579,0.882895,0.0027277,0.713787,0.896053,0.497019,0.345746,0.00255526,0.00156795,0.00147052,0.00147052,0.00147052,0.00255526,0.00172229,0.286631,0.0234422,0.00156795,0.00146091,0.00156795,0.00156795,0.00163777,0.00163777,0.00146091,0.197887,0.594618,0.357037,0.468247,0.14627,0.453639,0.476059,0.426544,0.413511,0.415024,0.44194,0.40206,0.454981,0.754805,0.41121,0.732444,0.343535,0.706865,0.34032,0.280172,0.446483,0.322863,0.711032,0.532415
period9,0.958571,0.876782,0.00142857,0.944286,0.00294109,0.845626,0.958571,0.752546,0.61742,0.00287254,0.00171172,0.0015973,0.0015973,0.0015973,0.00287254,0.00187996,0.540526,0.0245813,0.00171172,0.00158602,0.00171172,0.00171172,0.00177955,0.00177955,0.00158602,0.269743,0.454341,0.132084,0.727035,0.543531,0.466537,0.47373,0.445666,0.94751,0.391965,0.307286,0.761735,0.480097,0.483217,0.552094,0.539289,0.390638,0.53586,0.265677,0.357665,0.39254,0.26333,0.386692,0.300103
period10,0.997005,0.924239,0.00147059,1,0.0016374,1,0.972059,0.87242,0.843491,0.00299474,0.00176566,0.00164456,0.00164456,0.00164456,0.00299474,0.00193902,0.732426,0.0143732,0.00176566,0.00163263,0.00176566,0.00176566,0.00183242,0.00183242,0.00163263,0.675325,0.854128,0.641324,0.519431,0.644073,0.518223,0.896575,0.574855,0.0478351,0.420389,0.0703642,0.774805,0.14593,0.343311,0.368883,0.76538,0.387106,0.325965,0.339072,0.777127,0.255967,0.713546,0.376783,0.437202
period11,0.998556,0.969512,0.00153846,1,0.00168994,1,0.986154,0.927173,0.912023,0.00325466,0.00185892,0.00172149,0.00172149,0.00172149,0.00325466,0.00204109,0.840763,0.0213293,0.00185892,0.00170796,0.00185892,0.00185892,0.001919,0.001919,0.00170796,0.182288,0.363238,0.363221,0.317501,0.563106,0.218595,0.639587,0.522766,0.655901,0.555784,0.501777,0.890683,0.631116,0.790709,0.304938,0.173586,0.541956,0.307566,0.668531,0.0867938,0.285123,0.213999,0.578384,0.263998
period12,0.99997,1,0.0015625,1,0.00171631,1,0.997156,0.997044,0.983392,0.00319739,0.00187724,0.00174729,0.00174729,0.00174729,0.00319739,0.00205991,1,0.183588,0.00187724,0.0017345,0.00187724,0.00187724,0.00194665,0.00194665,0.0017345,0.59701,0.599924,0.591362,0.450784,0.545542,0.743174,0.401618,0.0859494,0.746032,0.230248,0.701121,0.50637,0.22354,0.441501,0.3672,0.460062,0.212114,0.202373,0.411728,0.433605,0.323426,0.679666,0.588271,0.234401
period13,0.99997,1,0.0016129,1,0.00177159,1,0.997107,0.997042,0.982895,0.00329577,0.00193716,0.0018035,0.0018035,0.0018035,0.00329577,0.00212555,1,0.216309,0.00193716,0.00179034,0.00193716,0.00193716,0.00200909,0.00200909,0.00179034,0.460937,0.196357,0.557319,0.418638,0.405995,0.420052,0.356778,0.100782,0.0703958,0.64362,0.413422,0.696415,0.312568,0.607271,0.627543,0.309444,0.20283,0.193022,0.42947,0.48238,0.87858,0.189935,0.742024,0.299604
period14,0.999968,1,0.00172414,1,0.00189358,1,1,0.998358,0.984455,0.00325188,0.00204372,0.00192499,0.00192499,0.00192499,0.00325188,0.00224249,1,0.296891,0.00204372,0.00191332,0.00204372,0.00204372,0.00214185,0.00214185,0.00191332,0.417611,0.480591,0.513724,0.540494,0.51154,0.64366,0.862033,0.170521,0.703043,0.198371,0.0795115,0.372442,0.820525,0.521918,0.583407,0.358617,0.670137,0.641509,0.717228,0.625453,0.493343,0.371418,0.21585,0.476497
period15,0.999987,1,0.00196078,1,0.00215302,1,1,0.998131,0.995053,0.00244579,0.00220057,0.00217653,0.00217653,0.00217653,0.00244579,0.00241533,1,1,0.00220057,0.00217417,0.00220057,0.00220057,0.00241051,0.00241051,0.00217417,0.257558,0.544185,0.776511,0.371895,0.59655,0.350959,0.89219,0.489077,0.227003,0.54947,0.436713,0.08815,0.564684,0.0920569,0.325828,0.359595,0.341367,0.527293,0.441039,0.66783,0.478237,0.389449,0.303641,0.547148
period16,0.999988,1,0.00208333,1,0.00228733,1,1,0.998008,0.995543,0.0025197,0.00233005,0.00231148,0.00231148,0.00231148,0.0025197,0.00255722,1,1,0.00233005,0.00230967,0.00233005,0.00233005,0.00255894,0.00255894,0.00230967,0.340999,0.25264,0.69431,0.241056,0.310397,0.329793,0.819349,0.573293,0.156801,0.485322,0.360582,0.111603,0.412551,0.146376,0.624562,0.275692,0.713318,0.474406,0.526155,0.346253,0.272171,0.242661,0.443906,0.28247
period17,0.999987,1,0.0025,1,0.00274375,1,1,0.997583,0.995545,0.00293434,0.0027861,0.00277164,0.00277164,0.00277164,0.00293434,0.00305654,1,1,0.0027861,0.00277024,0.0027861,0.0027861,0.00306612,0.00306612,0.00277024,0.400516,0.18324,0.397697,0.714845,0.364061,0.783124,0.61382,0.240918,0.408386,0.0281072,0.743366,0.356777,0.776567,0.412912,0.372221,0.585209,0.491491,0.477956,0.436691,0.491084,0.412823,0.363905,0.536303,0.329549
period18,0.999985,1,0.034375,1,0.00483367,1,1,0.996925,0.995316,0.0346824,0.00484805,0.00359465,0.00359465,0.00359465,0.00357877,0.00393953,1,1,0.00484805,0.00347323,0.00347169,0.00347169,0.00383841,0.00383841,0.00347323,0.801958,0.303212,0.172489,0.344665,0.140127,0.554292,0.231898,0.675444,0.215819,0.465461,0.131028,0.703436,0.478597,0.73167,0.120607,0.368862,0.124449,0.641758,0.194052,0.419662,0.449444,0.427327,0.111418,0.215197
period19,1,1,0.0407407,1,0.0057265,1,1,1,1,0.0407407,0.0057265,0.00425514,0.00425514,0.00425514,0.0037037,0.00460975,1,1,0.0057265,0.00411346,0.00406036,0.00406036,0.00453352,0.00453352,0.00411346,0.0859624,0.0247959,0.488752,0.582177,0.425584,0.504604,0.502071,0.254719,0.190291,0.885414,0.467266,0.493398,0.393144,0.491895,0.29921,0.492611,0.346215,0.495576,0.802806,0.453406,0.489276,0.46879,0.463067,0.416633
period20,1,1,0.05,1,0.0320238,1,1,1,1,0.05,0.00702381,0.00521591,0.00521591,0.00521591,0.00454545,0.00564675,1,1,0.00702381,0.00504334,0.00497934,0.00497934,0.00555317,0.00555317,0.00504334,0.838487,0.45429,0.196303,0.462926,0.621609,0.849104,0.579826,0.418937,0.695654,0.413723,0.624455,0.624914,0.364475,0.426189,0.756114,0.504251,0.373622,0.539435,0.497791,0.375818,0.287409,0.282658,0.386604,0.410059
period21,1,1,0.0733333,1,0.0469524,1,1,1,1,0.0733333,0.0102857,0.00762667,0.00762667,0.00762667,0.00666667,0.00824249,1,1,0.0102857,0.00737849,0.00728889,0.00728889,0.00810533,0.00810533,0.00737849,0.493464,0.31813,0.727868,0.595328,0.481627,0.170128,0.798242,0.786383,0.391468,0.574953,0.323189,0.596553,0.492846,0.41724,0.318573,0.313915,0.337748,0.317081,0.385686,0.639082,0.434015,0.278075,0.307358,0.326821
period22,1,1,0.0846154,1,0.0541667,1,1,1,1,0.0846154,0.011859,0.00878698,0.00878698,0.00878698,0.0846154,0.0129042,1,1,0.0541667,0.00850341,0.011859,0.011859,0.00995175,0.00995175,0.00850341,0.102786,0.583342,0.338894,0.0903458,0.527714,0.440241,0.513045,0.168554,0.412807,0.0910594,0.686578,0.222356,0.147969,0.407239,0.411796,0.198769,0.349415,0.611537,0.483858,0.474056,0.38936,0.343839,0.0953123,0.273202
period23,1,1,0.11,1,0.0703889,1,1,1,1,0.11,0.0153889,0.011385,0.011385,0.011385,0.11,0.016691,1,1,0.0703889,0.0110246,0.0153889,0.0153889,0.0128509,0.0128509,0.0110246,0.279222,0.548028,0.118505,0.261038,0.496538,0.185053,0.265129,0.235584,0.484698,0.425312,0.371208,0.193366,0.40613,0.310316,0.357023,0.318633,0.230492,0.431035,0.226405,0.449531,0.382738,0.41384,0.305674,0.191932
period24,1,1,0.157143,1,0.100476,1,1,1,1,0.157143,0.0219048,0.0161633,0.0161633,0.0161633,0.157143,0.0236154,1,1,0.100476,0.0156711,0.0219048,0.0219048,0.0181308,0.0181308,0.0156711,0.319216,0.114825,0.27595,0.299588,0.138119,0.0393253,0.150307,0.595136,0.480812,0.466949,0.60823,0.123851,0.474388,0.24404,0.442883,0.203976,0.189235,0.314883,0.337782,0.320907,0.293142,0.231576,0.328284,0.139017
