period5,0.744872,0.103538,0.00128205,0.629487,0.00266156,0.175219,0.667949,0.00720161,0.00720161,0.00199298,0.00147879,0.00142803,0.00142803,0.00142803,0.00199298,0.00162381,0.00199298,0.00218789,0.00147879,0.00142302,0.00147879,0.00147879,0.00158619,0.00158619,0.00142302,0.449632,0.221861,0.803386,0.883814,0.558216,0.0885038,0.626962,0.762585,0.167651,0.29694,0.588544,0.428998,0.67934,0.469047,0.560667,0.51134,0.363857,0.26685,0.616807,0.379261,0.484967,0.611358,0.412951,0.352117
period6,0.860256,0.103742,0.00128205,0.744872,0.00266309,0.55001,0.757692,0.00882197,0.00882197,0.00215294,0.00149458,0.00142959,0.00142959,0.00142959,0.00215294,0.00164098,0.00215294,0.00236152,0.00149458,0.00142318,0.00149458,0.00149458,0.00158928,0.00158928,0.00142318,0.436442,0.302129,0.444908,0.125827,0.839736,0.459502,0.0589685,0.479783,0.686766,0.538784,0.755493,0.192534,0.0633197,0.405283,0.169657,0.468931,0.453308,0.398164,0.494436,0.579215,0.43187,0.34804,0.4734,0.683496
period7,0.898718,0.293666,0.00128205,0.847436,0.00266115,0.626487,0.821795,0.148323,0.0119731,0.00246401,0.00152529,0.00143263,0.00143263,0.00143263,0.00246401,0.00167437,0.00243137,0.00270158,0.00152529,0.00142348,0.00152529,0.00152529,0.0015953,0.0015953,0.00142348,0.373157,0.150305,0.492053,0.275116,0.497316,0.335752,0.850325,0.563287,0.397103,0.92513,0.799548,0.634824,0.520718,0.794041,0.541771,0.110822,0.424912,0.354133,0.454964,0.400653,0.334425,0.572417,0.773306,0.461521
period8,0.896053,0.599966,0.00131579,0.882895,0.0027277,0.713787,0.896053,0.497019,0.345746,0.00255526,0.00156795,0.00147052,0.00147052,0.00147052,0.00255526,0.00172229,0.286631,0.0234422,0.00156795,0.00146091,0.00156795,0.00156795,0.00163777,0.00163777,0.00146091,0.197887,0.594618,0.357037,0.468247,0.14627,0.453639,0.476059,0.426544,0.413511,0.415024,0.44194,0.40206,0.454981,0.754805,0.41121,0.732444,0.343535,0.706865,0.34032,0.280172,0.446483,0.322863,0.711032,0.532415
period9,0.958571,0.876782,0.00142857,0.944286,0.00294109,0.845626,0.958571,0.752546,0.61742,0.00287254,0.00171172,0.0015973,0.0015973,0.0015973,0.00287254,0.00187996,0.540526,0.0245813,0.00171172,0.00158602,0.00171172,0.00171172,0.00177955,0.00177955,0.00158602,0.269743,0.454341,0.132084,0.727035,0.543531,0.466537,0.47373,0.445666,0.94751,0.391965,0.307286,0.761735,0.480097,0.483217,0.552094,0.539289,0.390638,0.53586,0.265677,0.357665,0.39254,0.26333,0.386692,0.300103
period10,0.972059,0.902365,0.00147059,0.972059,0.00299076,0.909471,0.972059,0.853059,0.824853,0.00314952,0.00178091,0.00164606,0.00164606,0.00164606,0.00314952,0.00195573,0.716449,0.0144579,0.00178091,0.00163277,0.00178091,0.00178091,0.00183542,0.00183542,0.00163277,0.675325,0.854128,0.641324,0.519365,0.643989,0.518222,0.896575,0.572905,0.0478432,0.420339,0.0726494,0.759466,0.150452,0.344492,0.36593,0.766603,0.384941,0.324559,0.336405,0.77695,0.262773,0.710637,0.377469,0.437126
period11,0.999808,1,0.00153846,0.986154,0.00305116,0.958548,1,0.998202,0.924457,0.00302636,0.00183644,0.00171928,0.00171928,0.00171928,0.00302636,0.00201648,1,0.0219361,0.00183644,0.00170774,0.00183644,0.00183644,0.00191459,0.00191459,0.00170774,0.182288,0.363238,0.363221,0.317551,0.563212,0.218596,0.639587,0.526482,0.656028,0.555889,0.502281,0.891675,0.6583,0.822089,0.305798,0.173765,0.547111,0.308453,0.674176,0.0866065,0.285318,0.214039,0.582916,0.265028
period12,0.999711,1,0.0015625,0.985937,0.00309842,0.973226,1,0.998316,0.985681,0.002972,0.00185506,0.00174511,0.00174511,0.00174511,0.002972,0.0020358,1,0.183783,0.00185506,0.00173428,0.00185506,0.00185506,0.00194231,0.00194231,0.00173428,0.59701,0.599924,0.591362,0.450863,0.545643,0.743176,0.401618,0.0859167,0.746178,0.230277,0.700965,0.506264,0.223697,0.441937,0.367822,0.459959,0.212375,0.202417,0.412454,0.434032,0.323946,0.679658,0.589407,0.234555
period13,0.999706,1,0.0016129,0.985484,0.00319749,0.972373,1,0.998315,0.985223,0.00306675,0.00191463,0.00180128,0.00180128,0.00180128,0.00306675,0.00210106,1,0.216585,0.00191463,0.00179013,0.00191463,0.00191463,0.00200469,0.00200469,0.00179013,0.460937,0.196357,0.557319,0.418711,0.406066,0.420053,0.356778,0.100784,0.070389,0.643744,0.413339,0.696258,0.312839,0.607918,0.628792,0.309883,0.203074,0.193196,0.43025,0.482387,0.880424,0.189546,0.743545,0.2994
period14,0.999687,1,0.00172414,0.984483,0.00341592,0.970485,1,0.998223,0.984206,0.00327634,0.00204612,0.00192522,0.00192522,0.00192522,0.00327634,0.0022451,1,0.296841,0.00204612,0.00191334,0.00204612,0.00204612,0.00214232,0.00214232,0.00191334,0.417611,0.480591,0.513724,0.540483,0.51153,0.64366,0.862033,0.170504,0.703028,0.198369,0.0795173,0.372366,0.820427,0.521861,0.583284,0.358646,0.669993,0.641409,0.717072,0.625467,0.493244,0.371417,0.215821,0.476508
period15,0.999641,1,0.00196078,0.982353,0.00387973,0.966471,1,0.997965,0.982036,0.00372198,0.00232568,0.00218879,0.00218879,0.00218879,0.00372198,0.00255121,1,0.357293,0.00232568,0.00217537,0.00232568,0.00232568,0.00243484,0.00243484,0.00217537,0.257558,0.544185,0.776511,0.371547,0.595915,0.350956,0.89219,0.483987,0.22684,0.548895,0.436596,0.0881541,0.564606,0.0920582,0.322873,0.358374,0.33821,0.527357,0.436577,0.669047,0.473289,0.386365,0.300977,0.548382
period16,0.999616,1,0.00208333,0.98125,0.00411944,0.964395,1,0.99783,0.980912,0.00395236,0.00247034,0.00232522,0.00232522,0.00232522,0.00395236,0.00270955,1,0.421405,0.00247034,0.00231101,0.00247034,0.00247034,0.00258619,0.00258619,0.00231101,0.340999,0.25264,0.69431,0.240854,0.310095,0.32979,0.819349,0.566337,0.156719,0.484769,0.360485,0.111599,0.412495,0.146368,0.616852,0.275886,0.704305,0.477304,0.519892,0.343703,0.26964,0.241164,0.438851,0.279642
period17,1,1,0.0025,0.997651,0.00297223,1,1,1,1,0.0025,0.00274375,0.00276752,0.00276752,0.00276752,0.0025,0.0030106,1,1,0.00274375,0.00276983,0.00274375,0.00274375,0.00305794,0.00305794,0.00276983,0.400516,0.18324,0.397697,0.715112,0.364176,0.783127,0.61382,0.241549,0.408521,0.0280758,0.743374,0.356781,0.778206,0.413671,0.373439,0.58528,0.493243,0.478144,0.438198,0.491215,0.414222,0.364211,0.538255,0.329322
period18,1,1,0.034375,0.997031,0.0051162,1,1,1,1,0.034375,0.00483367,0.00359326,0.00359326,0.00359326,0.003125,0.00389453,1,1,0.00483367,0.0034731,0.00342773,0.00342773,0.00383023,0.00383023,0.0034731,0.801958,0.303212,0.172489,0.344728,0.140143,0.554293,0.231898,0.678152,0.215871,0.465627,0.131028,0.703445,0.479764,0.733618,0.120704,0.36888,0.124564,0.641706,0.194495,0.419543,0.451088,0.427746,0.111472,0.215214
period19,1,1,0.0407407,0.996445,0.00606159,1,1,1,1,0.0407407,0.0057265,0.00425514,0.00425514,0.00425514,0.0037037,0.00460975,1,1,0.0057265,0.00411346,0.00406036,0.00406036,0.00453352,0.00453352,0.00411346,0.0859624,0.0247959,0.488752,0.582177,0.425584,0.504604,0.502071,0.254719,0.190291,0.885414,0.467266,0.493398,0.393144,0.491895,0.29921,0.492611,0.346215,0.495576,0.802806,0.453406,0.489276,0.46879,0.463067,0.416633
period20,1,1,0.05,0.995572,0.0323248,1,1,1,1,0.05,0.00702381,0.00521591,0.00521591,0.00521591,0.00454545,0.00564675,1,1,0.00702381,0.00504334,0.00497934,0.00497934,0.00555317,0.00555317,0.00504334,0.838487,0.45429,0.196303,0.462926,0.621609,0.849104,0.579826,0.418937,0.695654,0.413723,0.624455,0.624914,0.364475,0.426189,0.756114,0.504251,0.373622,0.539435,0.497791,0.375818,0.287409,0.282658,0.386604,0.410059
period21,1,1,0.0733333,0.993255,0.0473102,1,1,1,1,0.0733333,0.0102857,0.00762667,0.00762667,0.00762667,0.00666667,0.00824249,1,1,0.0102857,0.00737849,0.00728889,0.00728889,0.00810533,0.00810533,0.00737849,0.493464,0.31813,0.727868,0.595328,0.481627,0.170128,0.798242,0.786383,0.391468,0.574953,0.323189,0.596553,0.492846,0.41724,0.318573,0.313915,0.337748,0.317081,0.385686,0.639082,0.434015,0.278075,0.307358,0.326821
period22,1,1,0.0846154,0.992072,0.05453,1,1,1,1,0.0846154,0.011859,0.00878698,0.00878698,0.00878698,0.0846154,0.0129042,1,1,0.0541667,0.00850341,0.011859,0.011859,0.00995175,0.00995175,0.00850341,0.102786,0.583342,0.338894,0.0903458,0.527714,0.440241,0.513045,0.168554,0.412807,0.0910594,0.686578,0.222356,0.147969,0.407239,0.411796,0.198769,0.349415,0.611537,0.483858,0.474056,0.38936,0.343839,0.0953123,0.273202
period23,1,1,0.11,0.989249,0.0707072,1,1,1,1,0.11,0.0153889,0.011385,0.011385,0.011385,0.11,0.016691,1,1,0.0703889,0.0110247,0.0153889,0.0153889,0.0128509,0.0128509,0.0110247,0.279222,0.548028,0.118505,0.261038,0.496538,0.185053,0.265129,0.235584,0.484698,0.425312,0.371208,0.193366,0.40613,0.310316,0.357023,0.318633,0.230492,0.431035,0.226405,0.449531,0.382738,0.41384,0.305674,0.191932
