period5,0.744872,0.103538,0.00128205,0.629487,0.00266156,0.175219,0.667949,0.00720161,0.00720161,0.00199298,0.00147879,0.00142803,0.00142803,0.00142803,0.00199298,0.00162381,0.00199298,0.00218789,0.00147879,0.00142302,0.00147879,0.00147879,0.00158619,0.00158619,0.00142302,0.449632,0.221861,0.803386,0.883814,0.558216,0.0885038,0.626962,0.762585,0.167651,0.29694,0.588544,0.428998,0.67934,0.469047,0.560667,0.51134,0.363857,0.26685,0.616807,0.379261,0.484967,0.611358,0.412951,0.352117
period6,0.860256,0.103742,0.00128205,0.744872,0.00266309,0.55001,0.757692,0.00882197,0.00882197,0.00215294,0.00149458,0.00142959,0.00142959,0.00142959,0.00215294,0.00164098,0.00215294,0.00236152,0.00149458,0.00142318,0.00149458,0.00149458,0.00158928,0.00158928,0.00142318,0.436442,0.302129,0.444908,0.125827,0.839736,0.459502,0.0589685,0.479783,0.686766,0.538784,0.755493,0.192534,0.0633197,0.405283,0.169657,0.468931,0.453308,0.398164,0.494436,0.579215,0.43187,0.34804,0.4734,0.683496
period7,0.898718,0.293666,0.00128205,0.847436,0.00266115,0.626487,0.821795,0.148323,0.0119731,0.00246401,0.00152529,0.00143263,0.00143263,0.00143263,0.00246401,0.00167437,0.00243137,0.00270158,0.00152529,0.00142348,0.00152529,0.00152529,0.0015953,0.0015953,0.00142348,0.373157,0.150305,0.492053,0.275116,0.497316,0.335752,0.850325,0.563287,0.397103,0.92513,0.799548,0.634824,0.520718,0.794041,0.541771,0.110822,0.424912,0.354133,0.454964,0.400653,0.334425,0.572417,0.773306,0.461521
period8,0.896053,0.599966,0.00131579,0.882895,0.0027277,0.713787,0.896053,0.497019,0.345746,0.00255526,0.00156795,0.00147052,0.00147052,0.00147052,0.00255526,0.00172229,0.286631,0.0234422,0.00156795,0.00146091,0.00156795,0.00156795,0.00163777,0.00163777,0.00146091,0.197887,0.594618,0.357037,0.468247,0.14627,0.453639,0.476059,0.426544,0.413511,0.415024,0.44194,0.40206,0.454981,0.754805,0.41121,0.732444,0.343535,0.706865,0.34032,0.280172,0.446483,0.322863,0.711032,0.532415
period9,0.958571,0.876782,0.00142857,0.944286,0.00294109,0.845626,0.958571,0.752546,0.61742,0.00287254,0.00171172,0.0015973,0.0015973,0.0015973,0.00287254,0.00187996,0.540526,0.0245813,0.00171172,0.00158602,0.00171172,0.00171172,0.00177955,0.00177955,0.00158602,0.269743,0.454341,0.132084,0.727035,0.543531,0.466537,0.47373,0.445666,0.94751,0.391965,0.307286,0.761735,0.480097,0.483217,0.552094,0.539289,0.390638,0.53586,0.265677,0.357665,0.39254,0.26333,0.386692,0.300103
period10,0.972059,0.902365,0.00147059,0.972059,0.00299076,0.909471,0.972059,0.853059,0.824853,0.00314952,0.00178091,0.00164606,0.00164606,0.00164606,0.00314952,0.00195573,0.716449,0.0144579,0.00178091,0.00163277,0.00178091,0.00178091,0.00183542,0.00183542,0.00163277,0.675325,0.854128,0.641324,0.519365,0.643989,0.518222,0.896575,0.572905,0.0478432,0.420339,0.0726494,0.759466,0.150452,0.344492,0.36593,0.766603,0.384941,0.324559,0.336405,0.77695,0.262773,0.710637,0.377469,0.437126
period11,0.99998,1,0.00153846,0.998556,0.00183195,1,0.998141,0.997869,0.923066,0.0030519,0.00183896,0.00171953,0.00171953,0.00171953,0.0030519,0.00201924,1,0.0219783,0.00183896,0.00170777,0.00183896,0.00183896,0.00191508,0.00191508,0.00170777,0.182288,0.363238,0.363221,0.317546,0.563201,0.218596,0.639587,0.526066,0.656014,0.555877,0.50235,0.89181,0.658173,0.821942,0.305702,0.173745,0.546535,0.308354,0.673544,0.0866274,0.285296,0.214035,0.582409,0.264913
period12,0.99997,1,0.0015625,0.998555,0.00185832,1,0.997156,0.997044,0.983391,0.00319742,0.00187725,0.00174729,0.00174729,0.00174729,0.00319742,0.00205991,1,0.183588,0.00187725,0.0017345,0.00187725,0.00187725,0.00194665,0.00194665,0.0017345,0.59701,0.599924,0.591362,0.450784,0.545542,0.743174,0.401618,0.0859494,0.746032,0.230248,0.70112,0.506369,0.22354,0.441501,0.3672,0.460062,0.212114,0.202373,0.411728,0.433605,0.323426,0.679666,0.58827,0.234401
period13,0.999969,1,0.0016129,0.998507,0.00191823,1,0.997107,0.997042,0.982895,0.00329581,0.00193717,0.0018035,0.0018035,0.0018035,0.00329581,0.00212556,1,0.216309,0.00193717,0.00179034,0.00193717,0.00193717,0.0020091,0.0020091,0.00179034,0.460937,0.196357,0.557319,0.418638,0.405995,0.420052,0.356778,0.100782,0.0703958,0.643619,0.413422,0.696415,0.312568,0.607271,0.627542,0.309444,0.20283,0.193022,0.42947,0.48238,0.87858,0.189936,0.742024,0.299604
period14,0.999967,1,0.00172414,0.998401,0.00205044,1,0.996923,0.99688,0.981733,0.00351934,0.00207,0.00192757,0.00192757,0.00192757,0.00351934,0.00227105,1,0.296347,0.00207,0.00191357,0.00207,0.00207,0.00214697,0.00214697,0.00191357,0.417611,0.480591,0.513724,0.540376,0.51143,0.643658,0.862033,0.170326,0.702881,0.198345,0.0795116,0.372442,0.819458,0.521294,0.58207,0.358931,0.668561,0.640414,0.715521,0.625602,0.492256,0.371409,0.21553,0.476612
period15,0.999962,1,0.00196078,0.998174,0.00233168,1,0.99648,0.996426,0.979215,0.00399856,0.0023528,0.00219145,0.00219145,0.00219145,0.00399856,0.00258066,1,0.356554,0.0023528,0.00217563,0.0023528,0.0023528,0.00244012,0.00244012,0.00217563,0.257558,0.544185,0.776511,0.371472,0.595778,0.350955,0.89219,0.482884,0.226805,0.54877,0.436704,0.0881503,0.56389,0.0920705,0.322233,0.358109,0.337526,0.527371,0.43561,0.66931,0.472216,0.385697,0.3004,0.548649
period16,0.99996,1,0.00208333,0.998056,0.0024773,1,0.996249,0.996188,0.977909,0.00424637,0.00249912,0.00232804,0.00232804,0.00232804,0.00424637,0.00274081,1,0.420421,0.00249912,0.00231129,0.00249912,0.00249912,0.00259178,0.00259178,0.00231129,0.340999,0.25264,0.69431,0.240812,0.310033,0.329789,0.819349,0.56491,0.156702,0.484655,0.360574,0.111603,0.411981,0.146292,0.61527,0.275926,0.702455,0.477899,0.518607,0.34318,0.269121,0.240856,0.437814,0.279061
period17,0.99995,1,0.0025,0.99765,0.00297233,1,0.995451,0.995367,0.973466,0.00508709,0.00299599,0.00279211,0.00279211,0.00279211,0.00508709,0.00328428,1,0.504363,0.00299599,0.00277223,0.00299599,0.00299599,0.00310669,0.00310669,0.00277223,0.400516,0.18324,0.397697,0.713517,0.363491,0.78311,0.61382,0.237793,0.40772,0.0282624,0.743342,0.356768,0.775064,0.412217,0.366184,0.584857,0.482808,0.477029,0.429224,0.490437,0.405885,0.362387,0.526626,0.330675
period18,0.999935,1,0.034375,0.99703,0.00511635,1,0.994223,0.994096,0.966784,0.0365548,0.00493563,0.00360314,0.00360314,0.00360314,0.00634282,0.00421364,1,0.598985,0.00493563,0.00347405,0.00373946,0.00373946,0.00388823,0.00388823,0.00347405,0.801958,0.303212,0.172489,0.344279,0.140032,0.554288,0.231898,0.658948,0.215497,0.464447,0.131026,0.703406,0.477522,0.729877,0.120016,0.368749,0.123748,0.642071,0.191356,0.420384,0.439426,0.424772,0.111091,0.215094
period19,0.999921,1,0.0407407,0.996443,0.00606181,1,0.993052,0.992875,0.960578,0.0430768,0.00583432,0.00426553,0.00426553,0.00426553,0.00749985,0.00498256,1,0.672653,0.00583432,0.00411446,0.00442591,0.00442591,0.00460097,0.00460097,0.00411446,0.0859624,0.0247959,0.488752,0.581197,0.424815,0.5046,0.502071,0.24862,0.189947,0.882421,0.467236,0.493367,0.391055,0.489103,0.291357,0.49057,0.336509,0.496274,0.7751,0.449189,0.47393,0.458154,0.448755,0.414928
period20,0.999984,1,0.05,0.995572,0.0323248,1,0.991289,0.991063,0.951594,0.0524203,0.0071333,0.00522636,0.00522636,0.00522636,0.00916606,0.00609411,1,0.734396,0.0071333,0.00504433,0.0054204,0.0054204,0.00563357,0.00563357,0.00504433,0.838487,0.45429,0.196303,0.462054,0.620311,0.849096,0.579826,0.403498,0.692889,0.412267,1,0.624905,0.362111,0.423274,0.724354,0.495309,0.360377,0.54008,0.478535,0.380919,0.278337,0.278551,0.372731,0.409256
period21,0.999988,1,0.0733333,0.993255,0.0473102,1,0.996923,0.991765,0.98978,0.0736059,0.0102974,0.00762776,0.00762776,0.00762776,0.00762057,0.00833159,1,1,0.0102974,0.00737859,0.00737792,0.00737792,0.00812106,0.00812106,0.00737859,0.493464,0.31813,0.727868,0.595191,0.48152,0.170127,0.798242,0.779368,0.391188,0.574497,1,0.596547,0.489611,0.414628,0.316339,0.314104,0.335318,0.317189,0.382766,0.639249,0.430601,0.278692,0.305238,0.32632
period22,0.999996,1,0.0846154,0.992072,0.05453,1,0.998146,0.997689,0.992943,0.0847239,0.0118635,0.0087874,0.0087874,0.0087874,0.0847239,0.0129091,1,1,0.0542255,0.00850345,0.0118635,0.0118635,0.00995259,0.00995259,0.00850345,0.102786,0.583342,0.338894,0.090353,0.527665,0.440241,0.513045,1,0.412778,0.0910637,1,0.222355,0.147858,1,0.409596,0.198448,0.347655,0.611768,0.481149,0.474693,0.387318,0.34435,0.0953454,0.273195
period23,0.999994,1,1,0.989248,0.545162,1,1,1,0.994842,0.109948,0.0153869,0.0113848,0.0113848,0.0113848,0.109948,0.0166888,1,1,0.0703611,0.0110246,0.0153869,0.0153869,0.0128506,0.0128506,0.0110246,0.207712,0.162759,0.19972,0.261047,0.496558,0.185053,0.265129,1,0.484719,0.425326,1,0.193366,0.40613,1,0.340519,0.317078,0.216154,0.431295,0.231479,0.449244,0.38128,0.413872,0.304613,0.191844
