period5,1,0.00108696,1,0.000869565,0.000955766,0.792174,0.468478,0.0216437,0.0118992,0.00301511,0.00301511,0.00301511,0.00116845,0.00116845,0.000985395,0.000985395,0.000967248,0.990217,0.00180295,0.00180295,0.00301511,0.00144582,0.00116845,0.00116845,0.00128189,0.000985395,0.00116845,0.00109816,0.000967248,0.000967248,0.00106028,0.629453,0.918954,0.475409,0.570468,0.778285,0.5399,0.609678,0.440304,0.286584,0.404801,0.555243,0.830987,0.534242,0.398685,0.943617,0.421085,0.375885,0.664453,0.173863,0.274473,0.469394,0.699858,0.609349,0.702398,0.744971,0.216217,0.353857,0.468689
period6,1,0.00108696,1,0.000869565,0.000955766,0.792174,0.870652,0.0216437,0.0199118,0.00301511,0.00301511,0.00301511,0.00116845,0.00116845,0.000985395,0.000985395,0.000967248,0.990217,0.022942,0.323908,0.00301511,0.00144582,0.00116845,0.00116845,0.00128189,0.000985395,0.00116845,0.00109816,0.000967248,0.000967248,0.00106028,0.709752,0.763684,0.888141,0.561127,0.638129,0.0611746,0.230854,0.520483,0.136439,0.723333,0.0673776,0.7701,0.448661,0.691004,0.0940705,0.781882,0.386659,0.570008,0.640716,0.40901,0.51691,0.561021,0.267629,0.262546,0.922698,0.351458,0.344316,0.575331
period7,1,0.501087,1,0.000869565,0.000955766,0.792174,0.968478,0.0216437,0.0218396,0.00301511,0.00301511,0.00301511,0.00116845,0.00116845,0.000985395,0.000985395,0.000967248,0.990217,0.614567,0.894349,0.00301511,0.00144582,0.00116845,0.00116845,0.00128189,0.000985395,0.00116845,0.00109816,0.000967248,0.000967248,0.00106028,0.296693,0.838269,0.584093,0.363562,0.649672,0.218568,0.844953,0.529644,0.614318,0.525681,0.353294,0.181627,0.806497,0.483561,0.393982,0.442838,0.338987,0.422341,0.244835,0.393158,0.208259,0.589852,0.521873,0.618672,0.4432,0.62109,0.419187,0.370098
period8,1,0.870652,1,0.000869565,0.000955766,0.792174,0.990217,0.0216437,0.0222154,0.00301511,0.00301511,0.00301511,0.00116845,0.00116845,0.000985395,0.000985395,0.000967248,0.990217,0.948282,0.959045,0.00301511,0.00144582,0.00116845,0.00116845,0.00128189,0.000985395,0.00116845,0.00109816,0.000967248,0.000967248,0.00106028,0.957934,0.74672,0.357348,0.167542,0.865512,0.684052,0.291525,0.631196,0.480569,0.219692,0.579961,0.965691,0.510768,0.727832,0.348242,0.17749,0.388562,0.376712,0.391152,0.594119,0.283289,0.537755,0.57324,0.601297,0.631648,0.635248,0.106475,0.851484
period9,1,1,1,0.000869565,0.000955766,0.792174,0.990217,0.159413,0.0222154,0.0017868,0.0017868,0.0017868,0.00104669,0.00104669,0.000973324,0.000973324,0.000966051,0.990217,0.969808,0.959045,0.0017868,0.00122319,0.00104669,0.00104669,0.00115023,0.000973324,0.00104669,0.00107524,0.000966051,0.000966051,0.00106006,0.343004,0.362961,0.479512,0.302032,0.26526,0.376473,0.088265,0.403875,0.532574,0.214782,0.841557,0.0225735,0.141437,0.149188,0.358386,0.699221,0.429278,0.534253,0.611447,0.321285,0.42428,0.40961,0.623951,0.435473,0.591108,0.474914,0.303102,0.360518
period10,1,1,1,0.00956522,0.00134706,0.792174,1,0.279961,0.0388648,0.0288432,0.00175021,0.00175021,0.00104306,0.00104306,0.000972965,0.000972965,0.000966016,1,1,1,0.00175021,0.00175944,0.00158818,0.00104306,0.00114627,0.000972965,0.00104306,0.00107455,0.000966016,0.000966016,0.00106005,0.15155,0.4406,0.354975,0.605116,0.749959,0.428107,0.536557,0.538283,0.707286,0.315362,0.255584,0.622419,0.371451,0.0653384,0.556143,0.375022,0.191257,0.631112,0.416567,0.556476,0.385695,0.497263,0.280222,0.234321,0.175775,0.155522,0.316403,0.153195
period11,1,1,1,0.00956522,0.00134706,1,1,0.446739,0.0336957,0.193271,0.00181131,0.00181131,0.00104912,0.00104912,0.000973565,0.000973565,0.000966075,1,1,1,0.012448,0.00286239,0.012021,0.00104912,0.00115293,0.000973565,0.00104912,0.00107569,0.000966075,0.000966075,0.00106006,0.36271,0.186707,0.713345,1,0.462413,0.479569,0.499807,0.572487,0.623008,0.936795,0.597604,0.0843886,0.604643,0.680879,0.917907,0.360056,0.56996,0.428323,0.46103,0.283104,0.826692,0.189369,0.810001,0.393935,0.467736,0.312556,0.453171,0.374322
period12,1,1,1,0.080531,0.0177956,1,1,0.545556,0.134444,0.340046,0.00180118,0.00180118,0.00106348,0.00106348,0.000990363,0.000990363,0.000983116,1,1,1,0.0563567,0.0104297,0.0443732,0.00106348,0.0011687,0.000990363,0.00106348,0.00109391,0.000983116,0.000983116,0.00107878,0.0591303,0.692012,0.388436,1,0.502505,0.449204,0.314745,0.684787,0.219538,0.306683,0.949576,0.392259,0.657778,0.161483,0.655055,0.0726833,0.220044,0.306026,0.0921962,0.434799,0.150916,0.496672,0.529677,0.661894,0.623012,0.367245,0.783123,0.15648
period13,1,1,1,0.137273,0.0961411,1,0.999999,0.587356,0.185057,0.40846,0.00182893,0.00182893,0.00109032,0.00109032,0.00101713,0.00101713,0.00100988,1,1,1,0.126077,0.0211188,0.134377,0.00109032,0.00119816,0.00101713,0.00109032,0.00112328,0.00100988,0.00100988,0.00110814,0.641491,0.157566,0.837618,1,0.645964,0.248026,0.589556,0.0251496,0.349218,0.954648,0.825649,0.211561,0.14359,0.510048,0.495021,0.658255,0.515686,0.422602,0.734482,0.445083,0.157597,0.559247,0.39929,0.526908,0.523368,0.704836,0.636379,0.58319
period14,1,1,1,0.186598,0.129684,1,1,0.690541,0.244595,0.506626,0.0020007,0.0020007,0.00122894,0.00122894,0.00115255,0.00115255,0.001145,1,1,1,0.227754,0.0648011,0.209982,0.00122894,0.00135032,0.00115255,0.00122894,0.0012721,0.001145,0.001145,0.00125632,0.140292,0.554451,0.467949,1,0.408411,0.544844,0.270469,0.607322,0.649112,0.433987,0.541569,0.883347,0.670225,0.676612,0.470421,0.251229,0.279474,0.558903,0.404471,0.80249,0.572831,0.334095,0.690393,0.106368,0.699262,0.14798,0.562634,0.498973
period15,1,1,1,0.212941,0.192822,1,1,0.747619,0.287302,0.578511,0.0022217,0.0022217,0.00139603,0.00139603,0.00131443,0.00131443,0.00130637,1,1,1,0.267003,0.135587,0.291656,0.00139603,0.00153368,0.00131443,0.00139603,0.00145006,0.00130637,0.00130637,0.00143323,0.812707,0.397489,0.490956,1,0.4631,0.484225,0.546026,0.501855,0.205222,0.154635,0.228657,0.429988,0.559274,0.0288471,0.638785,0.405271,0.817203,0.547591,0.634419,0.507058,0.212046,0.530175,0.250407,0.926658,0.358713,0.590313,0.718296,0.558465
period16,1,1,1,1,0.861905,1,1,0.99797,0.383636,0.750752,0.00227426,0.00227426,0.00154022,0.00154022,0.00146779,0.00146779,0.00146064,1,1,1,1,0.621575,0.510649,0.00154022,0.00169187,0.00146779,0.00154022,0.00161737,0.00146064,0.00146064,0.00160245,0.31356,0.537365,0.477139,1,0.498523,0.292912,0.0788091,0.541419,0.272233,0.258442,0.640044,0.273755,0.35985,0.45568,0.919856,0.468884,0.365354,0.314567,0.222619,0.677728,0.880691,0.539968,0.707342,0.445427,0.682795,0.228949,0.707342,0.32488
period17,1,1,1,1,0.795833,1,1,0.998557,0.513333,0.770686,0.00256575,0.00256575,0.00179109,0.00179109,0.00171481,0.00171481,0.0017073,1,1,1,1,0.635424,0.574941,0.00179109,0.00196699,0.00171481,0.00179109,0.00188841,0.0017073,0.0017073,0.00187275,0.100082,0.0239129,0.456262,1,0.453645,0.123298,0.899131,0.302075,0.757903,0.296998,0.441742,0.262789,0.392622,0.246659,0.762353,0.833564,0.83666,0.60077,0.459415,0.567522,0.117978,0.0687691,0.384299,0.475724,0.656786,0.342857,0.274587,0.29851
period18,1,1,1,1,0.884,1,0.999999,0.99856,0.643589,0.795917,0.00294349,0.00294349,0.00210718,0.00210718,0.00202507,0.00202507,0.00201701,1,1,1,1,0.700918,0.657361,0.00210718,0.00231346,0.00202507,0.00210718,0.00222874,0.00201701,0.00201701,0.00221194,0.117559,0.690337,0.187189,1,0.517892,0.527683,0.619303,0.371336,0.795887,0.281066,0.785086,0.334492,0.135206,0.40205,0.10087,0.746645,0.542572,0.210976,0.607746,0.513355,0.641259,0.506801,0.530806,0.420557,0.173624,0.0858473,0.458986,0.479299
period19,1,1,1,1,0.926923,1,0.999999,0.99905,0.717142,0.783635,0.0343471,0.00312678,0.00226733,0.00226733,0.00218307,0.00218307,0.00217481,1,1,1,1,0.630734,0.697061,0.00364866,0.00386712,0.00218307,0.00226733,0.00240192,0.00217481,0.00217481,0.0023847,0.204932,0.56051,0.436276,1,0.404056,0.522337,0.182946,0.528768,0.128916,0.0489305,0.51013,0.670574,0.779812,0.046717,0.121865,0.26967,0.508847,0.0743309,0.288893,0.658072,0.605582,0.588945,0.457888,0.403963,0.318786,0.532043,0.212725,0.523329
period20,1,1,1,1,0.9625,1,0.999997,0.998882,0.74516,0.795669,0.141229,0.0723408,0.00473051,0.00473051,0.00284274,0.00284274,0.00265846,1,1,1,1,0.70073,0.700601,0.00508451,0.0055335,0.00284274,0.00473051,0.00329612,0.00265846,0.00265846,0.00289666,0.732086,0.158477,0.415472,1,0.443664,0.361251,0.43219,0.609129,0.164227,0.315897,0.464837,0.427417,0.43636,0.903662,0.732473,0.796216,0.289275,0.426404,0.738928,0.751014,0.546818,0.644094,0.348871,0.283942,0.792972,0.335643,0.495086,0.389979
period21,1,1,1,1,0.9625,1,0.999999,0.998795,0.769999,0.788344,0.217604,0.217604,0.0364961,0.0364961,0.00429533,0.00429533,0.00291879,1,1,1,1,0.695199,0.724396,0.00540979,0.00896355,0.00429533,0.00540979,0.00888291,0.00291879,0.00291879,0.00306437,1,0.312403,0.618554,1,0.455967,0.218454,0.314119,0.60734,0.498762,0.556514,0.172736,0.362273,0.263934,0.47773,0.0718099,0.751779,0.530752,0.404328,0.52201,0.445621,0.2203,0.659853,0.325263,0.586831,0.229857,0.546009,0.524116,0.433317
period22,1,1,1,1,0.959091,1,0.999998,0.999981,0.811537,0.998297,0.363993,0.283995,0.183604,0.0416065,0.00489913,0.0257024,0.0041507,1,1,1,1,0.853714,1,0.00608611,0.0207314,0.036382,0.0061071,0.00875515,0.00333306,0.0041507,0.0036565,1,0.446574,0.39535,1,0.464983,0.365431,0.658514,0.4517,0.519911,0.727049,0.466084,0.697369,0.47527,0.443333,0.565718,0.467239,0.484988,0.320392,0.802911,0.429556,0.639909,0.589714,0.358794,0.294736,0.575464,0.410015,0.453741,0.467805
period23,1,1,1,1,0.957143,1,0.999996,0.999978,0.837497,0.998348,0.439121,0.439121,0.285982,0.246062,0.00641493,0.147022,0.00598679,1,1,1,1,0.90367,1,0.0464615,0.0272685,0.256665,0.00654146,0.0200732,0.00374645,0.0353911,0.0054298,1,0.472804,0.479998,1,0.0582369,0.346078,0.774754,0.347808,0.45212,0.601125,0.323372,0.0847946,0.173882,0.351843,0.41209,0.62978,0.280551,0.482039,0.507275,0.559619,0.256091,0.357162,0.322206,0.469,0.397302,0.390417,0.56387,0.537205
period24,1,1,1,1,0.952632,1,0.999997,0.999983,1,0.998769,0.504992,0.504992,0.420678,0.420678,0.00742523,0.301899,0.00726425,1,1,1,1,0.899015,1,0.0993193,0.0392623,0.301899,0.00750265,0.0212686,0.00441873,0.158214,0.00748851,1,0.735233,0.485333,1,0.767074,0.114515,0.425698,0.54226,0.542796,0.251184,0.495206,0.191134,0.343185,0.397781,0.20538,0.490739,0.311781,0.664084,0.589575,0.380788,0.429542,0.349389,0.317708,0.184058,0.37425,0.593884,0.161082,0.440973
period25,1,1,1,1,1,1,0.999998,0.999978,1,0.998614,0.654986,0.654986,0.568749,0.475179,0.00759994,0.353185,0.00751769,1,1,1,1,0.95145,1,0.288041,0.0377548,0.357455,0.0541171,0.0925947,0.00457692,0.282217,0.00799517,1,1,0.77217,1,0.110152,0.227272,0.659771,0.483833,0.506408,0.420445,0.176634,0.136546,0.297845,0.322319,0.29205,0.621263,0.0934251,0.462041,0.362279,0.311632,0.291285,0.479526,0.470382,0.384388,0.397796,0.446695,0.424861,0.446847
