period8,0.896053,0.599966,0.00131579,0.882895,0.0027277,0.713787,0.896053,0.497019,0.345746,0.00255526,0.00156795,0.00147052,0.00147052,0.00147052,0.00255526,0.00172229,0.286631,0.0234422,0.00156795,0.00146091,0.00156795,0.00156795,0.00163777,0.00163777,0.00146091,0.197887,0.594618,0.357037,0.468247,0.14627,0.453639,0.476059,0.426544,0.413511,0.415024,0.44194,0.40206,0.454981,0.754805,0.41121,0.732444,0.343535,0.706865,0.34032,0.280172,0.446483,0.322863,0.711032,0.532415
period9,1,0.913235,0.00142857,0.944286,0.00294109,0.878012,1,0.810294,0.663235,0.00278887,0.00170347,0.00159649,0.00159649,0.00159649,0.00278887,0.00187091,0.581493,0.0257132,0.00170347,0.00158594,0.00170347,0.00170347,0.00177793,0.00177793,0.00158594,0.269743,0.454341,0.132084,0.727087,0.543568,0.466537,0.47373,0.446781,0.947581,0.391989,0.305903,0.785539,0.491292,0.500146,0.55939,0.539691,0.386132,0.534461,0.257082,0.360285,0.392928,0.263515,0.374823,0.298654
period10,1,0.926866,0.00147059,0.972059,0.00299076,0.932779,1,0.897015,0.867164,0.00279813,0.00174629,0.00164265,0.00164265,0.00164265,0.00279813,0.00191779,0.752721,0.014263,0.00174629,0.00163244,0.00174629,0.00174629,0.00182861,0.00182861,0.00163244,0.675325,0.854128,0.641324,0.519513,0.644181,0.518224,0.896575,0.577333,0.0478248,0.420452,0.0700898,0.776647,0.140185,0.341812,0.372634,0.763828,0.389855,0.32775,0.34246,0.777352,0.247323,0.717242,0.375911,0.437299
period11,1,0.970769,0.00153846,0.986154,0.00305116,0.958712,1,0.94,0.924615,0.00302346,0.00183616,0.00171925,0.00171925,0.00171925,0.00302346,0.00201617,0.852048,0.0212453,0.00183616,0.00170774,0.00183616,0.00183616,0.00191453,0.00191453,0.00170774,0.182288,0.363238,0.363221,0.317552,0.563214,0.218596,0.639587,0.526529,0.65603,0.55589,0.502358,0.891826,0.636025,0.796376,0.305809,0.173768,0.547177,0.308464,0.674248,0.0866041,0.285321,0.21404,0.582974,0.265041
period12,1,0.985938,0.0015625,0.985938,0.00309842,0.973479,1,0.985938,0.985938,0.00294678,0.00185257,0.00174486,0.00174486,0.00174486,0.00294678,0.0020331,0.911858,0.169466,0.00185257,0.00173426,0.00185257,0.00185257,0.00194183,0.00194183,0.00173426,0.59701,0.599924,0.591362,0.450872,0.545654,0.743176,0.401618,0.085913,0.746194,0.230281,0.701139,0.506382,0.222164,0.437697,0.367892,0.459948,0.212404,0.202422,0.412535,0.43408,0.324004,0.679658,0.589535,0.234572
period13,1,0.985484,0.0016129,0.985484,0.00319749,0.97263,1,0.985484,0.985484,0.0030411,0.00191211,0.00180103,0.00180103,0.00180103,0.0030411,0.00209832,0.94084,0.20583,0.00191211,0.0017901,0.00191211,0.00191211,0.0020042,0.0020042,0.0017901,0.460937,0.196357,0.557319,0.418719,0.406073,0.420053,0.356778,0.100784,0.0703883,0.643758,0.413432,0.696433,0.310104,0.60139,0.628932,0.309932,0.203101,0.193216,0.430337,0.482388,0.88063,0.189502,0.743715,0.299377
period14,1,1,0.00172414,0.998402,0.0020504,1,1,0.998373,0.984483,0.00324911,0.00204345,0.00192496,0.00192496,0.00192496,0.00324911,0.00224219,1,0.296897,0.00204345,0.00191331,0.00204345,0.00204345,0.00214179,0.00214179,0.00191331,0.417611,0.480591,0.513724,0.540495,0.511541,0.64366,0.862033,0.170523,0.703044,0.198372,0.0795109,0.372451,0.820536,0.521925,0.583421,0.358614,0.670153,0.64152,0.717245,0.625451,0.493354,0.371418,0.215853,0.476496
period15,1,1,0.00196078,0.998175,0.00233162,1,1,0.998138,0.982353,0.00369089,0.00232264,0.00218849,0.00218849,0.00218849,0.00369089,0.0025479,1,0.357376,0.00232264,0.00217534,0.00232264,0.00232264,0.00243425,0.00243425,0.00217534,0.257558,0.544185,0.776511,0.371556,0.595931,0.350956,0.89219,0.484111,0.226844,0.548909,0.436717,0.0881498,0.564687,0.0920568,0.322945,0.358403,0.338287,0.527355,0.436686,0.669017,0.473409,0.38644,0.301042,0.548352
period16,1,1,0.00208333,0.998056,0.00247724,1,1,0.998014,0.98125,0.00391927,0.0024671,0.0023249,0.0023249,0.0023249,0.00391927,0.00270603,1,0.421516,0.0024671,0.00231098,0.0024671,0.0024671,0.00258556,0.00258556,0.00231098,0.340999,0.25264,0.69431,0.240859,0.310102,0.32979,0.819349,0.566498,0.156721,0.484782,0.360585,0.111603,0.412553,0.146377,0.617031,0.275882,0.704513,0.477237,0.520037,0.343762,0.269699,0.241198,0.438968,0.279707
period17,1,1,0.0025,0.997651,0.00297223,1,1,0.997589,0.995554,0.00293351,0.00278602,0.00277164,0.00277164,0.00277164,0.00293351,0.00305646,1,1,0.00278602,0.00277023,0.00278602,0.00278602,0.00306611,0.00306611,0.00277023,0.400516,0.18324,0.397697,0.714845,0.364061,0.783124,0.61382,0.240919,0.408387,0.0281071,0.743374,0.356781,0.776571,0.412914,0.372223,0.585209,0.491494,0.477957,0.436694,0.491084,0.412825,0.363906,0.536306,0.329549
period18,1,1,0.034375,0.997031,0.0051162,1,1,0.996933,0.995325,0.0346818,0.00484802,0.00359465,0.00359465,0.00359465,0.00357788,0.00393944,1,1,0.00484802,0.00347323,0.00347161,0.00347161,0.0038384,0.0038384,0.00347323,0.801958,0.303212,0.172489,0.344665,0.140127,0.554292,0.231898,0.675449,0.215819,0.465461,0.131028,0.703445,0.4786,0.731675,0.120607,0.368862,0.124449,0.641758,0.194053,0.419661,0.449447,0.427328,0.111419,0.215197
period19,1,1,0.0407407,0.996445,0.00606159,1,1,0.996304,0.995071,0.0410328,0.00573998,0.00425644,0.00425644,0.00425644,0.00417834,0.00465637,1,1,0.00573998,0.00411358,0.00410606,0.00410606,0.00454196,0.00454196,0.00411358,0.0859624,0.0247959,0.488752,0.582054,0.425487,0.504604,0.502071,0.253956,0.190248,0.88504,0.467266,0.493398,0.392061,0.490447,0.298228,0.492356,0.345002,0.495663,0.799342,0.452879,0.487358,0.46746,0.461278,0.41642
period20,1,1,0.05,0.995572,0.0323248,1,1,0.995353,0.994467,0.0502766,0.00703632,0.0052171,0.0052171,0.0052171,0.00507358,0.00569788,1,1,0.00703632,0.00504345,0.00502975,0.00502975,0.00556236,0.00556236,0.00504345,0.838487,0.45429,0.196303,0.462826,0.62146,0.849103,0.579826,0.417172,0.695338,0.413556,1,0.624914,0.363246,0.424673,0.752484,0.503229,0.372109,0.539509,0.49559,0.376401,0.286372,0.282189,0.385019,0.409967
period21,1,1,0.0733333,0.993255,0.0473102,1,1,0.993255,0.991448,0.0735614,0.0102955,0.00762758,0.00762758,0.00762758,0.00746484,0.00831704,1,1,0.0102955,0.00737857,0.00736339,0.00736339,0.0081185,0.0081185,0.00737857,0.493464,0.31813,0.727868,0.595214,0.481538,0.170127,0.798242,0.780513,0.391234,0.574572,1,0.596553,0.490197,0.415101,0.316704,0.314073,0.335715,0.317171,0.383242,0.639222,0.431159,0.278591,0.305584,0.326401
period22,1,1,0.0846154,0.992072,0.05453,1,1,0.992072,0.989486,0.0847771,0.0118657,0.0087876,0.0087876,0.0087876,0.0847771,0.0129115,1,1,0.0542543,0.00850347,0.0118657,0.0118657,0.00995301,0.00995301,0.00850347,0.102786,0.583342,0.338894,0.0903565,0.527641,0.440241,0.513045,0.167834,0.412763,0.0910659,1,0.222356,0.147589,0.404804,0.408518,0.198291,0.346793,0.611881,0.479822,0.475006,0.386317,0.344601,0.0953616,0.273191
period23,1,1,0.11,0.989249,0.0707072,1,1,0.989249,1,0.11,0.0153889,0.011385,0.011385,0.011385,0.11,0.016691,1,1,0.0703889,0.0110246,0.0153889,0.0153889,0.0128509,0.0128509,0.0110246,0.279222,0.548028,0.118505,0.261038,0.496538,0.185053,0.265129,0.235584,0.484698,0.425312,1,0.193366,0.402838,0.308055,0.357023,0.318633,0.230492,0.431035,0.226405,0.449531,0.382738,0.41384,0.305674,0.191932
period24,1,1,0.157143,0.983351,0.100468,1,1,0.983351,1,0.157143,0.0219048,0.0161633,0.0161633,0.0161633,0.157143,0.0236154,1,1,0.100476,0.0156711,0.0219048,0.0219048,0.0181308,0.0181308,0.0156711,0.319216,0.114825,0.27595,0.299588,0.138119,0.0393253,0.150307,0.595136,0.480812,0.466949,1,0.123851,0.468154,0.241641,0.442883,0.203976,0.189235,0.314883,0.337782,0.320907,0.293142,0.231576,0.328284,0.139017
period25,1,1,0.157143,0.983351,0.100468,1,1,0.983351,1,0.157143,0.0219048,0.0161633,0.0161633,0.0161633,0.157143,0.0236154,1,1,0.100476,0.0156711,0.100476,0.0219048,0.021828,0.021828,0.0156711,0.205878,0.325043,0.31982,0.32907,0.367046,0.38055,0.479905,0.185027,0.0917022,0.0633792,1,0.597127,0.569192,0.343782,0.133828,0.270992,0.273492,0.200604,0.20622,0.356888,0.374549,0.289299,0.230445,0.28787
