period8,1,0.870652,1,0.000869565,0.000955766,1,0.990217,0.00108696,0.00205458,0.000977316,0.000977316,0.000977316,0.000966447,0.000966447,0.00096537,0.00096537,0.000965263,1,0.948282,0.959045,0.000977316,0.00106218,0.000966447,0.000966447,0.00106205,0.00096537,0.000966447,0.00106013,0.000965263,0.000965263,0.00105991,0.957934,0.74672,0.357348,0.167542,0.867077,0.685246,0.291916,0.632282,0.481347,0.219936,0.580058,0.965708,0.510851,0.727959,0.348247,0.177492,0.38862,0.376726,0.391211,0.594086,0.283412,0.537716,0.573427,0.601295,0.631938,0.635354,0.106588,0.851403
period9,1,0.925,1,0.000869565,0.000955766,1,0.990217,0.175,0.00205458,0.00186275,0.00186275,0.00186275,0.00105422,0.00105422,0.00097407,0.00097407,0.000966125,1,0.969808,0.959045,0.00186275,0.00123819,0.00105422,0.00105422,0.0011585,0.00097407,0.00105422,0.00107665,0.000966125,0.000966125,0.00106007,0.343004,0.362961,0.479512,0.302032,0.265248,0.376452,0.0882659,0.403852,0.532541,0.214773,0.841551,0.0225736,0.141437,0.149188,0.358386,0.69922,0.429276,0.534253,0.611443,0.321286,0.424278,0.409609,0.623947,0.435474,0.591098,0.474913,0.303099,0.360518
period10,1,0.93587,1,0.00956522,0.00134706,1,0.990217,0.327174,0.023581,0.033509,0.00184696,0.00184696,0.00105266,0.00105266,0.000973915,0.000973915,0.00096611,1,0.969808,0.959045,0.00184696,0.00188114,0.00170066,0.00105266,0.0011568,0.000973915,0.00105266,0.00107636,0.00096611,0.00096611,0.00106007,0.15155,0.4406,0.354208,0.601873,0.746838,0.427698,0.536515,0.538241,0.707227,0.315342,0.255583,0.622418,0.371448,0.0653387,0.556143,0.375022,0.191257,0.631112,0.416564,0.556476,0.385684,0.497266,0.280218,0.234322,0.175769,0.155522,0.3164,0.153194
period11,1,0.93587,1,0.00956522,0.00134706,1,0.990217,0.446739,0.0343443,0.193271,0.00181131,0.00181131,0.00104912,0.00104912,0.000973565,0.000973565,0.000966075,1,0.969808,0.959045,0.012448,0.00286239,0.012021,0.00104912,0.00115293,0.000973565,0.00104912,0.00107569,0.000966075,0.000966075,0.00106006,0.36271,0.186707,0.714483,0.707996,0.462413,0.479569,0.499807,0.572487,0.623008,0.936795,0.597604,0.0843886,0.604643,0.680879,0.917907,0.360056,0.56996,0.428323,0.46103,0.283104,0.826692,0.189369,0.810001,0.393935,0.467736,0.312556,0.453171,0.374322
period12,1,0.956667,1,0.080531,0.0177956,1,0.99,0.545556,0.1341,0.340046,0.00180118,0.00180118,0.00106348,0.00106348,0.000990363,0.000990363,0.000983116,1,0.980142,0.969142,0.0563567,0.0104297,0.0443732,0.00106348,0.0011687,0.000990363,0.00106348,0.00109391,0.000983116,0.000983116,0.00107878,0.0591303,0.692012,0.387069,0.210662,0.502505,0.449204,0.314745,0.684787,0.219538,0.306683,0.949576,0.392259,0.657778,0.161483,0.655055,0.0726833,0.220044,0.306026,0.0921962,0.434799,0.150916,0.496672,0.529677,0.661894,0.623012,0.367245,0.783123,0.15648
period13,1,0.966667,1,0.137273,0.0961411,1,0.972624,0.587356,0.182729,0.40846,0.00182893,0.00182893,0.00109032,0.00109032,0.00101713,0.00101713,0.00100988,1,0.962676,0.951496,0.126077,0.0211188,0.134377,0.00109032,0.00119816,0.00101713,0.00109032,0.00112328,0.00100988,0.00100988,0.00110814,0.641491,0.157566,0.827183,1,0.645964,0.248026,0.589556,0.0251496,0.349218,0.954648,0.825649,0.211561,0.14359,0.510048,0.495021,0.658255,0.515686,0.422602,0.734482,0.445083,0.157597,0.559247,0.39929,0.526908,0.523368,0.704836,0.636379,0.58319
period14,1,1,1,0.186598,0.129684,1,1,0.690541,0.244595,0.506626,0.0020007,0.0020007,0.00122894,0.00122894,0.00115255,0.00115255,0.001145,1,1,1,0.227754,0.0648011,0.209982,0.00122894,0.00135032,0.00115255,0.00122894,0.0012721,0.001145,0.001145,0.00125632,0.140292,0.554451,0.467949,1,0.408411,0.544844,0.270469,0.607322,0.649112,0.433987,0.541569,0.883347,0.670225,0.676612,0.470421,0.251229,0.279474,0.558903,0.404471,0.80249,0.572831,0.334095,0.690393,0.106368,0.699262,0.14798,0.562634,0.498973
period15,1,1,1,0.212941,0.192822,1,1,0.747619,0.287302,0.578511,0.0022217,0.0022217,0.00139603,0.00139603,0.00131443,0.00131443,0.00130637,1,1,1,0.267003,0.135587,0.291656,0.00139603,0.00153368,0.00131443,0.00139603,0.00145006,0.00130637,0.00130637,0.00143323,0.812707,0.397489,0.490956,1,0.4631,0.484225,0.546026,0.501855,0.205222,0.154635,0.228657,0.429988,0.559274,0.0288471,0.638785,0.405271,0.817203,0.547591,0.634419,0.507058,0.212046,0.530175,0.250407,0.926658,0.358713,0.590313,0.718296,0.558465
period16,1,1,1,0.264474,0.229265,1,1,0.783636,0.383636,0.590164,0.00243664,0.00243664,0.00155625,0.00155625,0.00146937,0.00146937,0.00146079,1,1,1,0.323015,0.203717,0.401917,0.00155625,0.00170945,0.00146937,0.00155625,0.00162037,0.00146079,0.00146079,0.00160248,0.602384,0.776426,0.477139,1,0.553392,0.254429,0.0788125,0.541348,0.272205,0.258416,0.640036,0.273755,0.359846,0.455674,0.919855,0.468883,0.292607,0.331697,0.336296,0.637765,0.880678,0.539965,0.707305,0.445421,0.682797,0.228948,0.707339,0.324881
period17,1,1,1,0.355385,0.284362,1,1,0.846667,0.513333,0.654021,0.00273884,0.00273884,0.00180813,0.00180813,0.00171649,0.00171649,0.00170747,1,1,1,0.393508,0.253473,0.48834,0.00180813,0.00198567,0.00171649,0.00180813,0.0018916,0.00170747,0.00170747,0.00187278,0.310476,0.426744,0.456262,1,0.421004,0.130955,0.898992,0.30204,0.757789,0.296964,0.441736,0.262788,0.392617,0.246657,0.762352,0.833563,0.699348,0.579684,0.452322,0.567269,0.118009,0.0687707,0.384282,0.475722,0.656746,0.342857,0.274581,0.298508
period18,1,1,1,0.438182,0.389165,1,0.999999,0.848718,0.643589,0.677166,0.00318387,0.00318387,0.00213078,0.00213078,0.00202739,0.00202739,0.00201723,1,1,1,0.477467,0.338772,0.559815,0.00213078,0.00233932,0.00202739,0.00213078,0.00223314,0.00201723,0.00201723,0.00221198,0.356655,0.551677,0.187189,1,0.506902,0.508388,0.619178,0.37127,0.79572,0.281023,0.78507,0.334492,0.135206,0.402043,0.10087,0.746644,0.556578,0.212494,0.640859,0.502584,0.641214,0.506778,0.530832,0.420564,0.173615,0.0858434,0.458974,0.479299
period19,1,1,1,0.492157,0.458145,1,0.999999,0.888571,0.717142,0.69753,0.0311018,0.00333393,0.00228764,0.00228764,0.00218506,0.00218506,0.00217501,1,1,1,0.586459,0.375334,0.620892,0.00349289,0.00371368,0.00218506,0.00228764,0.0024057,0.00217501,0.00217501,0.00238474,0.252121,0.478861,0.436276,1,0.408592,0.516356,0.183097,0.530021,0.128844,0.04856,0.510121,0.670573,0.779798,0.0467181,0.121865,0.269669,0.521315,0.0743786,0.318334,0.647397,0.605523,0.588928,0.457497,0.404038,0.318798,0.532044,0.212691,0.523335
period20,1,1,1,0.55,0.531743,1,0.999997,0.998882,0.74516,0.795669,0.141229,0.0723408,0.00473051,0.00473051,0.00284274,0.00284274,0.00265846,1,1,1,1,0.70073,0.700601,0.00508451,0.0055335,0.00284274,0.00473051,0.00329612,0.00265846,0.00265846,0.00289666,0.784185,0.202815,0.415472,1,0.443664,0.361251,0.43219,0.609129,0.164227,0.315897,0.464837,0.427417,0.43636,0.903662,0.732473,0.796216,0.298495,0.42745,0.76601,0.767113,0.546818,0.644094,0.348871,0.283942,0.792972,0.335643,0.495086,0.389979
period21,1,1,1,0.5775,0.558329,1,0.999999,0.998795,0.769999,0.788344,0.217604,0.217604,0.0364961,0.0364961,0.00429533,0.00429533,0.00291879,1,1,1,1,0.695199,0.724396,0.00540979,0.00896355,0.00429533,0.00540979,0.00888291,0.00291879,0.00291879,0.00306437,0.436252,0.476991,0.618554,1,0.455967,0.218454,0.314119,0.60734,0.498762,0.556514,0.172736,0.362273,0.263934,0.47773,0.0718099,0.751779,0.53338,0.40409,0.43768,0.413292,0.2203,0.659853,0.325263,0.586831,0.229857,0.546009,0.524116,0.433317
period22,1,1,1,0.602857,0.581032,1,0.999998,0.999063,0.811537,0.803255,0.363667,0.283742,0.183444,0.0415726,0.00489754,0.0256839,0.00414983,1,1,1,1,0.706458,0.770141,0.00608411,0.0207168,0.0363532,0.00610484,0.00875069,0.0033329,0.00414983,0.00365634,0.399091,0.589139,0.39535,1,0.443571,0.315544,0.658653,0.451812,0.520064,0.727087,0.466114,0.69737,0.475282,0.443344,0.565726,0.467245,0.491219,0.317257,0.754923,0.414863,0.639984,0.589772,0.358822,0.294747,0.575529,0.410034,0.453758,0.467814
period23,1,1,1,0.628125,0.604304,1,0.999996,0.998966,0.837497,0.829586,0.438687,0.438687,0.285704,0.245823,0.00641244,0.146883,0.0059845,1,1,1,1,0.767817,0.793566,0.0464201,0.0272467,0.256419,0.00653948,0.020058,0.00374621,0.0353611,0.0054282,0.574232,0.455368,0.479998,1,0.0869295,0.367855,0.774821,0.347681,0.451952,0.601149,0.323411,0.0847945,0.173857,0.35177,0.412106,0.629864,0.27876,0.482121,0.40498,0.557959,0.256056,0.357163,0.322241,0.469007,0.397359,0.39042,0.563959,0.537182
period24,1,1,1,0.722162,0.691042,1,0.999975,0.99935,0.90498,0.90442,0.50468,0.50468,0.420421,0.420421,0.0074241,0.301719,0.00726289,1,1,1,1,0.823536,0.862641,0.0992616,0.0392425,0.301719,0.00750165,0.0212595,0.00441862,0.158122,0.00748697,1,0.629472,0.485329,1,0.728771,0.122163,0.425738,0.542327,0.542719,0.251193,0.495346,0.191134,0.343216,0.397726,0.205271,0.490797,0.294293,0.668258,0.589558,0.380788,0.429614,0.34938,0.317719,0.18406,0.374304,0.593863,0.161124,0.440973
period25,1,1,1,0.798426,0.763126,1,0.999984,0.999257,0.904987,0.904338,0.654524,0.654524,0.568353,0.47485,0.007599,0.352944,0.00751636,1,1,1,1,0.871067,0.862697,0.287843,0.0377349,0.357211,0.0540844,0.092535,0.00457683,0.282029,0.0079937,1,0.496684,0.772164,1,0.141063,0.237648,0.659737,0.484009,0.506465,0.420395,0.176727,0.136546,0.297673,0.322217,0.292059,0.621274,0.0893565,0.462773,0.362386,0.31167,0.291276,0.479523,0.470412,0.384392,0.397785,0.446693,0.4249,0.446836
