period6,1,1,1,0.984324,0.573514,0.0860642,0.0396906,0.00129138,0.0431846,0.00480416,0.086802,0.0492129,0.0431846,0.00480416,0.00554886,0.00480416,0.416757,0.42374,0.00129138,0.00480416,0.000985591,0.000985591,0.000985591,0.00480416,0.00480416,0.00105968,0.000636097,0.000636097,0.939989,0.386928,0.595428,0.251582,0.291243,0.406755,0.616598,0.694692,0.558429,0.473628,0.628461,0.440371,0.474376,0.115966,0.82198,0.353876,0.474198,0.413544,0.265879
period7,1,1,1,0.984324,0.573514,0.0494524,0.0405621,0.0234928,0.0494524,0.00100013,0.162944,0.0948174,0.00121296,0.00100013,0.00107858,0.000628294,0.422162,0.446088,0.000958329,0.00100013,0.00060712,0.00060712,0.000570125,0.000628294,0.000628294,0.000614924,0.000900144,0.000602961,0.249641,0.153769,0.12194,0.491202,0.480543,0.338924,0.399052,0.451128,0.848299,0.517841,0.459943,0.622747,0.556411,0.199613,0.299437,0.178311,0.551727,0.456298,0.212913
period8,1,1,1,0.98973,0.573514,0.0493293,0.0404624,0.0369239,0.290527,0.00630667,0.213706,0.140161,0.00108987,0.00630667,0.00106528,0.000616048,0.432973,0.504924,0.000957274,0.00102437,0.00082232,0.00397565,0.000568906,0.000616048,0.000616048,0.000613602,0.000919829,0.000602856,0.759558,0.261772,0.582238,0.462498,0.613234,0.747643,0.632709,0.729891,0.562535,0.328342,0.324777,0.655577,0.575787,0.365051,0.602529,0.631236,0.318725,0.441539,0.455977
period9,1,1,1,0.963684,0.726842,0.0481537,0.0443262,0.0364125,0.35144,0.156063,0.315228,0.201153,0.00109199,0.0165204,0.00105991,0.000616259,0.447895,0.508313,0.00538422,0.00101572,0.0211459,0.00918018,0.000568927,0.000616259,0.000616259,0.000613067,0.000914418,0.000776668,0.649729,0.634009,0.299505,0.61612,0.226634,0.225012,0.480417,0.517659,0.600899,0.39365,0.529694,0.497876,0.381159,0.23058,0.146595,0.627025,0.276123,0.674963,0.78805
period10,1,1,1,0.953646,0.901563,0.0632739,0.0447981,0.0367945,0.389702,0.318928,0.548731,0.272859,0.00109718,0.0266513,0.00106493,0.000616776,0.448437,0.60732,0.00543587,0.00101301,0.208567,0.0142768,0.000568979,0.000616776,0.000616776,0.000613567,0.000918461,0.000779224,0.623183,0.571178,0.688304,0.445648,0.369013,0.422764,0.399168,0.359028,0.413283,0.531651,0.620398,0.444673,0.534939,0.424112,0.431,0.275515,0.326188,0.531942,0.859731
period11,1,1,1,0.953886,0.933161,0.181518,0.0514311,0.0383793,0.398052,0.363342,0.665482,0.535413,0.00107255,0.0367346,0.00108124,0.000614325,0.446114,0.851744,0.0150015,0.00101195,0.293702,0.0285171,0.000568735,0.000614325,0.000614325,0.000615189,0.00093523,0.000882768,0.378442,0.364961,0.717504,0.129013,0.20246,0.316093,0.644503,0.603856,0.675226,0.577333,0.723622,0.169452,0.629706,0.631018,0.58339,0.255823,0.571382,0.253354,0.426381
period12,1,1,1,1,0.997622,0.988162,0.98718,1,0.427341,0.373613,0.999178,1,0.000580657,0.044889,0.0045503,0.000586859,0.455556,0.942779,0.183982,0.00105918,0.353013,0.0359401,0.000587476,0.000586859,0.000586859,0.000981723,0.0111111,0.00412073,0.687197,0.51923,0.669758,0.527569,0.157585,0.535485,0.64766,0.237515,0.599995,0.511529,0.422301,0.286474,0.364268,0.528351,0.416789,0.354505,0.511432,0.623777,0.230004
period13,1,1,1,1,0.997746,0.988844,0.987437,1,0.538251,0.401993,1,1,0.000576839,0.04499,0.00117896,0.000586479,0.455556,0.965065,0.0787855,0.00105114,0.365026,0.0410186,0.000587438,0.000586479,0.000586479,0.000646372,0.0111111,0.00149098,0.275307,0.0156737,0.664328,0.558957,0.917917,0.93772,0.473064,0.909134,0.521436,0.586901,0.660478,0.437656,0.478478,0.550863,0.514095,0.533467,0.44953,0.479828,0.0787693
period14,1,1,1,1,0.997646,0.98862,0.987427,1,0.76544,0.414018,1,1,0.000577783,0.061585,0.00104898,0.000586573,0.455556,0.976054,0.235628,0.0010106,0.393286,0.0420971,0.000587447,0.000586573,0.000586573,0.000633444,0.0111111,0.00140577,0.451689,0.377903,0.403393,0.693012,0.828439,0.896242,0.0788675,0.635241,0.344495,0.408029,0.420698,0.368902,0.331079,0.747614,0.126129,0.278625,0.620471,0.695746,0.430715
period15,1,1,1,1,0.998272,0.991413,0.989863,1,0.832516,0.414404,1,1,0.000623009,0.0896635,0.00105563,0.000639975,0.474566,0.987011,0.549829,0.00109796,0.392209,0.0571763,0.000641662,0.000639975,0.000639975,0.000682987,0.00909091,0.0688722,0.494427,0.651183,0.0982086,0.823464,0.419277,0.423364,0.52602,0.544436,0.63415,0.547238,0.660932,0.617948,0.528716,0.480654,0.459467,0.626539,0.683277,0.62815,0.335756
period16,1,1,1,1,0.998587,0.992645,0.992124,1,0.869793,0.417675,1,1,0.0253082,0.166538,0.00145653,0.00111156,0.485455,0.986911,0.674476,0.0746587,0.406775,0.0844678,0.000716543,0.00111156,0.00111156,0.000750831,0.00714286,0.127159,0.224247,0.960287,0.951968,0.110336,0.437959,0.248053,0.612743,0.196504,0.735809,0.744818,0.802343,0.456732,0.385469,0.856757,0.541409,0.197741,0.538304,0.436235,0.494679
period17,1,1,1,1,0.99913,0.99394,0.993568,1,0.888133,0.525484,1,1,0.168264,0.328121,0.00166729,0.00122164,0.491304,0.975014,0.732543,0.217104,0.398403,0.201748,0.000742523,0.00122164,0.00122164,0.000786812,0.00588235,0.135229,0.517279,0.409405,0.292999,0.26898,0.551878,0.0731142,0.866883,0.671137,0.618203,0.452291,0.84293,0.736155,0.548648,0.600011,0.397085,0.702344,0.612454,0.694788,0.565601
period18,1,1,1,1,0.999903,0.993808,0.993626,1,0.905364,0.622945,1,1,0.26597,0.474303,0.00186202,0.00799384,0.490476,1,0.776936,0.278366,0.389859,0.322006,0.00107915,0.00134458,0.00134458,0.000865208,0.00588235,0.160411,0.391775,0.266922,0.158182,0.155716,0.684841,0.683737,0.328474,0.686052,0.119884,0.598774,0.518567,0.222035,0.382415,0.648108,0.158837,0.427397,0.714946,0.843742,0.877062
period19,1,1,1,1,0.999904,0.995681,0.99533,1,0.920359,0.7044,1,1,0.321877,0.602943,0.00191924,0.0157501,0.489781,1,0.76661,0.32756,0.432723,0.52544,0.0065041,0.00144445,0.00144445,0.00092045,0.00434783,0.152785,0.181742,0.772185,0.808185,0.840179,0.499621,0.27798,0.36415,0.131811,0.263927,0.540689,0.314648,0.766653,0.271291,0.54518,0.246577,0.462773,0.817979,0.287284,0.0840594
period20,1,1,1,1,0.999892,0.996686,0.997018,1,0.90675,0.730485,1,1,0.402531,0.688114,0.00213756,0.0268503,0.488034,1,0.788182,0.357616,0.429925,0.605903,0.00823749,0.0100782,0.0100782,0.00106663,0.0305556,0.10525,1,0.0489468,0.288519,0.145352,0.288825,0.446668,0.511853,0.329129,0.455442,0.331791,0.611386,0.832891,0.295288,0.367911,0.28724,0.632784,0.509017,0.609298,0.395023
period21,1,1,1,1,0.999988,0.998815,0.999918,1,1,0.839394,1,1,0.496257,0.79899,0.00228459,0.0478016,0.486916,1,0.994435,1,0.471329,0.730795,0.00969715,0.0110418,0.0386116,0.0011609,0.087234,1,1,0.473706,0.492859,0.468217,0.300706,0.223526,0.339696,0.170803,0.460613,0.267271,0.218949,0.484158,0.0996527,0.524802,0.468238,0.80394,0.157942,0.665834,0.536579
period22,1,1,1,1,0.999989,0.998875,1,1,1,0.831,1,1,0.534281,0.791,0.0022847,0.114368,1,1,1,1,0.456829,0.753243,0.0194271,0.0206345,0.0675012,0.00117867,0.122414,1,1,0.515297,0.354779,0.651542,0.220455,0.0941212,0.453294,0.498034,0.627304,0.199244,0.388319,0.703826,0.526225,0.607728,0.353977,0.477526,0.374214,0.445221,0.300433
period23,1,1,1,1,0.999988,0.998839,1,1,1,0.864211,1,1,0.546459,0.843158,0.00236793,0.190778,1,1,1,1,0.470388,0.792978,0.0305822,0.0318083,0.131165,0.0012445,0.185,1,1,0.805328,0.390918,0.544395,0.751875,0.390309,0.557359,0.493192,0.344977,0.496384,0.133763,0.382602,0.419987,0.388693,0.53533,0.414131,0.591505,0.580506,0.3799
period24,1,1,1,1,0.999987,0.998812,1,1,1,0.877528,1,1,0.603219,0.9,0.00242649,0.224369,1,1,1,1,0.501785,0.824103,0.0734874,0.0338791,0.171455,0.00131531,0.225862,1,1,0.406232,1,0.351849,0.48355,0.878825,0.390504,0.289822,0.851848,0.388512,0.493165,0.37361,0.614398,0.530408,0.650833,0.231507,0.548077,0.0567311,0.0233982
