period6,0.860256,0.103742,0.00128205,0.744872,0.00266309,0.55001,0.757692,0.00882197,0.00882197,0.00215294,0.00149458,0.00142959,0.00142959,0.00142959,0.00215294,0.00164098,0.00215294,0.00236152,0.00149458,0.00142318,0.00149458,0.00149458,0.00158928,0.00158928,0.00142318,0.436442,0.302129,0.444908,0.125827,0.839736,0.459502,0.0589685,0.479783,0.686766,0.538784,0.755493,0.192534,0.0633197,0.405283,0.169657,0.468931,0.453308,0.398164,0.494436,0.579215,0.43187,0.34804,0.4734,0.683496
period7,0.898718,0.293666,0.00128205,0.847436,0.00266115,0.626487,0.821795,0.148323,0.0119731,0.00246401,0.00152529,0.00143263,0.00143263,0.00143263,0.00246401,0.00167437,0.00243137,0.00270158,0.00152529,0.00142348,0.00152529,0.00152529,0.0015953,0.0015953,0.00142348,0.373157,0.150305,0.492053,0.275116,0.497316,0.335752,0.850325,0.563287,0.397103,0.92513,0.799548,0.634824,0.520718,0.794041,0.541771,0.110822,0.424912,0.354133,0.454964,0.400653,0.334425,0.572417,0.773306,0.461521
period8,0.896053,0.599966,0.00131579,0.882895,0.0027277,0.713787,0.896053,0.497019,0.345746,0.00255526,0.00156795,0.00147052,0.00147052,0.00147052,0.00255526,0.00172229,0.286631,0.0234422,0.00156795,0.00146091,0.00156795,0.00156795,0.00163777,0.00163777,0.00146091,0.197887,0.594618,0.357037,0.468247,0.14627,0.453639,0.476059,0.426544,0.413511,0.415024,0.44194,0.40206,0.454981,0.754805,0.41121,0.732444,0.343535,0.706865,0.34032,0.280172,0.446483,0.322863,0.711032,0.532415
period9,0.958571,0.876782,0.00142857,0.944286,0.00294109,0.845626,0.958571,0.752546,0.61742,0.00287254,0.00171172,0.0015973,0.0015973,0.0015973,0.00287254,0.00187996,0.540526,0.0245813,0.00171172,0.00158602,0.00171172,0.00171172,0.00177955,0.00177955,0.00158602,0.269743,0.454341,0.132084,0.727035,0.543531,0.466537,0.47373,0.445666,0.94751,0.391965,0.307286,0.761735,0.480097,0.483217,0.552094,0.539289,0.390638,0.53586,0.265677,0.357665,0.39254,0.26333,0.386692,0.300103
period10,0.972059,0.902365,0.00147059,0.972059,0.00299076,0.909471,0.972059,0.853059,0.824853,0.00314952,0.00178091,0.00164606,0.00164606,0.00164606,0.00314952,0.00195573,0.716449,0.0144579,0.00178091,0.00163277,0.00178091,0.00178091,0.00183542,0.00183542,0.00163277,0.675325,0.854128,0.641324,0.519365,0.643989,0.518222,0.896575,0.572905,0.0478432,0.420339,0.0726494,0.759466,0.150452,0.344492,0.36593,0.766603,0.384941,0.324559,0.336405,0.77695,0.262773,0.710637,0.377469,0.437126
period11,0.998538,0.969496,0.00153846,0.998538,0.00183371,1,0.986154,0.927158,0.912008,0.00325493,0.00185895,0.0017215,0.0017215,0.0017215,0.00325493,0.00204112,0.840749,0.0213294,0.00185895,0.00170796,0.00185895,0.00185895,0.001919,0.001919,0.00170796,0.182288,0.363238,0.363221,0.317501,0.563106,0.218595,0.639587,0.522762,0.655901,0.555784,0.50177,0.890668,0.63111,0.790702,0.304937,0.173585,0.541949,0.307565,0.668524,0.086794,0.285123,0.213999,0.578378,0.263997
period12,0.999851,1,0.0015625,0.998554,0.00185847,1,0.985938,0.973349,0.973349,0.00418594,0.00197455,0.00175687,0.00175687,0.00175687,0.00418594,0.00216567,0.901492,0.168408,0.00197455,0.00173544,0.00197455,0.00197455,0.00196566,0.00196566,0.00173544,0.59701,0.599924,0.591362,0.450436,0.5451,0.743168,0.401618,0.0860929,0.745391,0.230119,0.701049,0.506321,0.220604,0.433386,0.364472,0.460513,0.210969,0.202183,0.408545,0.431729,0.321144,0.679697,0.583284,0.233727
period13,0.999969,1,0.0016129,0.998507,0.00191823,1,0.997107,0.997042,0.982895,0.00329581,0.00193717,0.0018035,0.0018035,0.0018035,0.00329581,0.00212556,1,0.216309,0.00193717,0.00179034,0.00193717,0.00193717,0.0020091,0.0020091,0.00179034,0.460937,0.196357,0.557319,0.418638,0.405995,0.420052,0.356778,0.100782,0.0703958,0.643619,0.413422,0.696415,0.312568,0.607271,0.627542,0.309444,0.20283,0.193022,0.42947,0.48238,0.87858,0.189936,0.742024,0.299604
period14,0.999967,1,0.00172414,0.998401,0.00205044,1,0.996923,0.99688,0.981733,0.00351934,0.00207,0.00192757,0.00192757,0.00192757,0.00351934,0.00227105,1,0.296347,0.00207,0.00191357,0.00207,0.00207,0.00214697,0.00214697,0.00191357,0.417611,0.480591,0.513724,0.540376,0.51143,0.643658,0.862033,0.170326,0.702881,0.198345,0.0795116,0.372442,0.819458,0.521294,0.58207,0.358931,0.668561,0.640414,0.715521,0.625602,0.492256,0.371409,0.21553,0.476612
period15,0.999962,1,0.00196078,0.998174,0.00233168,1,0.99648,0.996426,0.979215,0.00399856,0.0023528,0.00219145,0.00219145,0.00219145,0.00399856,0.00258066,1,0.356554,0.0023528,0.00217563,0.0023528,0.0023528,0.00244012,0.00244012,0.00217563,0.257558,0.544185,0.776511,0.371472,0.595778,0.350955,0.89219,0.482884,0.226805,0.54877,0.436704,0.0881503,0.56389,0.0920705,0.322233,0.358109,0.337526,0.527371,0.43561,0.66931,0.472216,0.385697,0.3004,0.548649
period16,0.99996,1,0.00208333,0.998056,0.0024773,1,0.996249,0.996188,0.977909,0.00424637,0.00249912,0.00232804,0.00232804,0.00232804,0.00424637,0.00274081,1,0.420421,0.00249912,0.00231129,0.00249912,0.00249912,0.00259178,0.00259178,0.00231129,0.340999,0.25264,0.69431,0.240812,0.310033,0.329789,0.819349,0.56491,0.156702,0.484655,0.360574,0.111603,0.411981,0.146292,0.61527,0.275926,0.702455,0.477899,0.518607,0.34318,0.269121,0.240856,0.437814,0.279061
period17,0.99995,1,0.0025,0.99765,0.00297233,1,0.995451,0.995367,0.973466,0.00508709,0.00299599,0.00279211,0.00279211,0.00279211,0.00508709,0.00328428,1,0.504363,0.00299599,0.00277223,0.00299599,0.00299599,0.00310669,0.00310669,0.00277223,0.400516,0.18324,0.397697,0.713517,0.363491,0.78311,0.61382,0.237793,0.40772,0.0282624,0.743342,0.356768,0.775064,0.412217,0.366184,0.584857,0.482808,0.477029,0.429224,0.490437,0.405885,0.362387,0.526626,0.330675
period18,0.999935,1,0.034375,0.99703,0.00511635,1,0.994223,0.994096,0.966784,0.0365548,0.00493563,0.00360314,0.00360314,0.00360314,0.00634282,0.00421364,1,0.598985,0.00493563,0.00347405,0.00373946,0.00373946,0.00388823,0.00388823,0.00347405,0.801958,0.303212,0.172489,0.344279,0.140032,0.554288,0.231898,0.658948,0.215497,0.464447,0.131026,0.703406,0.477522,0.729877,0.120016,0.368749,0.123748,0.642071,0.191356,0.420384,0.439426,0.424772,0.111091,0.215094
period19,0.999923,1,0.0407407,0.996443,0.00606181,1,1,0.996267,0.9666,0.04272,0.00581785,0.00426394,0.00426394,0.00426394,0.00692002,0.00492562,1,0.676242,0.00581785,0.00411431,0.00437008,0.00437008,0.00459067,0.00459067,0.00411431,0.0859624,0.0247959,0.488752,0.581346,0.424932,0.504601,0.502071,0.249551,0.19,0.882878,0.467237,0.493368,0.39205,0.490432,0.292557,0.490881,0.337992,0.496167,0.779332,0.449833,0.476274,0.459778,0.450941,0.415188
period20,0.999985,1,0.05,1,0.0320238,1,1,0.995346,0.959078,0.0520461,0.00711637,0.00522474,0.00522474,0.00522474,0.00845167,0.00602494,1,0.739385,0.00711637,0.00504418,0.0053522,0.0053522,0.00562114,0.00562114,0.00504418,0.838487,0.45429,0.196303,0.462189,0.620512,0.849097,0.579826,0.405885,0.693316,0.412492,1,0.624906,0.363244,0.424671,0.729264,0.496691,0.362425,0.53998,0.481512,0.38013,0.27974,0.279186,0.374876,0.409381
period21,0.999976,1,0.0733333,1,0.0469524,1,1,1,0.93998,0.0749339,0.0103543,0.00763307,0.00763307,0.00763307,0.0122685,0.00876571,1,0.701587,0.0103543,0.00737909,0.00781173,0.00781173,0.00819775,0.00819775,0.00737909,0.493464,0.31813,0.727868,0.594525,0.480999,0.170127,0.798242,0.745187,0.389824,0.572275,1,0.596542,0.492846,0.41724,0.305455,0.315025,0.323478,0.317712,0.368539,0.640063,0.413967,0.281697,0.294912,0.323876
period22,1,1,0.0846154,1,0.0541667,1,1,1,1,0.0846154,0.011859,0.00878698,0.00878698,0.00878698,0.0846154,0.0129042,1,1,0.0541667,0.00850341,0.011859,0.011859,0.00995175,0.00995175,0.00850341,0.102786,0.583342,0.338894,0.0903458,0.527714,0.440241,0.513045,0.168554,0.412807,0.0910594,1,0.222356,0.147969,0.407239,0.411796,0.198769,0.349415,0.611537,0.483858,0.474056,0.38936,0.343839,0.0953123,0.273202
period23,1,1,0.11,1,0.0703889,1,1,1,1,0.11,0.0153889,0.011385,0.011385,0.011385,0.11,0.016691,1,1,0.0703889,0.0110247,0.0153889,0.0153889,0.0128509,0.0128509,0.0110246,0.279222,0.548028,0.118505,0.261038,0.496538,0.185053,0.265129,0.235584,0.484698,0.425312,1,0.193366,0.40613,0.310316,0.357023,0.318633,0.230492,0.431035,0.226405,0.449531,0.382738,0.41384,0.305674,0.191932
