period7,1,0.501087,1,0.000869565,0.000955766,0.792174,0.968478,0.0216437,0.0218396,0.00301511,0.00301511,0.00301511,0.00116845,0.00116845,0.000985395,0.000985395,0.000967248,1,0.614567,0.894349,0.00301511,0.00144582,0.00116845,0.00116845,0.00128189,0.000985395,0.00116845,0.00109816,0.000967248,0.000967248,0.00106028,0.296693,0.838269,0.584093,0.363562,0.649672,0.218568,0.844953,0.529644,0.614318,0.525681,0.353294,0.181627,0.806497,0.483561,0.393982,0.442838,0.338987,0.422341,0.244835,0.393158,0.208259,0.589852,0.521873,0.618672,0.4432,0.62109,0.419187,0.370098
period8,1,0.870652,1,0.000869565,0.000955766,0.792174,0.990217,0.0216437,0.0222154,0.00301511,0.00301511,0.00301511,0.00116845,0.00116845,0.000985395,0.000985395,0.000967248,1,0.948282,0.959045,0.00301511,0.00144582,0.00116845,0.00116845,0.00128189,0.000985395,0.00116845,0.00109816,0.000967248,0.000967248,0.00106028,0.957934,0.74672,0.357348,0.167542,0.865512,0.684052,0.291525,0.631196,0.480569,0.219692,0.579961,0.965691,0.510768,0.727832,0.348242,0.17749,0.388562,0.376712,0.391152,0.594119,0.283289,0.537755,0.57324,0.601297,0.631648,0.635248,0.106475,0.851484
period9,1,0.925,1,0.000869565,0.000955766,0.792174,0.990217,0.159413,0.0222154,0.0017868,0.0017868,0.0017868,0.00104669,0.00104669,0.000973324,0.000973324,0.000966051,1,0.969808,0.959045,0.0017868,0.00122319,0.00104669,0.00104669,0.00115023,0.000973324,0.00104669,0.00107524,0.000966051,0.000966051,0.00106006,0.343004,0.362961,0.479512,0.302032,0.26526,0.376473,0.088265,0.403875,0.532574,0.214782,0.841557,0.0225735,0.141437,0.149188,0.358386,0.699221,0.429278,0.534253,0.611447,0.321285,0.42428,0.40961,0.623951,0.435473,0.591108,0.474914,0.303102,0.360518
period10,1,1,1,0.00956522,0.00134706,0.792174,1,0.279961,0.0388648,0.0288432,0.00175021,0.00175021,0.00104306,0.00104306,0.000972965,0.000972965,0.000966016,1,0.979348,1,0.00175021,0.00175944,0.00158818,0.00104306,0.00114627,0.000972965,0.00104306,0.00107455,0.000966016,0.000966016,0.00106005,0.15155,0.4406,0.354975,0.605116,0.749959,0.428107,0.536557,0.538283,0.707286,0.315362,0.255584,0.622419,0.371451,0.0653384,0.556143,0.375022,0.191257,0.631112,0.416567,0.556476,0.385695,0.497263,0.280222,0.234321,0.175775,0.155522,0.316403,0.153195
period11,1,1,1,0.00956522,0.00134706,0.792174,1,0.374678,0.0474754,0.162313,0.00173712,0.00173712,0.00104177,0.00104177,0.000972836,0.000972836,0.000966003,1,0.979348,1,0.010658,0.00258951,0.0102607,0.00104177,0.00114486,0.000972836,0.00104177,0.00107431,0.000966003,0.000966003,0.00106005,0.36271,0.186707,0.713345,1,0.463491,0.476124,0.499837,0.572523,0.623047,0.936858,0.597608,0.0843886,0.604646,0.680884,0.917908,0.360056,0.569964,0.428325,0.461032,0.283103,0.826693,0.189369,0.810004,0.393935,0.467739,0.312555,0.4532,0.37432
period12,1,1,1,0.080531,0.0177956,0.788496,1,0.451319,0.127159,0.281577,0.00175995,0.00175995,0.00105939,0.00105939,0.000989958,0.000989958,0.000983075,1,0.99,1,0.0468918,0.0088661,0.0369532,0.00105939,0.00116421,0.000989958,0.00105939,0.00109314,0.000983075,0.000983075,0.00107877,0.0591303,0.692012,0.388436,1,0.508123,0.48656,0.314754,0.684811,0.219543,0.306692,0.94958,0.392259,0.657781,0.161483,0.655055,0.0726833,0.220044,0.306026,0.0921962,0.434799,0.15092,0.496672,0.529692,0.661898,0.623013,0.367245,0.783121,0.15648
period13,1,1,1,0.137273,0.0961411,1,1,0.587356,0.185057,0.40846,0.00182893,0.00182893,0.00109032,0.00109032,0.00101713,0.00101713,0.00100988,1,1,1,0.126077,0.0211188,0.134377,0.00109032,0.00119816,0.00101713,0.00109032,0.00112328,0.00100988,0.00100988,0.00110814,0.641491,0.157566,0.837618,1,0.645964,0.248026,0.589556,0.0251496,0.349218,0.954648,0.825649,0.211561,0.14359,0.510048,0.495021,0.658255,0.515686,0.422602,0.734482,0.445083,0.157597,0.559247,0.39929,0.526908,0.523368,0.704836,0.636379,0.58319
period14,1,1,1,0.186598,0.129684,1,1,0.690541,0.244595,0.506626,0.0020007,0.0020007,0.00122894,0.00122894,0.00115255,0.00115255,0.001145,1,1,1,0.227754,0.0648011,0.209982,0.00122894,0.00135032,0.00115255,0.00122894,0.0012721,0.001145,0.001145,0.00125632,0.140292,0.554451,0.467949,1,0.408411,0.544844,0.270469,0.607322,0.649112,0.433987,0.541569,0.883347,0.670225,0.676612,0.470421,0.251229,0.279474,0.558903,0.404471,0.80249,0.572831,0.334095,0.690393,0.106368,0.699262,0.14798,0.562634,0.498973
period15,1,1,1,0.212941,0.192822,1,1,0.747619,0.287302,0.578511,0.0022217,0.0022217,0.00139603,0.00139603,0.00131443,0.00131443,0.00130637,1,1,1,0.267003,0.135587,0.291656,0.00139603,0.00153368,0.00131443,0.00139603,0.00145006,0.00130637,0.00130637,0.00143323,0.812707,0.397489,0.490956,1,0.4631,0.484225,0.546026,0.501855,0.205222,0.154635,0.228657,0.429988,0.559274,0.0288471,0.638785,0.405271,0.817203,0.547591,0.634419,0.507058,0.212046,0.530175,0.250407,0.926658,0.358713,0.590313,0.718296,0.558465
period16,1,1,1,0.264474,0.229265,1,1,0.783636,0.383636,0.590164,0.00243664,0.00243664,0.00155625,0.00155625,0.00146937,0.00146937,0.00146079,1,1,1,0.323015,0.203717,0.401917,0.00155625,0.00170945,0.00146937,0.00155625,0.00162037,0.00146079,0.00146079,0.00160248,0.602384,0.776426,0.477139,1,0.553392,0.254429,0.0788125,0.541348,0.272205,0.258416,0.640036,0.273755,0.359846,0.455674,0.919855,0.468883,0.292607,0.331697,0.336296,0.637765,0.880678,0.539965,0.707305,0.445421,0.682797,0.228948,0.707339,0.324881
period17,1,1,1,0.355385,0.284362,1,1,0.846667,0.513333,0.654021,0.00273884,0.00273884,0.00180813,0.00180813,0.00171649,0.00171649,0.00170747,1,1,1,0.393508,0.253473,0.48834,0.00180813,0.00198567,0.00171649,0.00180813,0.0018916,0.00170747,0.00170747,0.00187278,0.310476,0.426744,0.456261,1,0.421004,0.130955,0.898992,0.30204,0.757789,0.296964,0.441736,0.262788,0.392617,0.246657,0.762352,0.833563,0.699348,0.579684,0.452322,0.567269,0.118009,0.0687707,0.384282,0.475722,0.656746,0.342857,0.274581,0.298508
period18,1,1,1,0.438182,0.389165,1,1,0.999984,0.64359,0.998891,0.0029412,0.0029412,0.00210695,0.00210695,0.00202505,0.00202505,0.002017,1,1,1,1,0.854163,1,0.00210695,0.00231321,0.00202505,0.00210695,0.0022287,0.002017,0.002017,0.00221194,0.356655,0.551677,0.187188,1,0.536676,0.560663,0.619304,0.371336,0.795889,0.281067,0.785086,0.334492,0.135206,0.40205,0.10087,0.746645,0.556589,0.212495,0.640872,0.50258,0.641259,0.506801,0.530805,0.420557,0.173624,0.0858474,0.458987,0.479299
period19,1,1,1,0.492157,0.458145,1,1,0.999989,0.717143,0.998806,0.0343747,0.00312502,0.00226716,0.00226716,0.00218305,0.00218305,0.00217481,1,1,1,1,0.776464,1,0.00364998,0.00386842,0.00218305,0.00226716,0.00240189,0.00217481,0.00217481,0.0023847,0.252121,0.478861,0.436276,1,0.392722,0.537282,0.182945,0.528757,0.128916,0.0489336,0.51013,0.670574,0.779812,0.046717,0.121865,0.26967,0.521324,0.0743787,0.318339,0.647395,0.605583,0.588945,0.457891,0.403962,0.318786,0.532043,0.212726,0.523329
period20,1,1,1,0.995546,1,1,1,0.999982,0.745161,0.998465,0.141377,0.0724126,0.00473272,0.00473272,0.00284296,0.00284296,0.00265848,1,1,1,1,0.853841,1,0.00508707,0.00553627,0.00284296,0.00473272,0.00329654,0.00265848,0.00265848,0.00289666,0.732602,0.158915,0.415472,1,0.413629,0.367552,0.432139,0.609077,0.164233,0.315921,0.464836,0.427417,0.436359,0.903661,0.732473,0.796216,0.289366,0.426414,0.739194,0.751172,0.546828,0.644097,0.348886,0.283936,0.792969,0.335643,0.495092,0.38998
period21,1,1,1,0.995549,1,1,1,0.999979,0.77,0.998377,0.217853,0.217853,0.0365344,0.0365344,0.00429715,0.00429715,0.00291897,1,1,1,1,0.853774,1,0.00541262,0.00897009,0.00429715,0.00541262,0.00888949,0.00291897,0.00291897,0.0030644,0.673018,0.314137,0.618555,1,0.513837,0.0995793,0.314077,0.60728,0.498692,0.556485,0.172736,0.362272,0.26393,0.477718,0.0718099,0.751778,0.530764,0.404327,0.473084,0.426865,0.220308,0.659853,0.325231,0.586836,0.229869,0.546002,0.5241,0.433323
period22,1,1,1,0.993332,1,1,1,0.999981,0.811538,0.998297,0.363993,0.283995,0.183604,0.0416065,0.00489913,0.0257024,0.0041507,1,1,1,1,0.853714,1,0.00608611,0.0207314,0.036382,0.0061071,0.00875515,0.00333306,0.0041507,0.0036565,1,0.448968,0.39535,1,0.464983,0.365431,0.658514,0.4517,0.519911,0.727049,0.466084,0.697369,0.47527,0.443333,0.565718,0.467239,0.485092,0.32034,0.802911,0.429556,0.639909,0.589714,0.358794,0.294736,0.575464,0.410015,0.453741,0.467805
period23,1,1,1,0.994863,1,1,1,0.999978,0.8375,0.998348,0.439121,0.439121,0.285982,0.246062,0.00641493,0.147022,0.00598679,1,1,1,1,0.90367,1,0.0464615,0.0272685,0.256665,0.00654146,0.0200732,0.00374645,0.0353911,0.0054298,1,0.472564,0.479999,1,0.0582369,0.346078,0.774754,0.347808,0.45212,0.601125,0.323372,0.0847946,0.173882,0.351843,0.41209,0.62978,0.280525,0.482041,0.507275,0.559619,0.256091,0.357162,0.322206,0.469,0.397302,0.390417,0.56387,0.537205
period24,1,1,1,0.995533,1,1,1,0.999983,0.905,0.998769,0.504992,0.504992,0.420678,0.420678,0.00742523,0.301899,0.00726425,1,1,1,1,0.899015,1,0.0993193,0.0392623,0.301899,0.00750265,0.0212686,0.00441873,0.158214,0.00748851,1,0.733532,0.485333,1,0.767074,0.114515,0.425698,0.54226,0.542796,0.251184,0.495206,0.191134,0.343185,0.397781,0.20538,0.490739,0.311498,0.664152,0.589575,0.380788,0.429542,0.349389,0.317708,0.184058,0.37425,0.593884,0.161082,0.440973
period25,1,1,1,0.996698,1,1,1,0.999978,0.905,0.998614,0.654986,0.654986,0.568749,0.475179,0.00759994,0.353185,0.00751769,1,1,1,1,0.95145,1,0.288041,0.0377548,0.357455,0.0541171,0.0925947,0.00457692,0.282217,0.00799517,1,0.496713,0.77217,1,0.110152,0.227272,0.659771,0.483833,0.506408,0.420445,0.176634,0.136546,0.297845,0.322319,0.29205,0.621263,0.0893426,0.462776,0.362279,0.311632,0.291285,0.479526,0.470382,0.384388,0.397796,0.446695,0.424861,0.446847
