period7,0.998897,0.500539,1,0.000869565,0.000955766,1,0.967415,0.00119603,0.00216108,0.000988128,0.000988128,0.000988128,0.000967519,0.000967519,0.000965476,0.000965476,0.000965273,1,0.613896,0.893372,0.000988128,0.00106421,0.000967519,0.000967519,0.00106322,0.000965476,0.000967519,0.00106033,0.000965273,0.000965273,0.00105991,0.296693,0.838269,0.583566,0.3635,0.650789,0.218809,0.846468,0.530518,0.615364,0.526546,0.353345,0.181629,0.806639,0.483638,0.393988,0.442845,0.339035,0.42234,0.244864,0.393165,0.208305,0.589862,0.522375,0.618913,0.443283,0.621054,0.41968,0.369946
period8,0.998897,0.869697,1,0.000869565,0.000955766,1,0.98913,0.00119603,0.00216213,0.000988128,0.000988128,0.000988128,0.000967519,0.000967519,0.000965476,0.000965476,0.000965273,1,0.947245,0.957996,0.000988128,0.00106421,0.000967519,0.000967519,0.00106322,0.000965476,0.000967519,0.00106033,0.000965273,0.000965273,0.00105991,0.957934,0.74672,0.357373,0.16764,0.867069,0.685239,0.291914,0.632276,0.481343,0.219935,0.580058,0.965708,0.51085,0.727959,0.348247,0.177492,0.38862,0.376726,0.391211,0.594086,0.283411,0.537716,0.573426,0.601295,0.631937,0.635354,0.106588,0.851403
period9,0.998897,0.923985,1,0.000869565,0.000955766,1,0.98913,0.174917,0.00216213,0.00186234,0.00186234,0.00186234,0.00105418,0.00105418,0.000974067,0.000974067,0.000966125,1,0.968748,0.957996,0.00186234,0.00123811,0.00105418,0.00105418,0.00115845,0.000974067,0.00105418,0.00107665,0.000966125,0.000966125,0.00106007,0.343004,0.362961,0.479386,0.30224,0.265248,0.376452,0.0882659,0.403852,0.532541,0.214773,0.841551,0.0225736,0.141437,0.149188,0.358386,0.69922,0.429276,0.534253,0.611444,0.321286,0.424278,0.409609,0.623947,0.435474,0.591098,0.474913,0.303099,0.360518
period10,0.998897,0.934842,1,0.00956522,0.00134706,1,0.98913,0.326923,0.023665,0.0334842,0.00184645,0.00184645,0.0010526,0.0010526,0.00097391,0.00097391,0.000966109,1,0.968748,0.957996,0.00184645,0.0018805,0.00170007,0.0010526,0.00115675,0.00097391,0.0010526,0.00107635,0.000966109,0.000966109,0.00106007,0.15155,0.4406,0.354123,0.601512,0.746855,0.4277,0.536515,0.538241,0.707228,0.315342,0.255583,0.622418,0.371448,0.0653387,0.556143,0.375022,0.191257,0.631112,0.416564,0.556476,0.385684,0.497266,0.280218,0.234322,0.175769,0.155522,0.3164,0.153194
period11,1,1,1,0.00956522,0.00134706,1,0.999972,0.446739,0.0336975,0.193271,0.00181131,0.00181131,0.00104912,0.00104912,0.000973565,0.000973565,0.000966075,1,1,0.968452,0.012448,0.00286239,0.012021,0.00104912,0.00115293,0.000973565,0.00104912,0.00107569,0.000966075,0.000966075,0.00106006,0.36271,0.186707,0.713348,1,0.462413,0.479569,0.499807,0.572487,0.623008,0.936795,0.597604,0.0843886,0.604643,0.680879,0.917907,0.360056,0.56996,0.428323,0.46103,0.283104,0.826692,0.189369,0.810001,0.393935,0.467736,0.312556,0.453171,0.374322
period12,1,1,1,0.080531,0.0177956,1,1,0.545556,0.134444,0.340046,0.00180118,0.00180118,0.00106348,0.00106348,0.000990363,0.000990363,0.000983116,1,1,1,0.0563567,0.0104297,0.0443732,0.00106348,0.0011687,0.000990363,0.00106348,0.00109391,0.000983116,0.000983116,0.00107878,0.0591303,0.692012,0.388436,1,0.502505,0.449204,0.314745,0.684787,0.219538,0.306683,0.949576,0.392259,0.657778,0.161483,0.655055,0.0726833,0.220044,0.306026,0.0921962,0.434799,0.150916,0.496672,0.529677,0.661894,0.623012,0.367245,0.783123,0.15648
period13,1,1,1,0.137273,0.0961411,1,0.999999,0.587356,0.185057,0.40846,0.00182893,0.00182893,0.00109032,0.00109032,0.00101713,0.00101713,0.00100988,1,1,1,0.126077,0.0211188,0.134377,0.00109032,0.00119816,0.00101713,0.00109032,0.00112328,0.00100988,0.00100988,0.00110814,0.641491,0.157566,0.837618,1,0.645964,0.248026,0.589556,0.0251496,0.349218,0.954648,0.825649,0.211561,0.14359,0.510048,0.495021,0.658255,0.515686,0.422602,0.734482,0.445083,0.157597,0.559247,0.39929,0.526908,0.523368,0.704836,0.636379,0.58319
period14,1,1,1,0.186598,0.129684,1,1,0.690541,0.244595,0.506626,0.0020007,0.0020007,0.00122894,0.00122894,0.00115255,0.00115255,0.001145,1,1,1,0.227754,0.0648011,0.209982,0.00122894,0.00135032,0.00115255,0.00122894,0.0012721,0.001145,0.001145,0.00125632,0.140292,0.554451,0.467949,1,0.408411,0.544844,0.270469,0.607322,0.649112,0.433987,0.541569,0.883347,0.670225,0.676612,0.470421,0.251229,0.279474,0.558903,0.404471,0.80249,0.572831,0.334095,0.690393,0.106368,0.699262,0.14798,0.562634,0.498973
period15,1,1,1,0.212941,0.192822,1,1,0.747619,0.287302,0.578511,0.0022217,0.0022217,0.00139603,0.00139603,0.00131443,0.00131443,0.00130637,1,1,1,0.267003,0.135586,0.291656,0.00139603,0.00153368,0.00131443,0.00139603,0.00145006,0.00130637,0.00130637,0.00143323,0.812707,0.397489,0.490956,1,0.4631,0.484225,0.546026,0.501855,0.205222,0.154635,0.228657,0.429988,0.559274,0.0288471,0.638785,0.405271,0.817203,0.547591,0.634419,0.507058,0.212046,0.530175,0.250407,0.926658,0.358713,0.590313,0.718296,0.558465
period16,1,1,1,0.264474,0.229265,1,1,0.997644,0.383636,0.997629,0.00227451,0.00227451,0.00154025,0.00154025,0.00146779,0.00146779,0.00146064,1,1,1,0.410401,0.329515,1,0.00154025,0.0016919,0.00146779,0.00154025,0.00161737,0.00146064,0.00146064,0.00160245,0.602384,0.776426,0.477139,1,0.41417,0.352073,0.0788091,0.541419,0.272233,0.258442,0.640044,0.273755,0.35985,0.45568,0.919856,0.468884,0.29261,0.331696,0.3363,0.637763,0.880691,0.539968,0.707342,0.445427,0.682795,0.228949,0.707342,0.32488
period17,1,1,1,0.355385,0.284362,1,1,0.99824,0.513333,0.997976,0.00256611,0.00256611,0.00179112,0.00179112,0.00171482,0.00171482,0.00170731,1,1,1,0.463292,0.37195,1,0.00179112,0.00196703,0.00171482,0.00179112,0.00188842,0.00170731,0.00170731,0.00187275,0.310476,0.426744,0.456262,1,0.517236,0.108379,0.89913,0.302075,0.757903,0.296998,0.441742,0.262789,0.392622,0.246659,0.762353,0.833564,0.699358,0.579685,0.452328,0.567269,0.117978,0.0687691,0.384299,0.475724,0.656785,0.342857,0.274587,0.29851
period18,1,1,1,0.438182,0.389165,1,0.999999,0.998026,0.643589,0.99794,0.00294434,0.00294434,0.00210726,0.00210726,0.00202508,0.00202508,0.00201701,1,1,1,0.560665,0.48377,1,0.00210726,0.00231355,0.00202508,0.00210726,0.00222876,0.00201701,0.00201701,0.00221194,0.356655,0.551677,0.187189,1,0.536588,0.560508,0.619302,0.371335,0.795887,0.281066,0.785086,0.334492,0.135206,0.40205,0.10087,0.746645,0.556589,0.212495,0.640872,0.50258,0.641259,0.506801,0.530806,0.420557,0.173624,0.0858473,0.458986,0.479299
period19,1,1,1,0.492157,0.458145,1,1,1,0.717143,1,0.034375,0.003125,0.00226716,0.00226716,0.00218305,0.00218305,0.00217481,1,1,1,0.659375,0.519327,1,0.00365,0.00386844,0.00218305,0.00226716,0.00240189,0.00217481,0.00217481,0.0023847,0.252121,0.478861,0.436276,1,0.392659,0.537365,0.182945,0.528757,0.128916,0.0489337,0.51013,0.670574,0.779812,0.046717,0.121865,0.26967,0.521324,0.0743787,0.318339,0.647395,0.605583,0.588945,0.457891,0.403962,0.318786,0.532043,0.212726,0.523329
period20,1,1,1,0.55,0.531743,1,1,1,0.745161,1,0.141379,0.0724138,0.00473276,0.00473276,0.00284296,0.00284296,0.00265848,1,1,1,0.658621,0.569948,1,0.00508711,0.00553631,0.00284296,0.00473276,0.00329655,0.00265848,0.00265848,0.00289666,0.784185,0.202815,0.415472,1,0.413401,0.3676,0.432138,0.609076,0.164234,0.315922,0.464836,0.427417,0.436359,0.903661,0.732473,0.796216,0.298495,0.42745,0.766008,0.767112,0.546828,0.644097,0.348887,0.283936,0.792969,0.335643,0.495092,0.38998
period21,1,1,1,0.5775,0.558329,1,1,1,0.77,1,0.217857,0.217857,0.0365351,0.0365351,0.00429718,0.00429718,0.00291897,1,1,1,0.682143,0.591179,1,0.00541267,0.00897021,0.00429718,0.00541267,0.0088896,0.00291897,0.00291897,0.0030644,0.436252,0.476991,0.618555,1,0.514284,0.0986605,0.314076,0.607279,0.49869,0.556484,0.172736,0.362272,0.26393,0.477718,0.0718099,0.751778,0.533363,0.404091,0.437667,0.413287,0.220308,0.659852,0.32523,0.586836,0.229869,0.546001,0.5241,0.433323
