period7,0.853299,0.995431,0.930705,0.916649,0.534305,0.0474793,0.0389649,0.0225886,0.0474793,0.000981453,0.162657,0.0946511,0.00913071,0.000981453,0.00184258,0.00141605,0.393442,0.36279,0.000941428,0.000981453,0.000605261,0.000605261,0.0006485,0.00141605,0.00141605,0.000690937,0.000885545,0.000601279,0.249592,0.15358,0.121807,0.500076,0.47932,0.338068,0.401165,0.45142,0.848994,0.517891,0.459965,0.622748,0.556411,0.199577,0.299383,0.178304,0.551726,0.454774,0.213352
period8,1,1,1,1,0.573514,0.0493293,0.0404624,0.0369239,0.290527,0.00630667,0.213706,0.140161,0.00108987,0.00630667,0.00106528,0.000616048,0.432973,0.504924,0.000957274,0.00102437,0.00082232,0.00397565,0.000568906,0.000616048,0.000616048,0.000613602,0.000919829,0.000602856,0.759558,0.261772,0.582238,0.462498,0.613234,0.747643,0.632709,0.729891,0.562535,0.328342,0.324777,0.655577,0.575787,0.365051,0.602529,0.631236,0.318725,0.441539,0.455977
period9,1,1,1,1,0.726842,0.0481537,0.0443262,0.0364125,0.35144,0.156063,0.315228,0.201153,0.00109199,0.0165204,0.00105991,0.000616259,0.447895,0.508313,0.00538422,0.00101572,0.0211459,0.00918018,0.000568927,0.000616259,0.000616259,0.000613067,0.000914418,0.000776668,0.649729,0.634009,0.299505,0.61612,0.226634,0.225012,0.480417,0.517659,0.600899,0.39365,0.529694,0.497876,0.381159,0.23058,0.146595,0.627025,0.276123,0.674963,0.78805
period10,1,1,1,1,0.901562,0.0632739,0.0447981,0.0367945,0.389702,0.318928,0.548731,0.272859,0.00109718,0.0266513,0.00106493,0.000616776,0.448437,0.60732,0.00543587,0.00101301,0.208567,0.0142768,0.000568979,0.000616776,0.000616776,0.000613567,0.000918461,0.000779224,0.623183,0.571178,0.688304,0.445648,0.369013,0.422764,0.399168,0.359028,0.413283,0.531651,0.620398,0.444673,0.534939,0.424112,0.431,0.275515,0.326188,0.531942,0.859731
period11,1,1,1,1,0.995288,0.978909,0.986783,1,0.423999,0.386971,1,1,0.000589148,0.0390748,0.00903151,0.00056623,1,0.907896,0.2781,0.00102359,0.312751,0.0303003,0.00056395,0.00056623,0.00056623,0.00140618,0.0111111,0.00732463,0.23415,0.0893661,0.760628,0.135092,0.165543,0.297429,0.639483,0.0784894,0.371405,0.584858,0.722237,0.121232,0.643717,0.699821,0.730527,0.25649,0.571395,0.255005,0.427492
period12,1,1,1,1,0.997622,0.988162,0.98718,1,0.427341,0.373613,1,1,0.000580657,0.044889,0.0045503,0.000586859,1,0.942779,0.183982,0.00105918,0.353013,0.0359401,0.000587476,0.000586859,0.000586859,0.000981723,0.0111111,0.00412073,0.687032,0.519253,0.669733,0.527569,0.157585,0.535485,0.64766,0.237515,0.599995,0.511543,0.422302,0.286483,0.364269,0.528248,0.416973,0.354505,0.511432,0.623777,0.230004
period13,1,1,1,1,0.997746,0.988844,0.987437,1,0.538251,0.401993,1,1,0.000576839,0.04499,0.00117896,0.000586479,1,0.965065,0.0787855,0.00105114,0.365026,0.0410186,0.000587438,0.000586479,0.000586479,0.000646372,0.0111111,0.00149098,0.275307,0.0156737,0.664328,0.558957,0.917917,0.93772,0.473064,0.909134,0.521436,0.586901,0.660478,0.437656,0.478478,0.550863,0.514095,0.533467,0.44953,0.479828,0.0787693
period14,1,1,1,1,0.997646,0.98862,0.987427,1,0.76544,0.414018,1,1,0.000577783,0.061585,0.00104898,0.000586573,1,0.976054,0.235628,0.0010106,0.393286,0.0420971,0.000587447,0.000586573,0.000586573,0.000633444,0.0111111,0.00140577,0.451689,0.377903,0.403393,0.693012,0.828439,0.896242,0.0788675,0.635241,0.344495,0.408029,0.420698,0.368902,0.331079,0.747614,0.126129,0.278625,0.620471,0.695746,0.430715
period15,1,1,1,1,0.998272,0.991413,0.989863,1,0.832516,0.414404,1,1,0.000623009,0.0896635,0.00105563,0.000639975,1,0.987011,0.549829,0.00109796,0.392209,0.0571763,0.000641662,0.000639975,0.000639975,0.000682987,0.00909091,0.0688722,0.494427,0.651183,0.0982086,0.823464,0.419277,0.423364,0.52602,0.544436,0.63415,0.547238,0.660932,0.617948,0.528716,0.480654,0.459467,0.626539,0.683277,0.62815,0.335756
period16,1,1,1,1,0.998587,0.992645,0.992124,1,0.869793,0.417675,1,1,0.0253082,0.166538,0.00145653,0.00111156,1,0.986911,0.674476,0.0746587,0.406775,0.0844678,0.000716543,0.00111156,0.00111156,0.000750831,0.00714286,0.127159,0.224247,0.960287,0.951968,0.110336,0.437959,0.248053,0.612743,0.196504,0.735809,0.744818,0.802343,0.456732,0.385469,0.856757,0.541409,0.197741,0.538304,0.436235,0.494679
period17,1,1,1,1,0.999223,0.999049,0.999983,1,0.888207,0.525527,1,1,0.16827,0.328147,0.00161352,0.00122166,1,0.975096,1,0.217122,0.398436,0.201764,0.000742525,0.00122166,0.00122166,0.000781468,0.00588235,0.184146,0.517279,0.409405,0.292999,0.268996,0.55192,0.0710908,0.866955,0.673038,0.61771,0.452291,0.84293,0.736155,0.548648,0.600011,0.397085,0.702324,0.612446,0.694786,0.565601
period18,1,1,1,1,0.999164,0.998998,0.999981,1,0.904769,0.62254,1,1,0.265848,0.473996,0.00177766,0.00799058,1,0.979536,1,0.278188,0.389606,0.321799,0.00107899,0.00134439,0.00134439,0.000856829,0.00588235,0.206024,0.391775,0.266922,0.158182,0.155674,0.684409,0.6868,0.328305,0.6894,0.11594,0.598774,0.518567,0.222035,0.382415,0.648108,0.158837,0.427397,0.714946,0.843769,0.877079
period19,1,1,1,1,0.999915,0.999011,0.999982,1,0.920368,0.704407,1,1,0.321879,0.602949,0.00184351,0.0157502,1,1,1,0.327563,0.432727,0.525445,0.00650414,0.00144445,0.00144445,0.000912932,0.00434783,0.198765,1,0.772185,0.808185,0.840187,0.499625,0.277485,0.364152,0.129395,0.265119,0.540689,0.314648,0.766653,0.271291,0.17765,0.0915371,0.462773,0.817979,0.287286,0.0840593
period20,1,1,1,1,0.999988,0.998922,0.999984,1,0.998768,0.803693,1,1,0.40256,1,0.00207612,0.0268522,1,1,1,0.392984,0.472687,0.879268,0.00823799,0.0100788,0.0100788,0.00106054,0.0305556,0.132895,1,0.0489468,0.288519,0.145357,0.288843,0.446818,0.511893,0.328595,0.455972,0.331791,0.611386,0.832891,0.295288,0.367911,0.28724,0.632777,0.509016,0.609297,0.395023
period21,1,1,1,1,0.999987,0.998864,0.999984,1,0.998739,0.838349,1,1,0.496257,1,0.00228125,0.0478015,1,1,1,0.414642,0.470748,0.91375,0.00969714,0.0110418,0.0386116,0.00116057,0.087234,0.122973,1,0.473706,0.492859,0.468217,0.300705,0.223517,0.339695,0.170784,0.460598,0.267271,0.218949,0.484158,0.0996527,0.524802,0.468238,0.80394,0.157942,0.665833,0.536579
period22,1,1,1,1,0.999997,0.998864,0.999986,1,0.998747,0.829979,1,1,1,1,0.0017864,0.212281,1,1,1,0.410506,0.456273,0.95125,0.0351385,0.0368421,0.124561,0.00112932,0.122414,0.122973,1,0.515297,0.354779,0.651546,0.220457,0.0941287,0.453297,0.498032,0.627301,0.199244,0.388319,0.703826,0.526225,0.607728,0.353977,0.477526,0.374214,0.445221,0.300433
period23,1,1,1,1,0.999998,0.998828,0.999983,1,0.999943,0.864162,1,1,1,1,0.00181983,0.347273,1,1,1,1,0.470362,1,0.0546432,0.0563636,0.238182,0.00119025,0.185,0.110959,1,0.805328,0.390918,0.5444,0.751881,0.390311,0.557364,0.493188,0.344975,0.496384,0.133763,0.382602,0.419987,0.388693,0.53533,0.414129,0.591505,0.580507,0.379901
period24,1,1,1,1,0.999998,0.99879,0.999974,1,0.999942,0.877479,1,1,1,1,0.0017569,0.370175,1,1,1,1,0.501757,1,0.12034,0.054386,0.282456,0.00124907,0.225862,0.0986111,1,0.406232,0.179122,0.351852,0.483554,0.878817,0.390507,0.289831,0.851834,0.440585,0.516994,0.37361,0.614398,0.530408,0.650833,0.231509,0.548077,0.0567314,0.0233984
period25,1,1,1,1,0.999998,0.998679,0.999963,1,0.999862,0.903541,1,1,1,1,0.00169856,0.510169,1,1,1,1,0.484165,1,0.117769,0.0694915,0.30678,0.00137263,0.312069,0.0859155,1,0.595814,0.563159,0.112162,0.0273012,0.463318,0.500444,0.679942,0.83772,0.0851054,0.579665,0.574696,0.595869,0.204308,0.720102,0.902201,0.156633,0.413397,0.416628
