period6,1,1,1,0.984324,0.573514,0.0860642,0.0396906,0.00129138,0.0431846,0.00480416,0.086802,0.0492129,0.0431846,0.00480416,0.00554886,0.00480416,0.416757,0.42374,0.00129138,0.00480416,0.000985591,0.000985591,0.000985591,0.00480416,0.00480416,0.00105968,0.000636097,0.000636097,0.939989,0.386928,0.595428,0.251582,0.291243,0.406755,0.616598,0.694692,0.558429,0.473628,0.628461,0.440371,0.474376,0.115966,0.82198,0.353876,0.474198,0.413544,0.265879
period7,1,1,1,0.984324,0.573514,0.0494524,0.0405621,0.0234928,0.0494524,0.00100013,0.162944,0.0948174,0.00121296,0.00100013,0.00107858,0.000628294,0.422162,0.446088,0.000958329,0.00100013,0.00060712,0.00060712,0.000570125,0.000628294,0.000628294,0.000614924,0.000900144,0.000602961,0.249641,0.153769,0.12194,0.491202,0.480543,0.338924,0.399052,0.451128,0.848299,0.517841,0.459943,0.622747,0.556411,0.199613,0.299437,0.178311,0.551727,0.456298,0.212913
period8,1,1,1,0.98973,0.573514,0.0493293,0.0404624,0.0369239,0.290527,0.00630667,0.213706,0.140161,0.00108987,0.00630667,0.00106528,0.000616048,0.432973,0.504924,0.000957274,0.00102437,0.00082232,0.00397565,0.000568906,0.000616048,0.000616048,0.000613602,0.000919829,0.000602856,0.759558,0.261772,0.582238,0.462498,0.613234,0.747643,0.632709,0.729891,0.562535,0.328342,0.324777,0.655577,0.575787,0.365051,0.602529,0.631236,0.318725,0.441539,0.455977
period9,1,1,1,0.963684,0.726842,0.0481537,0.0443262,0.0364125,0.35144,0.156063,0.315228,0.201153,0.00109199,0.0165204,0.00105991,0.000616259,0.447895,0.508313,0.00538422,0.00101572,0.0211459,0.00918018,0.000568927,0.000616259,0.000616259,0.000613067,0.000914418,0.000776668,0.649729,0.634009,0.299505,0.61612,0.226634,0.225012,0.480417,0.517659,0.600899,0.39365,0.529694,0.497876,0.381159,0.23058,0.146595,0.627025,0.276123,0.674963,0.78805
period10,1,1,1,0.953646,0.901563,0.0632739,0.0447981,0.0367945,0.389702,0.318928,0.548731,0.272859,0.00109718,0.0266513,0.00106493,0.000616776,0.448437,0.60732,0.00543587,0.00101301,0.208567,0.0142768,0.000568979,0.000616776,0.000616776,0.000613567,0.000918461,0.000779224,0.623183,0.571178,0.688304,0.445648,0.369013,0.422764,0.399168,0.359028,0.413283,0.531651,0.620398,0.444673,0.534939,0.424112,0.431,0.275515,0.326188,0.531942,0.859731
period11,1,1,1,1,0.995288,0.978909,0.986783,1,0.423999,0.386971,0.999053,1,0.000589148,0.0390748,0.00903151,0.00056623,0.446114,0.907896,0.2781,0.00102359,0.312751,0.0303003,0.00056395,0.00056623,0.00056623,0.00140618,0.0111111,0.00732463,0.234558,0.090146,0.760506,0.135092,0.165543,0.297429,0.639483,0.0784894,0.371405,0.584837,0.722241,0.121369,0.643677,0.699626,0.730111,0.25649,0.571395,0.255005,0.427492
period12,1,1,1,1,0.997622,0.988162,0.98718,1,0.427341,0.373613,0.999178,1,0.000580657,0.044889,0.0045503,0.000586859,0.455556,0.942779,0.183982,0.00105918,0.353013,0.0359401,0.000587476,0.000586859,0.000586859,0.000981723,0.0111111,0.00412073,0.687197,0.51923,0.669758,0.527569,0.157585,0.535485,0.64766,0.237515,0.599995,0.511529,0.422301,0.286474,0.364268,0.528351,0.416789,0.354505,0.511432,0.623777,0.230004
period13,1,1,1,1,0.997746,0.988844,0.987437,1,0.538251,0.401993,0.999246,1,0.000576839,0.04499,0.00117896,0.000586479,0.455556,0.965065,0.0787855,0.00105114,0.365026,0.0410186,0.000587438,0.000586479,0.000586479,0.000646372,0.0111111,0.00149098,0.275474,0.0160521,0.664487,0.558957,0.917917,0.93772,0.473064,0.909134,0.521436,0.58698,0.66045,0.437621,0.478481,0.550619,0.513896,0.533467,0.44953,0.479828,0.0787693
period14,1,1,1,1,0.997646,0.98862,0.987427,1,0.76544,0.414018,0.999284,1,0.000577783,0.061585,0.00104898,0.000586573,0.455556,0.976054,0.235628,0.0010106,0.393286,0.0420971,0.000587447,0.000586573,0.000586573,0.000633444,0.0111111,0.00140577,0.451924,0.377639,0.403668,0.693012,0.828439,0.896242,0.0788675,0.635241,0.344495,0.408141,0.420685,0.368989,0.331106,0.747266,0.126345,0.278625,0.620471,0.695746,0.430715
period15,1,1,1,1,0.998272,0.991413,0.989863,1,0.832516,0.414404,0.999252,1,0.000623009,0.0896635,0.00105563,0.000639975,0.474566,0.987011,0.549829,0.00109796,0.392209,0.0571763,0.000641662,0.000639975,0.000639975,0.000682987,0.00909091,0.0688722,0.49442,0.651071,0.0985144,0.823464,0.419277,0.423364,0.52602,0.544436,0.63415,0.547207,0.660912,0.617916,0.528712,0.480597,0.459455,0.626539,0.683277,0.62815,0.335756
period16,1,1,1,1,0.999096,0.999055,1,1,0.870223,0.41788,0.999248,1,0.0253084,0.166618,0.00143445,0.00111157,0.485455,0.9874,0.679817,0.0746935,0.406973,0.0845082,0.000716544,0.00111157,0.00111157,0.000748636,0.00714286,0.128157,0.224342,0.959921,0.951607,0.11022,0.438065,0.243613,0.613022,0.194399,0.737615,0.744574,0.802228,0.456673,0.385472,0.856477,0.541318,0.197744,0.538302,0.43619,0.494674
period17,1,1,1,1,0.999223,0.999062,1,1,0.888207,0.525527,0.99926,1,0.16827,0.328148,0.00161338,0.00122166,0.491304,0.975096,0.737273,0.217122,0.398436,0.201764,0.000742525,0.00122166,0.00122166,0.000781454,0.00588235,0.136094,0.517352,0.409509,0.292818,0.268996,0.55192,0.0710855,0.866955,0.673043,0.617709,0.452299,0.842931,0.736133,0.548645,0.599776,0.396967,0.702324,0.612446,0.694786,0.565601
period18,1,1,1,1,0.999165,0.999014,1,1,0.904769,0.62254,0.999226,1,0.265848,0.473996,0.00177741,0.00799058,0.490476,0.979537,0.781905,0.278188,0.389607,0.321799,0.00107899,0.00134439,0.00134439,0.000856804,0.00588235,0.161427,0.391766,0.267027,0.158548,0.155675,0.68441,0.686809,0.328305,0.68941,0.115928,0.598803,0.518573,0.222029,0.382415,0.647987,0.1589,0.427397,0.714946,0.843769,0.877079
period19,1,1,1,1,0.999161,0.998996,1,1,0.91975,0.70394,0.999182,1,0.321712,0.60255,0.00184311,0.0157426,0.489781,0.985388,0.770192,0.327349,0.432442,0.525098,0.00650135,0.00144426,0.00144426,0.000912893,0.00434783,0.153491,0.181656,0.771998,0.807973,0.839629,0.499324,0.277487,0.363953,0.129386,0.265123,0.540676,0.314652,0.766574,0.271313,0.545188,0.246604,0.462801,0.817981,0.28718,0.0840641
period20,1,1,1,1,0.999903,0.99909,1,1,0.906759,0.730492,0.998608,1,0.402535,0.68812,0.00207577,0.0268506,0.488034,1,1,0.357619,0.429929,0.605909,0.00823754,0.0100783,0.0100783,0.0010605,0.0305556,0.132895,1,0.0494151,0.288198,0.145353,0.288827,1,0.511858,0.328592,0.455975,0.331738,0.611394,0.83256,0.295271,0.367767,0.287308,0.632783,0.509017,0.609298,0.395023
period21,1,1,1,1,0.999888,0.997865,1,1,0.916731,0.770424,0.99931,1,0.496217,0.733384,0.0022805,0.0477979,0.486916,1,1,0.381508,0.432944,0.671082,0.00969648,0.0110411,0.0386087,0.0011605,0.087234,0.122973,1,0.473582,0.492756,0.468181,0.300686,1,0.339672,0.170779,0.460595,0.267291,0.218957,0.484202,0.0996463,0.524542,0.468187,0.803949,0.157941,0.665815,0.536578
period22,1,1,1,1,0.999847,0.990902,1,1,0.94368,0.785137,0.998874,1,0.534219,0.74739,0.00228477,0.114355,0.486667,1,1,0.388791,0.431867,0.711926,0.019425,0.0206323,0.0674937,0.00117868,0.122414,0.122973,1,0.515192,0.354853,0.651463,0.220438,1,0.453244,0.498034,0.627304,0.199248,0.388319,0.703797,0.526219,0.607191,0.353729,0.477528,0.374214,0.44522,0.300433
period23,1,1,1,1,0.999884,0.998412,1,1,0.950407,0.822343,0.998084,1,0.546413,0.802335,0.00236798,0.190762,0.485859,1,1,0.412168,0.447885,0.754839,0.0305797,0.0318058,0.131154,0.00124451,0.185,0.110959,1,0.804405,0.390668,0.544349,0.751807,1,0.557312,0.493192,0.344977,0.496575,0.133792,0.38257,0.419987,0.388456,0.53475,0.414153,0.591507,0.580494,0.379895
period24,1,1,1,1,0.999885,0.999313,1,1,0.947214,0.832263,0.999211,1,0.603168,0.853548,0.00242658,0.22435,0.484946,1,1,0.406548,0.476245,0.781965,0.0734813,0.0338764,0.171441,0.00131532,0.225862,0.0986111,1,0.406282,0.179355,0.351823,0.48351,1,0.390474,0.289822,0.851848,0.44057,0.516987,0.373618,0.614392,0.530091,0.650434,0.231492,0.54808,0.0567274,0.023397
period25,1,1,1,1,0.999972,0.998596,1,1,0.977084,0.884096,0.997963,1,0.699983,0.896012,0.0026865,0.35831,1,1,1,0.455132,0.473985,0.863122,0.0832753,0.049843,0.215941,0.00147023,0.312069,0.0859155,1,0.595282,1,0.112162,0.027303,1,1,0.679944,0.837749,0.136221,0.553271,0.574816,0.595887,0.20437,0.719144,0.9022,0.156634,0.413397,0.416628
