period6,1,1,1,0.984324,0.573514,0.0860642,0.0396906,0.00129138,0.0431846,0.00480416,0.086802,0.0492129,0.0431846,0.00480416,0.00554886,0.00480416,0.416757,0.42374,0.00129138,0.00480416,0.000985591,0.000985591,0.000985591,0.00480416,0.00480416,0.00105968,0.000636097,0.000636097,0.939989,0.386928,0.595428,0.251582,0.291243,0.406755,0.616598,0.694692,0.558429,0.473628,0.628461,0.440371,0.474376,0.115966,0.82198,0.353876,0.474198,0.413544,0.265879
period7,1,1,1,0.984324,0.573514,0.0494524,0.0405621,0.0234928,0.0494524,0.00100013,0.162944,0.0948174,0.00121296,0.00100013,0.00107858,0.000628294,0.422162,0.446088,0.000958329,0.00100013,0.00060712,0.00060712,0.000570125,0.000628294,0.000628294,0.000614924,0.000900144,0.000602961,0.249641,0.153769,0.12194,0.491202,0.480543,0.338924,0.399052,0.451128,0.848299,0.517841,0.459943,0.622747,0.556411,0.199613,0.299437,0.178311,0.551727,0.456298,0.212913
period8,1,1,1,0.98973,0.573514,0.0493293,0.0404624,0.0369239,0.290527,0.00630667,0.213706,0.140161,0.00108987,0.00630667,0.00106528,0.000616048,0.432973,0.504924,0.000957274,0.00102437,0.00082232,0.00397565,0.000568906,0.000616048,0.000616048,0.000613602,0.000919829,0.000602856,0.759558,0.261772,0.582238,0.462498,0.613234,0.747643,0.632709,0.729891,0.562535,0.328342,0.324777,0.655577,0.575787,0.365051,0.602529,0.631236,0.318725,0.441539,0.455977
period9,1,1,1,0.963684,0.726842,0.0481537,0.0443262,0.0364125,0.35144,0.156063,0.315228,0.201153,0.00109199,0.0165204,0.00105991,0.000616259,0.447895,0.508313,0.00538422,0.00101572,0.0211459,0.00918018,0.000568927,0.000616259,0.000616259,0.000613067,0.000914418,0.000776668,0.649729,0.634009,0.299505,0.61612,0.226634,0.225012,0.480417,0.517659,0.600899,0.39365,0.529694,0.497876,0.381159,0.23058,0.146595,0.627025,0.276123,0.674963,0.78805
period10,1,1,1,0.953646,0.901563,0.0632739,0.0447981,0.0367945,0.389702,0.318928,0.548731,0.272859,0.00109718,0.0266513,0.00106493,0.000616776,0.448437,0.60732,0.00543587,0.00101301,0.208567,0.0142768,0.000568979,0.000616776,0.000616776,0.000613567,0.000918461,0.000779224,0.623183,0.571178,0.688304,0.445648,0.369013,0.422764,0.399168,0.359028,0.413283,0.531651,0.620398,0.444673,0.534939,0.424112,0.431,0.275515,0.326188,0.531942,0.859731
period11,1,1,1,0.953886,0.995288,0.978909,0.986783,1,0.423999,0.386971,0.665482,0.535413,0.000589148,0.0390748,0.00903151,0.00056623,0.446114,0.907896,0.2781,0.00102359,0.312751,0.0303003,0.00056395,0.00056623,0.00056623,0.00140618,0.0111111,0.00732463,0.378442,0.364961,0.717504,0.135092,0.165543,0.297429,0.639483,0.0784894,0.371405,0.577333,0.723622,0.169452,0.629706,0.631018,0.58339,0.25649,0.571395,0.255005,0.427492
period12,1,1,1,1,0.998353,0.995207,1,1,0.427646,0.373879,0.999178,1,0.000572937,0.0449205,0.00460014,0.000586091,0.455556,0.943462,0.186364,0.00105929,0.353264,0.0359649,0.0005874,0.000586091,0.000586091,0.000986681,0.0111111,0.00416708,0.687197,0.51923,0.669758,0.527442,0.157443,0.538359,0.647726,0.24033,0.598938,0.511529,0.422301,0.286474,0.364268,0.528351,0.416789,0.354441,0.511433,0.623722,0.230033
period13,1,1,1,1,0.998943,0.998847,1,1,0.538885,0.402465,0.999246,1,0.000565542,0.0450417,0.00117951,0.000585356,0.455556,0.96621,0.0797753,0.00105109,0.365453,0.0410651,0.000587326,0.000585356,0.000585356,0.000646428,0.0111111,0.00150281,0.275474,0.0160521,0.664487,0.559147,0.918261,0.942866,0.472888,0.918915,0.526065,0.58698,0.66045,0.437621,0.478481,0.550619,0.513896,0.533574,0.449488,0.479845,0.0787712
period14,1,1,1,1,0.999003,0.998985,1,1,0.766468,0.414571,0.999284,1,0.000564968,0.061665,0.00104604,0.000585298,0.455556,0.977368,0.238614,0.00100932,0.39381,0.042151,0.000587321,0.000585298,0.000585298,0.000633151,0.0111111,0.0014159,0.451924,0.377639,0.403668,0.693888,0.828781,0.902512,0.0784932,0.632,0.344747,0.408141,0.420685,0.368989,0.331106,0.747266,0.126345,0.278527,0.620472,0.696347,0.430646
period15,1,1,1,1,0.999058,0.998982,1,1,0.833159,0.414721,0.999252,1,0.000610379,0.0897304,0.00105053,0.00063872,0.474566,0.987775,0.555446,0.00109647,0.392509,0.0572184,0.000641537,0.00063872,0.00063872,0.000682481,0.00909091,0.069567,0.49442,0.651071,0.0985144,0.823933,0.41938,0.423461,0.526318,0.542958,0.635611,0.547207,0.660912,0.617916,0.528712,0.480597,0.459455,0.626517,0.683276,0.628254,0.335755
period16,1,1,1,1,0.999096,0.999055,1,1,0.870223,0.41788,0.999248,1,0.0253084,0.166618,0.00143445,0.00111157,0.485455,0.9874,1,0.0746935,0.406973,0.0845082,0.000716544,0.00111157,0.00111157,0.000748636,0.00714286,0.188,0.224342,0.959921,0.951607,0.11022,0.438065,0.243613,0.613022,0.194399,0.737615,0.744574,0.802228,0.456673,0.385472,0.856477,0.541318,0.197744,0.538302,0.43619,0.494674
period17,1,1,1,1,0.999223,0.999062,1,1,0.888207,0.525527,0.99926,1,0.16827,0.328148,0.00161338,0.00122166,0.491304,0.975096,1,0.217122,0.398436,0.201764,0.000742525,0.00122166,0.00122166,0.000781454,0.00588235,0.184146,0.517352,0.409509,0.292818,0.268996,0.55192,0.0710855,0.866955,0.673043,0.617709,0.452299,0.842931,0.736133,0.548645,0.599776,0.396967,0.702324,0.612446,0.694786,0.565601
period18,1,1,1,1,0.999165,0.999014,1,1,0.904769,0.62254,0.999226,1,0.265848,0.473996,0.00177741,0.00799058,0.490476,0.979537,1,0.278188,0.389607,0.321799,0.00107899,0.00134439,0.00134439,0.000856804,0.00588235,0.206024,0.391766,0.267027,0.158548,0.155675,0.68441,0.686809,0.328305,0.68941,0.115928,0.598803,0.518573,0.222029,0.382415,0.647987,0.1589,0.427397,0.714946,0.843769,0.877079
period19,1,1,1,1,0.999915,0.999024,1,1,0.920368,0.704407,0.999182,1,0.321879,0.602949,0.00184322,0.0157502,0.489781,1,1,0.327563,0.432727,0.525445,0.00650414,0.00144445,0.00144445,0.000912903,0.00434783,0.198765,0.181656,0.771998,0.807973,0.840187,0.499625,0.277483,0.364153,0.129386,0.265123,0.540676,0.314652,0.766574,0.271313,0.545188,0.246604,0.462773,0.817979,0.287286,0.0840593
period20,1,1,1,1,0.999976,0.998934,1,1,0.906818,0.730539,0.998608,1,1,0.688164,0.00212766,0.0645833,0.488034,1,1,0.357642,0.429956,0.605947,0.018581,0.0229167,0.0229167,0.00106565,0.0305556,0.132895,1,0.0494151,0.288198,0.145356,0.288841,0.446819,0.511888,0.328592,0.455975,0.331738,0.611394,0.83256,0.295271,0.367767,0.287308,0.632778,0.509016,0.609297,0.395023
period21,1,1,1,1,0.999998,0.998876,1,1,1,0.839394,0.99931,1,1,0.79899,0.00185185,0.0944444,0.486916,1,1,1,0.471329,0.730795,0.0182026,0.0203704,0.0759259,0.00111803,0.087234,0.122973,1,0.473582,0.492756,0.468221,0.300707,0.223514,0.339698,0.170779,0.460595,0.267291,0.218957,0.484202,0.0996463,0.524542,0.468187,0.803939,0.157942,0.665835,0.53658
period22,1,1,1,1,0.999998,0.998876,1,1,1,0.831,0.998874,1,1,0.791,0.00178571,0.212281,0.486667,1,1,1,0.456829,0.753243,0.0351385,0.0368421,0.124561,0.00112925,0.122414,0.122973,1,0.515192,0.354853,0.651547,0.220457,0.0941208,0.453298,0.498034,0.627304,0.199248,0.388319,0.703797,0.526219,0.607191,0.353729,0.477526,0.374214,0.445221,0.300433
period23,1,1,1,1,0.999998,0.99884,1,1,1,0.864211,0.998084,1,1,0.998959,0.00181818,0.347273,0.485859,1,1,1,0.470388,1,0.0546432,0.0563636,0.238182,0.00119008,0.185,0.110959,1,0.804405,0.390668,0.5444,0.751881,0.390309,0.557364,0.493192,0.344977,0.496575,0.133792,0.38257,0.419987,0.388456,0.53475,0.414129,0.591505,0.580507,0.379901
period24,1,1,1,1,0.999998,0.998813,1,1,1,0.877528,0.999211,1,1,0.999067,0.00175439,0.370175,0.484946,1,1,1,0.501785,1,0.12034,0.054386,0.282456,0.00124882,0.225862,0.0986111,1,0.406282,0.179355,0.351852,0.483554,0.878825,0.390507,0.289822,0.851848,0.44057,0.516987,0.373618,0.614392,0.530091,0.650434,0.231509,0.548077,0.0567314,0.0233984
period25,1,1,1,1,0.999998,0.998711,1,1,1,1,0.996206,1,1,0.998807,0.00169492,0.510169,0.483133,1,1,1,0.534667,1,0.117769,0.0694915,0.30678,0.00137227,0.312069,0.0859155,1,0.594823,0.562167,0.112162,0.0273012,0.463317,0.500444,0.679944,0.837749,0.0849894,0.579725,0.57492,0.595903,0.204423,0.718317,0.902201,0.156633,0.413397,0.416628
