period7,0.853299,1,1,1,0.573514,0.0508269,0.0416747,0.0241227,0.0508269,0.00101315,0.162944,0.0948174,0.00966423,0.00101315,0.0019238,0.00146913,1,0.389276,0.000970103,0.00101315,0.000608415,0.000608415,0.000653782,0.00146913,0.00146913,0.000699018,0.000910315,0.000604132,0.249641,0.153769,0.12194,0.491202,0.480543,0.33952,0.399052,0.450925,0.847814,0.517841,0.459943,0.622747,0.556411,0.199613,0.299437,0.178311,0.551727,0.456298,0.212913
period8,0.924365,1,1,1,0.573514,0.0501511,0.0411276,0.0375222,0.273106,0.00597043,0.213706,0.140161,0.00556023,0.00597043,0.00151327,0.00106081,1,0.471287,0.000964314,0.00100487,0.000805679,0.00379089,0.000613157,0.00106081,0.00106081,0.000658173,0.000926161,0.000603556,0.759558,0.261772,0.582238,0.462498,0.613234,0.747092,0.632709,0.729646,0.562475,0.328342,0.324777,0.655577,0.575787,0.365051,0.602529,0.631236,0.318725,0.441539,0.455977
period9,0.939594,1,1,1,0.726842,0.049773,0.0457989,0.0376046,0.334739,0.148683,0.315228,0.201153,0.0055541,0.0157719,0.00151389,0.0010602,1,0.482136,0.00554543,0.001004,0.0201743,0.00878759,0.000613096,0.0010602,0.0010602,0.000658235,0.000927033,0.000784646,0.649729,0.634009,0.299505,0.61612,0.226634,0.225099,0.480417,0.517966,0.600738,0.39365,0.529694,0.497876,0.381159,0.23058,0.146595,0.627025,0.276123,0.674963,0.78805
period10,0.959898,1,1,1,0.901563,0.0644013,0.0455866,0.0374328,0.377739,0.309162,0.548731,0.272859,0.00471793,0.0258583,0.00143014,0.000977012,1,0.586631,0.00552219,0.00100707,0.202203,0.0138675,0.00060482,0.000977012,0.000977012,0.000649903,0.000925215,0.000783496,0.623183,0.571178,0.688304,0.445648,0.369013,0.423225,0.399168,0.358958,0.413199,0.531651,0.620398,0.444673,0.534939,0.424112,0.431,0.275515,0.326188,0.531942,0.859731
period11,0.970051,1,1,1,0.933161,0.17891,0.050701,0.037842,0.388959,0.35506,0.665482,0.535413,0.00386854,0.0359145,0.00135242,0.000892504,1,0.829063,0.0147961,0.00100787,0.287026,0.0278922,0.000596412,0.000892504,0.000892504,0.000642169,0.000929545,0.00087774,0.378442,0.364961,0.717504,0.129013,0.20246,0.316154,0.644503,0.604266,0.675463,0.577333,0.723622,0.169452,0.629706,0.631018,0.58339,0.255823,0.571382,0.253354,0.426381
period12,0.989947,1,1,1,0.947619,0.502392,0.109818,0.040963,0.403372,0.352707,0.730688,0.642377,0.00207628,0.0424213,0.0012351,0.00073563,1,0.888053,0.020996,0.00104985,0.333306,0.0339947,0.000602274,0.00073563,0.00073563,0.000651957,0.000984999,0.000949112,0.741079,0.511815,0.677726,0.53622,0.167278,0.337331,0.643107,0.0448264,0.672309,0.507042,0.421992,0.283456,0.363794,0.56188,0.356475,0.358858,0.511384,0.627532,0.228065
period13,0.995238,1,1,1,0.947619,0.567385,0.459127,0.0423213,0.509751,0.380766,0.767725,0.70042,0.00152145,0.0426654,0.00120199,0.000680441,1,0.913191,0.0371625,0.00105303,0.345796,0.0389277,0.000596785,0.000680441,0.000680441,0.000648664,0.00099934,0.000993563,0.326796,0.132298,0.713224,0.551001,0.903503,0.720924,0.480462,0.497799,0.32681,0.6113,0.651989,0.426736,0.479402,0.475831,0.452851,0.528978,0.451263,0.47912,0.0786928
period14,0.995238,1,1,1,0.947619,0.604062,0.521799,0.0423845,0.72457,0.392016,0.788889,0.73735,0.00152145,0.0584014,0.00120442,0.000680441,1,0.92367,0.125046,0.00106133,0.372433,0.0399499,0.000596785,0.000680441,0.000680441,0.000648905,0.00100001,0.00103046,0.520974,0.29993,0.484514,0.66068,0.815821,0.663606,0.092665,0.755252,0.335138,0.441167,0.416833,0.394662,0.338992,0.645048,0.189709,0.282214,0.620412,0.673603,0.433281
period15,0.999453,1,1,1,0.999387,0.702238,0.591248,0.0596847,0.833041,0.414663,0.815607,0.770808,0.000659166,0.0897182,0.00121048,0.00064357,1,1,0.328966,0.00109675,0.392454,0.0572107,0.00064202,0.00064357,0.00064357,0.000698383,0.00111947,0.04155,0.492702,0.62367,0.173658,0.824129,0.419424,0.419638,0.526443,0.602563,0.576698,0.539583,0.656031,0.609995,0.527705,0.466614,0.456535,0.626508,0.683275,0.628297,0.335754
period16,0.999432,1,1,1,0.999375,0.728225,0.6621,0.0801663,0.870032,0.41779,0.867273,0.802228,0.0253509,0.166583,0.00238657,0.00111239,1,1,0.450699,0.0746781,0.406885,0.0844903,0.000716625,0.00111239,0.00111239,0.000843271,0.00117777,0.0853351,0.241066,0.89564,0.888211,0.110157,0.438123,0.431213,0.613176,0.284722,0.660171,0.701778,0.782124,0.446246,0.385936,0.807459,0.525311,0.197746,0.538301,0.436166,0.494671
period17,0.999421,1,1,1,0.999421,0.739013,0.672508,0.0990604,0.887909,0.525353,0.895031,0.83454,0.168244,0.328039,0.00437192,0.00122159,1,1,0.496451,0.217051,0.398304,0.201698,0.000742518,0.00122159,0.00122159,0.00105559,0.00120405,0.0920491,0.527561,0.424173,0.267249,0.269029,0.55201,0.174072,0.867107,0.575993,0.642863,0.453338,0.842962,0.733118,0.548132,0.56667,0.38037,0.702282,0.61243,0.694784,0.565601
period18,0.999369,1,1,1,0.999369,0.754957,0.702386,0.108391,0.904428,0.622308,0.905442,0.873008,0.265777,0.47382,0.0057177,0.00798871,1,1,0.549891,0.278086,0.389462,0.32168,0.0010789,0.00134428,0.00134428,0.00124815,0.00131821,0.113983,0.390661,0.279749,0.202911,0.155686,0.684529,0.542789,0.328351,0.532579,0.300655,0.602248,0.519206,0.221255,0.3824,0.633353,0.16647,0.427397,0.714946,0.843762,0.877074
period19,0.99909,1,1,1,0.99909,0.744359,0.680168,0.145476,0.918949,0.703335,0.999658,1,0.321495,0.602034,0.00704088,0.0157327,1,1,0.524801,0.327072,0.432073,0.52465,0.00649774,0.00144401,0.00144401,0.00142888,0.00137557,0.105146,1,0.772107,0.808096,0.839576,0.499295,1,0.363935,0.295535,0.1832,0.540684,0.314649,0.76662,0.2713,0.177645,0.09161,0.462803,0.817981,0.28717,0.0840646
period20,0.999298,1,1,1,0.999298,0.865845,0.815505,0.30211,0.905709,0.729657,0.998608,1,0.402141,0.687334,0.00589031,0.0268257,1,1,0.645481,0.357216,0.429441,0.605219,0.00823072,0.0100698,0.0100698,0.0014387,0.0100822,0.0866251,1,0.0494151,0.288198,0.145325,0.288713,1,0.511608,0.36181,0.422994,0.331738,0.611394,0.83256,0.295271,0.367767,0.287308,0.632828,0.509023,0.609302,0.395022
period21,1,1,1,1,0.998608,0.778862,0.739841,0.380408,0.915685,0.769557,0.999519,1,0.49571,0.73256,0.0152769,0.0477509,1,1,0.602361,0.381085,0.432462,0.670332,0.00968791,0.0110317,0.0385711,0.002448,0.0342003,0.0752436,1,0.47362,1,0.467709,0.300428,1,0.339365,0.247932,0.519126,0.16871,0.17777,0.484189,0.0996482,0.524621,0.468202,0.804061,0.157919,0.665578,0.536554
period22,1,1,1,1,0.999647,0.446742,0.436612,0.280527,0.999974,1,0.998667,1,0.534132,1,0.0177907,0.114337,1,1,0.358147,0.41099,0.54881,0.95125,0.0194221,0.0206293,0.067483,0.00271451,0.0358393,0.0460482,1,0.515173,1,0.651353,0.220414,1,0.453174,0.392124,0.511487,0.228059,0.384952,0.703792,0.526218,0.607092,0.353683,0.477529,0.374213,0.445219,0.300433
period23,1,1,1,1,0.999996,0.868888,0.832547,0.566846,0.999999,1,1,1,1,1,0.018259,0.347273,1,1,0.69125,1,0.543373,0.939506,0.0546432,1,0.238182,0.00281756,0.105949,0.0778438,1,0.805328,1,0.544399,0.75188,1,1,0.453551,0.322687,0.030149,0.0642345,0.382602,0.419987,0.388693,0.53533,0.41413,0.591505,0.580507,0.379901
period24,1,1,1,1,0.999999,0.999319,1,0.671765,1,1,1,1,1,1,0.00175439,0.370175,1,1,0.991069,1,0.570886,0.914815,0.12034,1,0.282456,0.00124882,0.152638,1,1,0.406232,1,0.351852,0.483554,1,1,0.289822,0.851848,0.388512,0.493165,0.37361,0.614398,0.530408,0.650833,0.231509,0.548077,0.0567315,0.0233984
period25,1,1,1,1,1,0.9986,1,0.732051,1,1,1,1,1,1,0.00169492,0.510169,1,1,0.990011,1,0.534667,0.961842,0.117769,1,0.30678,0.00137227,0.229481,1,1,0.595814,1,0.112162,0.027301,1,1,0.679944,0.837749,0.136221,0.553271,0.574696,0.595869,0.204308,0.720102,0.902201,0.156633,0.413397,0.416628
