period7,1,1,1,0.984324,0.573514,0.0494524,0.0405621,0.0234928,0.0494524,0.00100013,0.162944,0.0948174,0.00121296,0.00100013,0.00107858,0.000628294,0.422162,0.446088,0.000958329,0.00100013,0.00060712,0.00060712,0.000570125,0.000628294,0.000628294,0.000614924,0.000900144,0.000602961,0.249641,0.153769,0.12194,0.491202,0.480543,0.338924,0.399052,0.451128,0.848299,0.517841,0.459943,0.622747,0.556411,0.199613,0.299437,0.178311,0.551727,0.456298,0.212913
period8,1,1,1,0.98973,0.573514,0.0493293,0.0404624,0.0369239,0.290527,0.00630667,0.213706,0.140161,0.00108987,0.00630667,0.00106528,0.000616048,0.432973,0.504924,0.000957274,0.00102437,0.00082232,0.00397565,0.000568906,0.000616048,0.000616048,0.000613602,0.000919829,0.000602856,0.759558,0.261772,0.582238,0.462498,0.613234,0.747643,0.632709,0.729891,0.562535,0.328342,0.324777,0.655577,0.575787,0.365051,0.602529,0.631236,0.318725,0.441539,0.455977
period9,1,1,1,0.963684,0.726842,0.0481537,0.0443262,0.0364125,0.35144,0.156063,0.315228,0.201153,0.00109199,0.0165204,0.00105991,0.000616259,0.447895,0.508313,0.00538422,0.00101572,0.0211459,0.00918018,0.000568927,0.000616259,0.000616259,0.000613067,0.000914418,0.000776668,0.649729,0.634009,0.299505,0.61612,0.226634,0.225012,0.480417,0.517659,0.600899,0.39365,0.529694,0.497876,0.381159,0.23058,0.146595,0.627025,0.276123,0.674963,0.78805
period10,1,1,1,0.953646,0.901563,0.0632739,0.0447981,0.0367945,0.389702,0.318928,0.548731,0.272859,0.00109718,0.0266513,0.00106493,0.000616776,0.448437,0.60732,0.00543587,0.00101301,0.208567,0.0142768,0.000568979,0.000616776,0.000616776,0.000613567,0.000918461,0.000779224,0.623183,0.571178,0.688304,0.445648,0.369013,0.422764,0.399168,0.359028,0.413283,0.531651,0.620398,0.444673,0.534939,0.424112,0.431,0.275515,0.326188,0.531942,0.859731
period11,1,1,1,0.953886,0.995288,0.978909,0.986783,1,0.423999,0.386971,0.665482,0.535413,0.000589148,0.0390748,0.00903151,0.00056623,0.446114,0.907896,0.2781,0.00102359,0.312751,0.0303003,0.00056395,0.00056623,0.00056623,0.00140618,0.0111111,0.00732463,0.378442,0.364961,0.717504,0.135092,0.165543,0.297429,0.639483,0.0784894,0.371405,0.577333,0.723622,0.169452,0.629706,0.631018,0.58339,0.25649,0.571395,0.255005,0.427492
period12,1,1,1,1,0.997622,0.988162,0.98718,1,0.427341,0.373613,1,1,0.000580657,0.044889,0.0045503,0.000586859,0.455556,0.942779,0.183982,0.00105918,0.353013,0.0359401,0.000587476,0.000586859,0.000586859,0.000981723,0.0111111,0.00412073,0.687032,0.519253,0.669733,0.527569,0.157585,0.535485,0.64766,0.237515,0.599995,0.511543,0.422302,0.286483,0.364269,0.528248,0.416973,0.354505,0.511432,0.623777,0.230004
period13,1,1,1,1,0.997746,0.988844,0.987437,1,0.538251,0.401993,1,1,0.000576839,0.04499,0.00117896,0.000586479,0.455556,0.965065,0.0787855,0.00105114,0.365026,0.0410186,0.000587438,0.000586479,0.000586479,0.000646372,0.0111111,0.00149098,0.275307,0.0156737,0.664328,0.558957,0.917917,0.93772,0.473064,0.909134,0.521436,0.586901,0.660478,0.437656,0.478478,0.550863,0.514095,0.533467,0.44953,0.479828,0.0787693
period14,1,1,1,1,0.999003,0.998985,1,1,0.766468,0.414571,1,1,0.000564968,0.061665,0.00104604,0.000585298,1,0.977368,0.238614,0.00100932,0.39381,0.042151,0.000587321,0.000585298,0.000585298,0.000633151,0.0111111,0.0014159,0.451689,0.377903,0.403393,0.693888,0.828781,0.902512,0.0784932,0.632,0.344747,0.408029,0.420698,0.368902,0.331079,0.747614,0.126129,0.278527,0.620472,0.696347,0.430646
period15,1,1,1,1,0.999058,0.998982,1,1,0.833159,0.414721,1,1,0.000610379,0.0897304,0.00105053,0.00063872,1,0.987775,0.555446,0.00109647,0.392509,0.0572184,0.000641537,0.00063872,0.00063872,0.000682481,0.00909091,0.069567,0.494427,0.651183,0.0982086,0.823933,0.41938,0.423461,0.526318,0.542958,0.635611,0.547238,0.660932,0.617948,0.528716,0.480654,0.459467,0.626517,0.683276,0.628254,0.335755
period16,1,1,1,1,0.999096,0.999055,1,1,0.870223,0.41788,1,1,0.0253084,0.166618,0.00143445,0.00111157,1,0.9874,0.679817,0.0746935,0.406973,0.0845082,0.000716544,0.00111157,0.00111157,0.000748636,0.00714286,0.128157,0.224247,0.960287,0.951968,0.11022,0.438065,0.243613,0.613022,0.194399,0.737615,0.744818,0.802343,0.456732,0.385469,0.856757,0.541409,0.197744,0.538302,0.43619,0.494674
period17,1,1,1,1,0.999223,0.999062,1,1,0.888207,0.525527,1,1,0.16827,0.328148,0.00161338,0.00122166,1,0.975096,0.737273,0.217122,0.398436,0.201764,0.000742525,0.00122166,0.00122166,0.000781454,0.00588235,0.136094,0.517279,0.409405,0.292999,0.268996,0.55192,0.0710855,0.866955,0.673043,0.617709,0.452291,0.84293,0.736155,0.548648,0.600011,0.397085,0.702324,0.612446,0.694786,0.565601
period18,1,1,1,1,0.999165,0.999014,1,1,0.904769,0.62254,1,1,0.265848,0.473996,0.00177741,0.00799058,1,0.979537,0.781905,0.278188,0.389607,0.321799,0.00107899,0.00134439,0.00134439,0.000856804,0.00588235,0.161427,0.391775,0.266922,0.158182,0.155675,0.68441,0.686809,0.328305,0.68941,0.115928,0.598774,0.518567,0.222035,0.382415,0.648108,0.158837,0.427397,0.714946,0.843769,0.877079
period19,1,1,1,1,0.999161,0.998996,1,1,0.91975,0.70394,1,1,0.321712,0.60255,0.00184311,0.0157426,1,0.985388,0.770192,0.327349,0.432442,0.525098,0.00650135,0.00144426,0.00144426,0.000912893,0.00434783,0.153491,0.181742,0.772185,0.808185,0.839629,0.499324,0.277487,0.363953,0.129386,0.265123,0.540689,0.314648,0.766653,0.271291,0.54518,0.246577,0.462801,0.817981,0.28718,0.0840641
period20,1,1,1,1,0.999038,0.998887,1,1,0.906062,0.729937,1,1,0.402273,0.687598,0.00207575,0.026834,1,0.982911,1,0.357351,0.429604,0.605451,0.00823301,0.0100727,0.0100727,0.0010605,0.0305556,0.132895,0.290419,0.0489468,0.288519,0.145314,0.288664,0.446816,0.511501,0.328592,0.455975,0.331791,0.611386,0.832891,0.295288,0.126905,0.21967,0.632848,0.509025,0.609304,0.395022
period21,1,1,1,1,0.998961,0.998811,1,1,0.915974,0.769797,1,1,0.49585,0.732788,0.00228081,0.0477639,1,0.981327,1,0.381202,0.432595,0.670539,0.00969028,0.0110343,0.0385815,0.00116053,0.087234,0.122973,0.499071,0.473706,0.492859,0.467839,0.300499,0.223527,0.339449,0.170779,0.460595,0.267271,0.218949,0.484158,0.0996527,0.554628,0.46789,0.80403,0.157925,0.665644,0.53656
period22,1,1,1,1,0.99894,0.998811,1,1,0.942915,0.784514,1,1,0.533825,0.746797,0.00228519,0.114272,1,0.990483,1,0.388489,0.431528,0.711365,0.0194117,0.0206186,0.0674454,0.00117872,0.122414,0.122973,0.18554,0.515297,0.354779,0.650963,0.220329,0.0941638,0.452924,0.498034,0.627304,0.199244,0.388319,0.703826,0.526225,0.240721,0.455807,0.477535,0.374212,0.445215,0.300434
period23,1,1,1,1,0.998887,0.998746,1,1,0.949559,0.821627,1,1,0.545968,0.801637,0.00236852,0.190609,1,0.989918,1,0.411818,0.4475,0.754187,0.0305561,0.0317817,0.131049,0.00124456,0.185,0.110959,0.193132,0.805328,0.390918,0.543906,0.751157,0.390322,0.556856,0.493192,0.344977,0.496384,0.133763,0.382602,0.419987,0.800331,0.456978,0.414359,0.591517,0.580378,0.379841
period24,1,1,1,1,0.99988,0.998802,1,1,0.94721,0.832259,1,1,0.603165,0.853545,0.00242658,0.22435,1,1,1,0.406547,0.476244,0.781962,0.073481,0.0338763,0.17144,0.00131532,0.225862,0.0986111,0.391502,0.406232,0.179122,0.351822,0.483509,0.878821,0.390472,0.289822,0.851848,0.440585,0.516994,0.37361,0.614398,0.526297,0.649736,0.231492,0.548081,0.0567272,0.0233969
period25,1,1,1,1,0.999863,0.998693,1,1,0.976988,0.884014,1,1,0.699918,0.895929,0.00268671,0.358277,1,1,1,0.455093,0.473942,0.863043,0.0832678,0.0498387,0.215921,0.00147025,0.312069,0.0859155,0.0995375,0.595814,0.563159,0.112161,0.027311,0.463317,0.500389,0.679944,0.837749,0.0851054,0.579665,0.574696,0.595869,0.554486,0.597958,0.902194,0.156635,0.413398,0.416628
