period6,0.860256,0.103742,0.00128205,0.744872,0.00266309,0.55001,0.757692,0.00882197,0.00882197,0.00215294,0.00149458,0.00142959,0.00142959,0.00142959,0.00215294,0.00164098,0.00215294,0.00236152,0.00149458,0.00142318,0.00149458,0.00149458,0.00158928,0.00158928,0.00142318,0.436442,0.302129,0.444908,0.125827,0.839736,0.459502,0.0589685,0.479783,0.686766,0.538784,0.755493,0.192534,0.0633197,0.405283,0.169657,0.468931,0.453308,0.398164,0.494436,0.579215,0.43187,0.34804,0.4734,0.683496
period7,1,0.325352,0.00128205,0.847436,0.00266115,0.687324,0.821795,0.155526,0.00381009,0.00165818,0.00144574,0.00142477,0.00142477,0.00142477,0.00165818,0.00158787,0.00247586,0.00190185,0.00144574,0.0014227,0.00144574,0.00144574,0.00157971,0.00157971,0.0014227,0.373157,0.150305,0.492053,0.275258,0.497637,0.335753,0.850325,0.567115,0.397343,0.925797,0.8237,0.673982,0.523096,0.791793,0.54542,0.111089,0.427596,0.352981,0.457897,0.400287,0.336362,0.57102,0.778869,0.461692
period8,1,0.668116,0.00131579,0.882895,0.0027277,0.786178,0.896053,0.54413,0.375309,0.00259561,0.00157194,0.00147091,0.00147091,0.00147091,0.00259561,0.00172665,0.31353,0.0251802,0.00157194,0.00146095,0.00157194,0.00157194,0.00163856,0.00163856,0.00146095,0.197887,0.594618,0.357037,0.468232,0.146268,0.453639,0.476059,0.413494,0.413498,0.415011,0.448322,0.427824,0.452918,0.769907,0.417655,0.731102,0.343232,0.706892,0.339859,0.280212,0.453845,0.321259,0.701924,0.529459
period9,1,0.913235,0.00142857,0.944286,0.00294109,0.878012,0.958571,0.780868,0.639901,0.00283148,0.00170767,0.0015969,0.0015969,0.0015969,0.00283148,0.00187552,0.560618,0.0251393,0.00170767,0.00158598,0.00170767,0.00170767,0.00177876,0.00177876,0.00158598,0.269743,0.454341,0.132084,0.72706,0.543549,0.466537,0.47373,0.446213,0.947544,0.391977,0.305903,0.785539,0.485588,0.49152,0.555674,0.539486,0.388427,0.535173,0.261459,0.358951,0.39273,0.263421,0.380868,0.299392
period10,1,0.926866,0.00147059,0.972059,0.00299076,0.932779,0.972059,0.874745,0.845729,0.00297615,0.00176383,0.00164438,0.00164438,0.00164438,0.00297615,0.00193701,0.734344,0.0143631,0.00176383,0.00163261,0.00176383,0.00176383,0.00183206,0.00183206,0.00163261,0.675325,0.854128,0.641324,0.519438,0.644083,0.518223,0.896575,0.57509,0.0478341,0.420395,0.0700898,0.776647,0.145387,0.343169,0.369238,0.765234,0.387366,0.326133,0.339393,0.777149,0.25515,0.713896,0.3767,0.437211
period11,1,0.970769,0.00153846,0.986154,0.00305116,0.958712,0.986154,0.928369,0.913198,0.00323309,0.0018568,0.00172128,0.00172128,0.00172128,0.00323309,0.00203877,0.841815,0.0213215,0.0018568,0.00170794,0.0018568,0.0018568,0.00191858,0.00191858,0.00170794,0.182288,0.363238,0.363221,0.317506,0.563116,0.218595,0.639587,0.523117,0.655913,0.555794,0.502358,0.891826,0.631574,0.791238,0.305019,0.173603,0.542443,0.30765,0.669064,0.0867761,0.285142,0.214003,0.578812,0.264095
period12,1,1,0.0015625,0.985937,0.00309842,0.973479,1,0.998458,0.985937,0.00294678,0.00185257,0.00174486,0.00174486,0.00174486,0.00294678,0.0020331,1,0.183805,0.00185257,0.00173426,0.00185257,0.00185257,0.00194183,0.00194183,0.00173426,0.59701,0.599924,0.591362,0.450872,0.545654,0.743176,0.401618,0.085913,0.746194,0.230281,0.701139,0.506382,0.223715,0.441986,0.367892,0.459948,0.212404,0.202422,0.412535,0.43408,0.324004,0.679658,0.589535,0.234572
period13,1,1,0.0016129,0.985484,0.00319749,0.97263,1,0.998457,0.985484,0.0030411,0.00191211,0.00180103,0.00180103,0.00180103,0.0030411,0.00209832,1,0.216616,0.00191211,0.0017901,0.00191211,0.00191211,0.0020042,0.0020042,0.0017901,0.460937,0.196357,0.557319,0.418719,0.406073,0.420053,0.356778,0.100784,0.0703883,0.643758,0.413432,0.696433,0.31287,0.607991,0.628932,0.309932,0.203101,0.193216,0.430337,0.482388,0.88063,0.189502,0.743715,0.299377
period14,1,1,0.00172414,0.984483,0.00341592,0.970758,1,0.998373,0.984483,0.00324911,0.00204345,0.00192496,0.00192496,0.00192496,0.00324911,0.00224219,1,0.296897,0.00204345,0.00191331,0.00204345,0.00204345,0.00214179,0.00214179,0.00191331,0.417611,0.480591,0.513724,0.540495,0.511541,0.64366,0.862033,0.170523,0.703044,0.198372,0.0795109,0.372451,0.820536,0.521925,0.583421,0.358614,0.670153,0.64152,0.717245,0.625451,0.493354,0.371418,0.215853,0.476496
period15,1,1,0.00196078,0.982353,0.00387973,0.966782,1,0.998138,0.995062,0.0024449,0.00220048,0.00217652,0.00217652,0.00217652,0.0024449,0.00241523,1,1,0.00220048,0.00217417,0.00220048,0.00220048,0.00241049,0.00241049,0.00217417,0.257558,0.544185,0.776511,0.371895,0.596551,0.350959,0.89219,0.48908,0.227003,0.54947,0.436717,0.0881498,0.564687,0.0920568,0.32583,0.359596,0.34137,0.527293,0.441042,0.667829,0.47824,0.389452,0.303643,0.547147
period16,1,1,0.00208333,0.98125,0.00411944,0.964727,1,0.998014,0.995552,0.00251889,0.00232997,0.00231148,0.00231148,0.00231148,0.00251889,0.00255714,1,1,0.00232997,0.00230967,0.00232997,0.00232997,0.00255893,0.00255893,0.00230967,0.340999,0.25264,0.69431,0.241057,0.310397,0.329793,0.819349,0.573297,0.156801,0.485323,0.360585,0.111603,0.412553,0.146377,0.624566,0.275692,0.713324,0.474404,0.526159,0.346254,0.272172,0.242662,0.443909,0.282472
period17,1,1,0.0025,0.9775,0.00493202,0.957756,1,0.997589,0.995554,0.00293351,0.00278602,0.00277164,0.00277164,0.00277164,0.00293351,0.00305646,1,1,0.00278602,0.00277023,0.00278602,0.00278602,0.00306611,0.00306611,0.00277023,0.400516,0.18324,0.397697,0.714845,0.364061,0.783124,0.61382,0.240919,0.408387,0.0281071,0.743374,0.356781,0.776571,0.412914,0.372223,0.585209,0.491494,0.477957,0.436694,0.491084,0.412825,0.363906,0.536306,0.329549
period18,1,1,0.034375,0.971875,0.00751022,0.947354,1,0.996933,0.995325,0.0346818,0.00484802,0.00359465,0.00359465,0.00359465,0.00357788,0.00393944,1,1,0.00484802,0.00347323,0.00347161,0.00347161,0.0038384,0.0038384,0.00347323,0.801958,0.303212,0.172489,0.344665,0.140127,0.554292,0.231898,0.675449,0.215819,0.465461,1,0.703445,0.4786,0.731675,0.120607,0.368862,0.124449,0.641758,0.194053,0.419661,0.449447,0.427328,0.111419,0.215197
period19,1,1,0.0407407,0.966667,0.00886895,0.937778,1,0.996304,0.995071,0.0410328,0.00573998,0.00425644,0.00425644,0.00425644,0.00417834,0.00465637,1,1,0.00573998,0.00411358,0.00410606,0.00410606,0.00454196,0.00454196,0.00411358,0.0859624,0.0247959,0.488752,0.582054,0.425487,0.504604,0.502071,0.253956,0.190248,0.88504,1,0.493398,0.392061,0.490447,0.298228,0.492356,0.345002,0.495663,0.799342,0.452879,0.487358,0.46746,0.461278,0.41642
period20,1,1,0.05,0.959091,0.0348047,0.923946,1,0.995353,0.994467,0.0502766,0.00703632,0.0052171,0.0052171,0.0052171,0.00507358,0.00569788,1,1,0.00703632,0.00504345,0.00502975,0.00502975,0.00556236,0.00556236,0.00504345,0.838487,0.45429,0.196303,0.462826,0.62146,0.849103,0.579826,0.417172,0.695338,0.413556,1,0.624914,0.363246,0.424673,0.752484,0.503229,0.372109,0.539509,0.49559,0.376401,0.286372,0.282189,0.385019,0.409967
period21,1,1,0.0733333,0.993255,0.0473102,1,1,1,1,0.0733333,0.0102857,0.00762667,0.00762667,0.00762667,0.00666667,0.00824249,1,1,0.0102857,0.00737849,0.00728889,0.00728889,0.00810533,0.00810533,0.00737849,0.493464,0.31813,0.727868,0.595328,0.481627,0.170128,0.798242,0.786383,0.391468,0.574953,1,0.596553,0.492846,0.41724,0.318573,0.313915,0.337748,0.317081,0.385686,0.639082,0.434015,0.278075,0.307358,0.326821
period22,1,1,0.0846154,0.992072,0.05453,1,1,1,1,0.0846154,0.011859,0.00878698,0.00878698,0.00878698,0.0846154,0.0129042,1,1,0.0541667,0.00850341,0.011859,0.011859,0.00995175,0.00995175,0.00850341,0.102786,0.583342,0.338894,0.0903458,0.527714,0.440241,0.513045,0.168554,0.412807,0.0910594,1,0.222356,0.147969,0.407239,0.411796,0.198769,0.349415,0.611537,0.483858,0.474056,0.38936,0.343839,0.0953123,0.273202
period23,1,1,0.11,0.989249,0.0707072,1,1,1,1,0.11,0.0153889,0.011385,0.011385,0.011385,0.11,0.016691,1,1,0.0703889,0.0110246,0.0153889,0.0153889,0.0128509,0.0128509,0.0110246,0.279222,0.548028,0.118505,0.261038,0.496538,0.185053,0.265129,1,0.484698,0.425312,1,0.193366,0.40613,0.310316,0.357023,0.318633,0.230492,0.431035,0.226405,0.449531,0.382738,0.41384,0.305674,0.191932
period24,1,1,0.157143,0.983351,0.100468,1,1,1,1,0.157143,0.0219048,0.0161633,0.0161633,0.0161633,0.157143,0.0236154,1,1,0.100476,0.0156711,0.0219048,0.0219048,0.0181308,0.0181308,0.0156711,0.319216,0.114825,0.27595,0.299588,0.138119,0.0393253,0.150307,1,0.480812,0.466949,1,0.123851,0.474388,0.24404,0.442883,0.203976,0.189235,0.314883,0.337782,0.320907,0.293142,0.231576,0.328284,0.139017
period25,1,1,0.157143,0.983351,0.100468,1,1,1,1,0.157143,0.0219048,0.0161633,0.0161633,0.0161633,0.157143,0.0236154,1,1,0.100476,0.0156711,0.100476,0.0219048,0.021828,0.021828,0.0156711,0.205878,0.325043,0.31982,0.32907,0.367046,0.38055,0.479905,1,0.0917022,0.0633792,1,0.597127,0.577136,0.347909,0.133828,0.270992,0.273492,0.200604,0.20622,0.356888,0.374549,0.289299,0.230445,0.28787
