period8,1,0.870652,1,0.000869565,0.000955766,1,1,0.00108696,0.00108696,0.000977316,0.000977316,0.000977316,0.000966447,0.000966447,0.00096537,0.00096537,0.000965263,1,0.957609,0.968478,0.000977316,0.00106218,0.000966447,0.000966447,0.00106205,0.00096537,0.000966447,0.00106013,0.000965263,0.000965263,0.00105991,0.957934,0.74672,0.357122,0.166658,0.867077,0.685246,0.291916,0.632282,0.481347,0.219936,0.580058,0.965708,0.510851,0.727959,0.348247,0.177492,0.38862,0.376726,0.391211,0.594086,0.283412,0.537716,0.573427,0.601295,0.631938,0.635354,0.106588,0.851403
period9,1,0.925,1,0.000869565,0.000955766,1,1,0.175,0.00108696,0.00186275,0.00186275,0.00186275,0.00105422,0.00105422,0.00097407,0.00097407,0.000966125,1,0.979348,0.968478,0.00186275,0.00123819,0.00105422,0.00105422,0.0011585,0.00097407,0.00105422,0.00107665,0.000966125,0.000966125,0.00106007,0.343004,0.362961,0.48064,0.300162,0.265248,0.376452,0.0882659,0.403852,0.532541,0.214773,0.841551,0.0225736,0.141437,0.149188,0.358386,0.69922,0.429276,0.534253,0.611443,0.321286,0.424278,0.409609,0.623947,0.435474,0.591098,0.474913,0.303099,0.360518
period10,1,0.93587,1,0.00956522,0.00134706,1,1,0.327174,0.0228261,0.033509,0.00184696,0.00184696,0.00105266,0.00105266,0.000973915,0.000973915,0.00096611,1,0.979348,0.968478,0.00184696,0.00188114,0.00170066,0.00105266,0.0011568,0.000973915,0.00105266,0.00107636,0.00096611,0.00096611,0.00106007,0.15155,0.4406,0.354975,0.605116,0.746838,0.427698,0.536515,0.538241,0.707227,0.315342,0.255583,0.622418,0.371448,0.0653387,0.556143,0.375022,0.191257,0.631112,0.416564,0.556476,0.385684,0.497266,0.280218,0.234322,0.175769,0.155522,0.3164,0.153194
period11,1,0.93587,1,0.00956522,0.00134706,1,1,0.446739,0.0336957,0.193271,0.00181131,0.00181131,0.00104912,0.00104912,0.000973565,0.000973565,0.000966075,1,0.979348,0.968478,0.012448,0.00286239,0.012021,0.00104912,0.00115293,0.000973565,0.00104912,0.00107569,0.000966075,0.000966075,0.00106006,0.36271,0.186707,0.713345,0.710397,0.462413,0.479569,0.499807,0.572487,0.623008,0.936795,0.597604,0.0843886,0.604643,0.680879,0.917907,0.360056,0.56996,0.428323,0.46103,0.283104,0.826692,0.189369,0.810001,0.393935,0.467736,0.312556,0.453171,0.374322
period12,1,1,1,0.080531,0.0177956,1,1,0.545556,0.134444,0.340046,0.00180118,0.00180118,0.00106348,0.00106348,0.000990363,0.000990363,0.000983116,1,1,0.978889,0.0563567,0.0104297,0.0443732,0.00106348,0.0011687,0.000990363,0.00106348,0.00109391,0.000983116,0.000983116,0.00107878,0.0591303,0.692012,0.388436,1,0.502505,0.449204,0.314745,0.684787,0.219538,0.306683,0.949576,0.392259,0.657778,0.161483,0.655055,0.0726833,0.220044,0.306026,0.0921962,0.434799,0.150916,0.496672,0.529677,0.661894,0.623012,0.367245,0.783123,0.15648
period13,1,1,1,0.137273,0.0961411,1,1,0.587356,0.185057,0.40846,0.00182893,0.00182893,0.00109032,0.00109032,0.00101713,0.00101713,0.00100988,1,1,0.978161,0.126077,0.0211188,0.134377,0.00109032,0.00119816,0.00101713,0.00109032,0.00112328,0.00100988,0.00100988,0.00110814,0.641491,0.157566,0.837618,1,0.645964,0.248026,0.589556,0.0251496,0.349218,0.954648,0.825649,0.211561,0.14359,0.510048,0.495021,0.658255,0.515686,0.422602,0.734482,0.445083,0.157597,0.559247,0.39929,0.526908,0.523368,0.704836,0.636379,0.58319
period14,1,1,1,0.186598,0.129684,1,1,0.690541,0.244595,0.506626,0.0020007,0.0020007,0.00122894,0.00122894,0.00115255,0.00115255,0.001145,1,1,0.987838,0.227754,0.0648011,0.209982,0.00122894,0.00135032,0.00115255,0.00122894,0.0012721,0.001145,0.001145,0.00125632,0.140292,0.554451,0.467949,1,0.408411,0.544844,0.270469,0.607322,0.649112,0.433987,0.541569,0.883347,0.670225,0.676612,0.470421,0.251229,0.279474,0.558903,0.404471,0.80249,0.572831,0.334095,0.690393,0.106368,0.699262,0.14798,0.562634,0.498973
period15,1,1,1,0.212941,0.192822,1,1,0.747619,0.287302,0.578511,0.0022217,0.0022217,0.00139603,0.00139603,0.00131443,0.00131443,0.00130637,1,1,1,0.267003,0.135587,0.291656,0.00139603,0.00153368,0.00131443,0.00139603,0.00145006,0.00130637,0.00130637,0.00143323,0.812707,0.397489,0.490956,1,0.4631,0.484225,0.546026,0.501855,0.205222,0.154635,0.228657,0.429988,0.559274,0.0288471,0.638785,0.405271,0.817203,0.547591,0.634419,0.507058,0.212046,0.530175,0.250407,0.926658,0.358713,0.590313,0.718296,0.558465
period16,1,1,1,0.264474,0.229265,1,1,0.99797,0.383636,0.750752,0.00227426,0.00227426,0.00154022,0.00154022,0.00146779,0.00146779,0.00146064,1,1,1,1,0.621575,0.510649,0.00154022,0.00169187,0.00146779,0.00154022,0.00161737,0.00146064,0.00146064,0.00160245,0.602384,0.776426,0.477139,1,0.498523,0.292912,0.0788091,0.541419,0.272233,0.258442,0.640044,0.273755,0.35985,0.45568,0.919856,0.468884,0.29261,0.331696,0.3363,0.637763,0.880691,0.539968,0.707342,0.445427,0.682795,0.228949,0.707342,0.32488
period17,1,1,1,1,0.795833,1,1,0.998557,0.513333,0.770686,0.00256575,0.00256575,0.00179109,0.00179109,0.00171481,0.00171481,0.0017073,1,1,1,1,0.635424,0.574941,0.00179109,0.00196699,0.00171481,0.00179109,0.00188841,0.0017073,0.0017073,0.00187275,0.100082,0.0239129,0.456261,1,0.453645,0.123298,0.899131,0.302075,0.757903,0.296998,0.441742,0.262789,0.392622,0.246659,0.762353,0.833564,0.83666,0.60077,0.459415,0.567522,0.117978,0.0687691,0.384299,0.475724,0.656786,0.342857,0.274587,0.29851
period18,1,1,1,1,0.884,1,1,0.99856,0.64359,0.795917,0.00294349,0.00294349,0.00210718,0.00210718,0.00202507,0.00202507,0.00201701,1,1,1,1,0.700918,0.657361,0.00210718,0.00231346,0.00202507,0.00210718,0.00222874,0.00201701,0.00201701,0.00221194,0.117559,0.690337,0.187188,1,0.517892,0.527683,0.619303,0.371336,0.795887,0.281066,0.785086,0.334492,0.135206,0.40205,0.10087,0.746645,0.542572,0.210976,0.607746,0.513355,0.641259,0.506801,0.530806,0.420557,0.173624,0.0858473,0.458986,0.479299
period19,1,1,1,1,0.926923,1,1,0.99905,0.717143,0.783635,0.0343471,0.00312678,0.00226733,0.00226733,0.00218307,0.00218307,0.00217481,1,1,1,1,0.630734,0.697061,0.00364866,0.00386712,0.00218307,0.00226733,0.00240192,0.00217481,0.00217481,0.0023847,0.204932,0.56051,0.436276,1,0.404056,0.522337,0.182946,0.528768,0.128916,0.0489305,0.51013,0.670574,0.779812,0.046717,0.121865,0.26967,0.508847,0.0743309,0.288893,0.658072,0.605582,0.588945,0.457888,0.403963,0.318786,0.532043,0.212725,0.523329
period20,1,1,1,1,1,1,1,1,1,0.796552,0.141379,0.0724138,0.00473276,0.00473276,0.00284296,0.00284296,0.00265848,1,1,1,1,0.701397,0.701373,0.00508711,0.00553631,0.00284296,0.00473276,0.00329655,0.00265848,0.00265848,0.00289666,1,0.158477,0.415472,1,0.443534,0.361279,0.432138,0.609076,0.164234,0.315922,0.464836,0.427417,0.436359,0.903661,0.732473,0.796216,0.289275,0.426404,0.878192,0.833802,0.546828,0.644097,0.348887,0.283936,0.792969,0.335643,0.495092,0.38998
period21,1,1,1,1,1,1,1,1,1,1,0.217857,0.217857,0.0365351,0.0365351,0.00429718,0.00429718,0.00291897,1,1,1,1,0.855,0.917391,0.00541267,0.00897021,0.00429718,0.00541267,0.0088896,0.00291897,0.00291897,0.0030644,1,0.312403,0.618555,1,0.514284,0.0986605,0.314076,0.607279,0.49869,0.556484,0.172736,0.362272,0.26393,0.477718,0.0718099,0.751778,0.530736,0.40433,0.521995,0.445615,0.220308,0.659852,0.32523,0.586836,0.229869,0.546001,0.5241,0.433323
period22,1,1,1,1,1,1,1,1,1,1,0.364,0.284,0.183607,0.0416071,0.00489916,0.0257027,0.00415072,1,1,1,1,0.855,0.957143,0.00608615,0.0207317,0.0363826,0.00610714,0.00875524,0.00333306,0.00415072,0.00365651,1,0.446574,0.39535,1,0.46517,0.365867,0.658511,0.451698,0.519908,0.727048,0.466083,0.697369,0.47527,0.443333,0.565718,0.467239,0.484988,0.320392,0.80291,0.429556,0.639907,0.589713,0.358793,0.294736,0.575462,0.410015,0.453741,0.467805
