period6,0.538579,0.995431,0.930705,0.916649,0.534305,0.0717555,0.0331798,0.00116454,0.0502404,0.00550615,0.0868623,0.0492467,0.0502404,0.00550615,0.00611776,0.00550615,0.388411,0.241187,0.00116454,0.00550615,0.00105543,0.00105543,0.00105543,0.00550615,0.00550615,0.00111628,0.000623477,0.000623477,0.939982,0.386927,0.595425,0.236884,0.301105,0.407449,0.612278,0.697671,0.558665,0.473629,0.628461,0.440371,0.474376,0.115977,0.821948,0.359226,0.473,0.412454,0.265652
period7,0.853299,1,0.934518,0.920372,0.536462,0.0476635,0.039114,0.022673,0.0476635,0.000983197,0.162944,0.0948174,0.00916007,0.000983197,0.00184705,0.00141897,0.395022,0.364247,0.000943005,0.000983197,0.000605435,0.000605435,0.000648791,0.00141897,0.00141897,0.000691381,0.000886908,0.000601436,0.249641,0.153769,0.12194,0.499588,0.479387,0.338148,0.401049,0.451393,0.848929,0.517841,0.459943,0.622747,0.556411,0.199613,0.299437,0.178304,0.551726,0.454858,0.213328
period8,0.924365,1,0.934518,0.925424,0.536462,0.0470213,0.0385941,0.0352434,0.255572,0.00563202,0.213706,0.140161,0.00531115,0.00563202,0.00146195,0.00103603,0.405125,0.44095,0.000937504,0.000985255,0.000788932,0.00360494,0.000610692,0.00103603,0.00103603,0.000653067,0.000902047,0.000600889,0.759558,0.261772,0.582238,0.463392,0.615602,0.749191,0.618686,0.730578,0.562702,0.328342,0.324777,0.655577,0.575787,0.365051,0.602529,0.630815,0.319048,0.441816,0.455851
period9,0.939594,1,0.959898,0.92554,0.698196,0.0479083,0.044103,0.0362319,0.321644,0.142896,0.315228,0.201153,0.00543219,0.015185,0.00148587,0.00104808,0.430435,0.463231,0.00535979,0.000994818,0.0194124,0.00847975,0.00061189,0.00104808,0.00104808,0.000655447,0.000912507,0.000775459,0.649729,0.634009,0.299505,0.611534,0.221284,0.224999,0.489269,0.517613,0.600923,0.39365,0.529694,0.497876,0.381159,0.23058,0.146595,0.630252,0.277468,0.673295,0.787093
period10,0.959898,1,0.970051,0.925584,0.875061,0.0626889,0.0443889,0.0364633,0.366816,0.300246,0.548731,0.272859,0.00475996,0.0251343,0.00142305,0.000981194,0.435506,0.569567,0.00539108,0.00100166,0.196393,0.0134938,0.000605236,0.000981194,0.000981194,0.000649197,0.000914955,0.000777007,0.623183,0.571178,0.688304,0.448073,0.377967,0.422524,0.403059,0.359065,0.413326,0.531651,0.620398,0.444673,0.534939,0.424112,0.431,0.277551,0.325538,0.532019,0.85975
period11,0.970051,1,0.975127,0.930657,0.910447,0.174764,0.0495404,0.036988,0.379701,0.346629,0.999053,1,0.00398329,0.0350794,0.00135392,0.000903921,0.435515,0.809092,0.0144697,0.00100371,0.280229,0.0272559,0.000597547,0.000903921,0.000903921,0.000642319,0.000920508,0.000869747,0.234558,0.090146,0.760506,0.126791,0.215957,0.316251,0.646339,0.604918,0.67584,0.584837,0.722241,0.121369,0.643677,0.699626,0.730111,0.255578,0.571377,0.25275,0.425974
period12,0.989947,1,0.995238,0.95938,0.943583,0.500302,0.109366,0.0407966,0.401702,0.351251,0.999178,1,0.00211643,0.0422494,0.00123731,0.000739624,0.453862,0.884319,0.0209119,0.0010492,0.331934,0.0338593,0.000602672,0.000739624,0.000739624,0.000652176,0.000983243,0.000947476,0.687197,0.51923,0.669758,0.536919,0.16806,0.336478,0.642739,0.044727,0.672346,0.511529,0.422301,0.286474,0.364268,0.528351,0.416789,0.359209,0.51138,0.627835,0.227908
period13,0.995238,1,0.995238,0.969912,0.943583,0.565013,0.457213,0.0421489,0.507624,0.379181,0.999246,1,0.00155939,0.0424919,0.00120549,0.000684215,0.453862,0.909346,0.0370117,0.00105317,0.344361,0.0387717,0.00059716,0.000684215,0.000684215,0.000649012,0.000997521,0.000991761,0.275474,0.0160521,0.664487,0.550361,0.902342,0.719703,0.481057,0.496309,0.326105,0.58698,0.66045,0.437621,0.478481,0.550619,0.513896,0.528617,0.451403,0.479063,0.0786867
period14,0.995238,1,0.995238,0.975178,0.943583,0.601533,0.51962,0.0422123,0.721528,0.390379,0.999284,1,0.00155939,0.0581644,0.00120846,0.000684215,0.453862,0.91978,0.124528,0.00106511,0.370881,0.0397901,0.00059716,0.000684215,0.000684215,0.000649307,0.00099819,0.0010287,0.451924,0.377639,0.403668,0.658071,0.814803,0.662076,0.0937782,0.755813,0.335094,0.408141,0.420685,0.368989,0.331106,0.747266,0.126345,0.282503,0.620407,0.671817,0.433488
period15,1,1,0.994798,0.984392,0.961391,0.676479,0.569626,0.0575522,0.802375,0.39951,0.999252,1,0.00121574,0.086527,0.00127358,0.000698905,0.472618,0.951162,0.316986,0.00116792,0.378148,0.0551983,0.000647521,0.000698905,0.000698905,0.000704657,0.00110139,0.040068,0.49442,0.651071,0.0985144,0.801438,0.414442,0.419306,0.512009,0.605716,0.573582,0.547207,0.660912,0.617916,0.528712,0.480597,0.459455,0.627539,0.683363,0.623265,0.335795
period16,1,1,0.999445,1,0.975878,0.71203,0.647423,0.0784281,0.85058,0.408542,0.999248,1,0.0253012,0.162952,0.0024232,0.00111143,0.485241,0.965035,0.440747,0.0731016,0.397902,0.0826644,0.00071653,0.00111143,0.00111143,0.000846912,0.0011665,0.0834751,0.224342,0.959921,0.951607,0.115486,0.433237,0.442431,0.600278,0.288645,0.656807,0.744574,0.802228,0.456673,0.385472,0.856477,0.541318,0.197593,0.538374,0.438224,0.494912
period17,1,1,1,1,0.99441,0.736175,0.669934,0.0986887,0.88441,0.523304,1,1,0.167941,0.326768,0.00438035,0.00122073,0.491304,0.970881,0.494559,0.216217,0.396756,0.20092,0.000742433,0.00122073,0.00122073,0.00105643,0.00120212,0.091703,0.517279,0.409405,0.292999,0.268182,0.549743,0.175195,0.863261,0.57523,0.643061,0.452291,0.84293,0.736155,0.548648,0.600011,0.397085,0.703335,0.612852,0.69485,0.565607
period18,1,1,1,1,0.993878,0.751767,0.69943,0.107945,0.900511,0.619644,1,1,0.26497,0.471799,0.00572206,0.00796726,0.490476,0.974883,0.547587,0.276912,0.387802,0.320313,0.00107784,0.00134301,0.00134301,0.00124859,0.00131593,0.113512,0.391775,0.266922,0.158182,0.15538,0.681317,0.540907,0.327097,0.531022,0.302489,0.598774,0.518567,0.222035,0.382415,0.648108,0.158837,0.427399,0.714945,0.843968,0.877201
