period6,0.860256,0.103742,0.00128205,0.744872,0.00266309,0.55001,0.757692,0.00882197,0.00882197,0.00215294,0.00149458,0.00142959,0.00142959,0.00142959,0.00215294,0.00164098,0.00215294,0.00236152,0.00149458,0.00142318,0.00149458,0.00149458,0.00158928,0.00158928,0.00142318,0.436442,0.302129,0.444908,0.125827,0.839736,0.459502,0.0589685,0.479783,0.686766,0.538784,0.755493,0.192534,0.0633197,0.405283,0.169657,0.468931,0.453308,0.398164,0.494436,0.579215,0.43187,0.34804,0.4734,0.683496
period7,0.898718,0.293666,0.00128205,0.847436,0.00266115,0.626487,0.821795,0.148323,0.0119731,0.00246401,0.00152529,0.00143263,0.00143263,0.00143263,0.00246401,0.00167437,0.00243137,0.00270158,0.00152529,0.00142348,0.00152529,0.00152529,0.0015953,0.0015953,0.00142348,0.373157,0.150305,0.492053,0.275116,0.497316,0.335752,0.850325,0.563287,0.397103,0.92513,0.799548,0.634824,0.520718,0.794041,0.541771,0.110822,0.424912,0.354133,0.454964,0.400653,0.334425,0.572417,0.773306,0.461521
period8,0.896053,0.599966,0.00131579,0.882895,0.0027277,0.713787,0.896053,0.497019,0.345746,0.00255526,0.00156795,0.00147052,0.00147052,0.00147052,0.00255526,0.00172229,0.286631,0.0234422,0.00156795,0.00146091,0.00156795,0.00156795,0.00163777,0.00163777,0.00146091,0.197887,0.594618,0.357037,0.468247,0.14627,0.453639,0.476059,0.426544,0.413511,0.415024,0.44194,0.40206,0.454981,0.754805,0.41121,0.732444,0.343535,0.706865,0.34032,0.280172,0.446483,0.322863,0.711032,0.532415
period9,0.958571,0.876782,0.00142857,0.944286,0.00294109,0.845626,0.958571,0.752546,0.61742,0.00287254,0.00171172,0.0015973,0.0015973,0.0015973,0.00287254,0.00187996,0.540526,0.0245813,0.00171172,0.00158602,0.00171172,0.00171172,0.00177955,0.00177955,0.00158602,0.269743,0.454341,0.132084,0.727035,0.543531,0.466537,0.47373,0.445666,0.94751,0.391965,0.307286,0.761735,0.480097,0.483217,0.552094,0.539289,0.390638,0.53586,0.265677,0.357665,0.39254,0.26333,0.386692,0.300103
period10,0.972059,0.902365,0.00147059,0.972059,0.00299076,0.909471,0.972059,0.853059,0.824853,0.00314952,0.00178091,0.00164606,0.00164606,0.00164606,0.00314952,0.00195573,0.716449,0.0144579,0.00178091,0.00163277,0.00178091,0.00178091,0.00183542,0.00183542,0.00163277,0.675325,0.854128,0.641324,0.519365,0.643989,0.518222,0.896575,0.572905,0.0478432,0.420339,0.0726494,0.759466,0.150452,0.344492,0.36593,0.766603,0.384941,0.324559,0.336405,0.77695,0.262773,0.710637,0.377469,0.437126
period11,0.998538,0.969496,0.00153846,0.998538,0.00183371,1,1,0.938772,0.923409,0.0030456,0.00183834,0.00171947,0.00171947,0.00171947,0.0030456,0.00201856,0.850968,0.0212534,0.00183834,0.00170776,0.00183834,0.00183834,0.00191496,0.00191496,0.00170776,0.182288,0.363238,0.363221,0.317547,0.563203,0.218596,0.639587,0.526169,0.656017,0.55588,0.50177,0.890668,0.635555,0.795833,0.305726,0.17375,0.546677,0.308378,0.6737,0.0866222,0.285302,0.214036,0.582534,0.264941
period12,0.999851,1,0.0015625,0.998554,0.00185847,1,1,0.985806,0.985806,0.00295974,0.00185385,0.00174499,0.00174499,0.00174499,0.00295974,0.00203448,0.91175,0.169455,0.00185385,0.00173427,0.00185385,0.00185385,0.00194208,0.00194208,0.00173427,0.59701,0.599924,0.591362,0.450867,0.545648,0.743176,0.401618,0.0859149,0.746186,0.230279,0.701049,0.506321,0.222147,0.437652,0.367856,0.459953,0.212389,0.202419,0.412493,0.434056,0.323974,0.679658,0.589469,0.234563
period13,0.99997,1,0.0016129,1,0.00177159,1,1,0.998443,0.985457,0.00304371,0.00191236,0.00180106,0.00180106,0.00180106,0.00304371,0.0020986,1,0.216612,0.00191236,0.0017901,0.00191236,0.00191236,0.00200425,0.00200425,0.0017901,0.460937,0.196357,0.557319,0.418719,0.406073,0.420053,0.356778,0.100784,0.0703883,0.643757,0.413422,0.696416,0.312867,0.607983,0.628918,0.309927,0.203098,0.193214,0.430328,0.482388,0.880609,0.189507,0.743698,0.299379
period14,0.999968,1,0.00172414,1,0.00189358,1,1,0.998358,0.984455,0.00325188,0.00204372,0.00192499,0.00192499,0.00192499,0.00325188,0.00224249,1,0.296891,0.00204372,0.00191332,0.00204372,0.00204372,0.00214185,0.00214185,0.00191332,0.417611,0.480591,0.513724,0.540494,0.51154,0.64366,0.862033,0.170521,0.703043,0.198371,0.0795115,0.372442,0.820525,0.521918,0.583407,0.358617,0.670137,0.641509,0.717228,0.625453,0.493343,0.371418,0.21585,0.476497
period15,0.999963,1,0.00196078,1,0.00215302,1,1,0.99812,0.982321,0.00369405,0.00232295,0.00218852,0.00218852,0.00218852,0.00369405,0.00254824,1,0.357368,0.00232295,0.00217535,0.00232295,0.00232295,0.00243431,0.00243431,0.00217535,0.257558,0.544185,0.776511,0.371555,0.595929,0.350956,0.89219,0.484098,0.226844,0.548907,0.436705,0.0881502,0.564679,0.092057,0.322938,0.3584,0.338279,0.527355,0.436675,0.66902,0.473397,0.386433,0.301036,0.548355
period16,0.999961,1,0.00208333,1,0.00228733,1,1,0.997996,0.981216,0.00392264,0.00246743,0.00232494,0.00232494,0.00232494,0.00392264,0.00270639,1,0.421505,0.00246743,0.00231098,0.00246743,0.00246743,0.00258562,0.00258562,0.00231098,0.340999,0.25264,0.69431,0.240858,0.310101,0.32979,0.819349,0.566481,0.156721,0.48478,0.360575,0.111603,0.412547,0.146376,0.617012,0.275882,0.704492,0.477244,0.520022,0.343756,0.269693,0.241195,0.438956,0.2797
period17,0.999952,1,0.0025,1,0.00274375,1,1,0.997566,0.977458,0.00469784,0.00295804,0.00278841,0.00278841,0.00278841,0.00469784,0.0032431,1,0.506021,0.00295804,0.00277187,0.00295804,0.00295804,0.00309935,0.00309935,0.00277187,0.400516,0.18324,0.397697,0.713757,0.363594,0.783113,0.61382,0.238358,0.407841,0.0282343,0.743344,0.356769,0.776555,0.412907,0.367275,0.584921,0.484378,0.477197,0.430574,0.490554,0.407139,0.362662,0.528376,0.330471
period18,0.999939,1,0.034375,1,0.00483367,1,1,0.996903,0.971821,0.0362242,0.00492017,0.00360164,0.00360164,0.00360164,0.0058548,0.00416525,1,0.601585,0.00492017,0.00347391,0.00369218,0.00369218,0.00387943,0.00387943,0.00347391,0.801958,0.303212,0.172489,0.344347,0.140049,0.554289,0.231898,0.66186,0.215554,0.464626,0.131026,0.703408,0.478588,0.731656,0.12012,0.368769,0.123871,0.642016,0.191832,0.420257,0.441195,0.425223,0.111149,0.215112
period19,0.999982,1,0.0407407,1,0.0057265,1,1,0.996296,0.995061,0.0410334,0.00574,0.00425644,0.00425644,0.00425644,0.00417929,0.00465646,1,1,0.00574,0.00411358,0.00410615,0.00410615,0.00454197,0.00454197,0.00411358,0.0859624,0.0247959,0.488752,0.582054,0.425487,0.504604,0.502071,0.253955,0.190248,0.885039,0.467259,0.493391,0.392058,0.490443,0.298226,0.492355,0.344999,0.495663,0.799335,0.452878,0.487354,0.467458,0.461274,0.416419
period20,1,1,0.05,1,0.0320238,1,1,1,1,0.05,0.00702381,0.00521591,0.00521591,0.00521591,0.00454545,0.00564675,1,1,0.00702381,0.00504334,0.00497934,0.00497934,0.00555317,0.00555317,0.00504334,0.838487,0.45429,0.196303,0.462926,0.621609,0.849104,0.579826,0.418937,0.695654,0.413723,0.624455,0.624914,0.364475,0.426189,0.756114,0.504251,0.373622,0.539435,0.497791,0.375818,0.287409,0.282658,0.386604,0.410059
period21,1,1,0.0733333,1,0.0469524,1,1,1,1,0.0733333,0.0102857,0.00762667,0.00762667,0.00762667,0.00666667,0.00824249,1,1,0.0102857,0.00737849,0.00728889,0.00728889,0.00810533,0.00810533,0.00737849,0.493464,0.31813,0.727868,0.595328,0.481627,0.170128,0.798242,0.786383,0.391468,0.574953,0.323189,0.596553,0.492846,0.41724,0.318573,0.313915,0.337748,0.317081,0.385686,0.639082,0.434015,0.278075,0.307358,0.326821
