period8,1,1,1,0.98973,0.573514,0.0493293,0.0404624,0.0369239,0.290527,0.00630667,0.213706,0.140161,0.00108987,0.00630667,0.00106528,0.000616048,0.432973,0.504924,0.000957274,0.00102437,0.00082232,0.00397565,0.000568906,0.000616048,0.000616048,0.000613602,0.000919829,0.000602856,0.759558,0.261772,0.582238,0.462498,0.613234,0.747643,0.632709,0.729891,0.562535,0.328342,0.324777,0.655577,0.575787,0.365051,0.602529,0.631236,0.318725,0.441539,0.455977
period9,1,1,1,0.963684,0.726842,0.0481537,0.0443262,0.0364125,0.35144,0.156063,0.315228,0.201153,0.00109199,0.0165204,0.00105991,0.000616259,0.447895,0.508313,0.00538422,0.00101572,0.0211459,0.00918018,0.000568927,0.000616259,0.000616259,0.000613067,0.000914418,0.000776668,0.649729,0.634009,0.299505,0.61612,0.226634,0.225012,0.480417,0.517659,0.600899,0.39365,0.529694,0.497876,0.381159,0.23058,0.146595,0.627025,0.276123,0.674963,0.78805
period10,1,1,1,0.953646,0.901563,0.0632739,0.0447981,0.0367945,0.389702,0.318928,0.548731,0.272859,0.00109718,0.0266513,0.00106493,0.000616776,0.448437,0.60732,0.00543587,0.00101301,0.208567,0.0142768,0.000568979,0.000616776,0.000616776,0.000613567,0.000918461,0.000779224,0.623183,0.571178,0.688304,0.445648,0.369013,0.422764,0.399168,0.359028,0.413283,0.531651,0.620398,0.444673,0.534939,0.424112,0.431,0.275515,0.326188,0.531942,0.859731
period11,1,1,1,0.953886,0.933161,0.181518,0.0514311,0.0383793,0.398052,0.363342,0.665482,0.535413,0.00107255,0.0367346,0.00108124,0.000614325,0.446114,0.851744,0.0150015,0.00101195,0.293702,0.0285171,0.000568735,0.000614325,0.000614325,0.000615189,0.00093523,0.000882768,0.378442,0.364961,0.717504,0.129013,0.20246,0.316093,0.644503,0.603856,0.675226,0.577333,0.723622,0.169452,0.629706,0.631018,0.58339,0.255823,0.571382,0.253354,0.426381
period12,1,1,1,0.963492,0.947619,0.506505,0.110709,0.0412902,0.406479,0.355417,0.730688,0.642377,0.00110847,0.0427412,0.0011425,0.000639361,0.455556,0.896082,0.0211614,0.00105106,0.335861,0.0342469,0.000592698,0.000639361,0.000639361,0.000642746,0.000988454,0.00095233,0.741079,0.511815,0.677726,0.53622,0.167278,0.339009,0.643107,0.0450219,0.672235,0.507042,0.421992,0.283456,0.363794,0.56188,0.356475,0.358858,0.511384,0.627532,0.228065
period13,1,1,1,0.974074,0.947619,0.569622,0.460932,0.0424837,0.511712,0.382226,0.767725,0.70042,0.00105026,0.0428253,0.00115558,0.000633571,0.455556,0.917082,0.0373047,0.0010529,0.347118,0.0390716,0.000592122,0.000633571,0.000633571,0.000644047,0.00100106,0.000995262,0.326796,0.132298,0.713224,0.551001,0.903503,0.722074,0.480462,0.499205,0.327475,0.6113,0.651989,0.426736,0.479402,0.475831,0.452851,0.528978,0.451263,0.47912,0.0786928
period14,1,1,1,1,0.997646,0.98862,0.987427,1,0.76544,0.414018,0.999284,1,0.000577783,0.061585,0.00104898,0.000586573,0.455556,0.976054,0.235628,0.0010106,0.393286,0.0420971,0.000587447,0.000586573,0.000586573,0.000633444,0.0111111,0.00140577,0.451924,0.377639,0.403668,0.693012,0.828439,0.896242,0.0788675,0.635241,0.344495,0.408141,0.420685,0.368989,0.331106,0.747266,0.126345,0.278625,0.620471,0.695746,0.430715
period15,1,1,1,1,0.998272,0.991413,0.989863,1,0.832516,0.414404,1,1,0.000623009,0.0896635,0.00105563,0.000639975,0.474566,0.987011,0.549829,0.00109796,0.392209,0.0571763,0.000641662,0.000639975,0.000639975,0.000682987,0.00909091,0.0688722,0.494427,0.651183,0.0982086,0.823464,0.419277,0.423364,0.52602,0.544436,0.63415,0.547238,0.660932,0.617948,0.528716,0.480654,0.459467,0.626539,0.683277,0.62815,0.335756
period16,1,1,1,1,0.998587,0.992645,0.992124,1,0.869793,0.417675,1,1,0.0253082,0.166538,0.00145653,0.00111156,0.485455,0.986911,0.674476,0.0746587,0.406775,0.0844678,0.000716543,0.00111156,0.00111156,0.000750831,0.00714286,0.127159,0.224247,0.960287,0.951968,0.110336,0.437959,0.248053,0.612743,0.196504,0.735809,0.744818,0.802343,0.456732,0.385469,0.856757,0.541409,0.197741,0.538304,0.436235,0.494679
period17,1,1,1,1,0.99913,0.99394,0.993568,1,0.888133,0.525484,1,1,0.168264,0.328121,0.00166729,0.00122164,0.491304,0.975014,0.732543,0.217104,0.398403,0.201748,0.000742523,0.00122164,0.00122164,0.000786812,0.00588235,0.135229,0.517279,0.409405,0.292999,0.26898,0.551878,0.0731142,0.866883,0.671137,0.618203,0.452291,0.84293,0.736155,0.548648,0.600011,0.397085,0.702344,0.612454,0.694788,0.565601
period18,1,1,1,1,0.999051,0.993687,0.993524,1,0.904677,0.622478,1,1,0.265829,0.473949,0.00186239,0.00799008,0.490476,0.979436,0.776857,0.27816,0.389568,0.321767,0.00107896,0.00134436,0.00134436,0.000865245,0.00588235,0.160394,0.391775,0.266922,0.158182,0.155668,0.684343,0.683666,0.328279,0.685998,0.119947,0.598774,0.518567,0.222035,0.382415,0.648108,0.158837,0.427397,0.714946,0.843774,0.877082
period19,1,1,1,1,0.999055,0.995558,0.995235,1,0.919663,0.703874,1,1,0.321688,0.602494,0.00191966,0.0157415,0.489781,0.985294,0.766537,0.327319,0.432402,0.525049,0.00650096,0.00144423,0.00144423,0.000920491,0.00434783,0.152771,0.181742,0.772185,0.808185,0.83955,0.499282,0.277998,0.363925,0.131861,0.263903,0.540689,0.314648,0.766653,0.271291,0.54518,0.246577,0.462805,0.817981,0.287165,0.0840648
period20,1,1,1,1,0.999892,0.996686,0.997018,1,0.90675,0.730485,1,1,0.402531,0.688114,0.00213756,0.0268503,0.488034,1,0.788182,0.357616,0.429925,0.605903,0.00823749,0.0100782,0.0100782,0.00106663,0.0305556,0.10525,0.290419,0.0489468,0.288519,0.145352,0.288825,0.446668,0.511853,0.329129,0.455442,0.331791,0.611386,0.832891,0.295288,0.126905,0.21967,0.632784,0.509017,0.609298,0.395023
period21,1,1,1,1,0.999884,0.997172,0.997705,1,0.916728,0.770421,1,1,0.496216,0.733382,0.00239518,0.0477978,0.486916,1,0.810371,0.381506,0.432943,0.67108,0.00969645,0.011041,0.0386086,0.00117186,0.087234,0.100211,0.499071,0.473706,0.492859,0.468179,0.300685,0.223853,0.339671,0.171459,0.461111,0.267271,0.218949,0.484158,0.0996527,0.554628,0.46789,0.803949,0.157941,0.665814,0.536577
period22,1,1,1,1,0.999884,0.997326,0.998135,1,0.943712,0.785163,1,1,0.534235,0.747414,0.00233592,0.114358,0.486667,1,0.810719,0.388804,0.431881,0.711949,0.0194256,0.0206329,0.0674956,0.00118375,0.122414,0.100288,1,0.515297,0.354779,0.651484,0.220443,0.0951498,0.453257,0.497684,0.62692,0.199244,0.388319,0.703826,0.526225,0.607728,0.353977,0.477527,0.374214,0.44522,0.300433
period23,1,1,1,1,0.999988,0.998775,0.999911,1,1,0.864211,1,1,0.546459,0.843158,0.00237287,0.190778,0.485859,1,0.993078,1,0.470388,0.792978,0.0305822,0.0318083,0.131165,0.00124499,0.185,1,1,0.805328,0.390918,0.544395,0.751875,0.390318,0.557359,0.493171,0.344966,0.496384,0.133763,0.382602,0.419987,0.388693,0.53533,0.414131,0.591505,0.580506,0.3799
period24,1,1,1,1,0.999987,0.998812,1,1,1,0.877528,1,1,0.603219,0.9,0.00242649,0.224369,1,1,1,1,0.501785,0.824103,0.0734874,0.0338791,0.171455,0.00131531,0.225862,1,1,0.406232,0.179122,0.351849,0.48355,0.878825,0.390504,0.289822,0.851848,0.440585,0.516994,0.37361,0.614398,0.530408,0.650833,0.231507,0.548077,0.0567311,0.0233982
period25,1,1,1,1,0.999986,0.99871,1,1,1,0.903659,1,1,0.699992,0.915854,0.00268647,0.358314,1,1,1,1,0.484227,0.881958,0.0832763,0.0498435,0.215943,0.00147023,0.312069,1,1,0.595814,0.563159,0.112162,0.027302,0.463317,0.500439,0.679944,0.837749,0.0851054,0.579665,0.574696,0.595869,0.204308,0.720102,0.9022,0.156633,0.413397,0.416628
