period8,0.896053,0.599966,0.00131579,0.882895,0.0027277,0.713787,0.896053,0.497019,0.345746,0.00255526,0.00156795,0.00147052,0.00147052,0.00147052,0.00255526,0.00172229,0.286631,0.0234422,0.00156795,0.00146091,0.00156795,0.00156795,0.00163777,0.00163777,0.00146091,0.197887,0.594618,0.357037,0.468247,0.14627,0.453639,0.476059,0.426544,0.413511,0.415024,0.44194,0.40206,0.454981,0.754805,0.41121,0.732444,0.343535,0.706865,0.34032,0.280172,0.446483,0.322863,0.711032,0.532415
period9,0.958571,0.876782,0.00142857,0.944286,0.00294109,0.845626,0.958571,0.752546,0.61742,0.00287254,0.00171172,0.0015973,0.0015973,0.0015973,0.00287254,0.00187996,0.540526,0.0245813,0.00171172,0.00158602,0.00171172,0.00171172,0.00177955,0.00177955,0.00158602,0.269743,0.454341,0.132084,0.727035,0.543531,0.466537,0.47373,0.445666,0.94751,0.391965,0.307286,0.761735,0.480097,0.483217,0.552094,0.539289,0.390638,0.53586,0.265677,0.357665,0.39254,0.26333,0.386692,0.300103
period10,0.972059,0.902365,0.00147059,0.972059,0.00299076,0.909471,0.972059,0.853059,0.824853,0.00314952,0.00178091,0.00164606,0.00164606,0.00164606,0.00314952,0.00195573,0.716449,0.0144579,0.00178091,0.00163277,0.00178091,0.00178091,0.00183542,0.00183542,0.00163277,0.675325,0.854128,0.641324,0.519365,0.643989,0.518222,0.896575,0.572905,0.0478432,0.420339,0.0726494,0.759466,0.150452,0.344492,0.36593,0.766603,0.384941,0.324559,0.336405,0.77695,0.262773,0.710637,0.377469,0.437126
period11,0.986154,0.958712,0.00153846,0.986154,0.00305116,0.946823,0.986154,0.9169,0.901938,0.00343983,0.00187715,0.00172329,0.00172329,0.00172329,0.00343983,0.00206105,0.831724,0.0213965,0.00187715,0.00170814,0.00187715,0.00187715,0.00192258,0.00192258,0.00170814,0.182288,0.363238,0.363221,0.317461,0.56302,0.218595,0.639587,0.519753,0.655797,0.5557,0.496787,0.880863,0.627184,0.78617,0.304241,0.17344,0.537774,0.306847,0.663952,0.0869457,0.284965,0.213966,0.574707,0.263163
period12,0.985938,0.973479,0.0015625,0.985938,0.00309842,0.961196,0.985938,0.961196,0.961196,0.0053823,0.00209232,0.00176846,0.00176846,0.00176846,0.0053823,0.00229367,0.891485,0.167386,0.00209232,0.00173658,0.00209232,0.00209232,0.00198868,0.00198868,0.00173658,0.59701,0.599924,0.591362,0.450015,0.544565,0.743161,0.401618,0.0862665,0.744616,0.229962,0.692685,0.500667,0.219098,0.429223,0.361169,0.461059,0.209584,0.201953,0.404692,0.429458,0.318383,0.679734,0.57725,0.232912
period13,0.99997,1,0.0016129,0.998507,0.00191823,1,1,0.998442,0.985457,0.00304374,0.00191237,0.00180106,0.00180106,0.00180106,0.00304374,0.0020986,1,0.216612,0.00191237,0.0017901,0.00191237,0.00191237,0.00200425,0.00200425,0.0017901,0.460937,0.196357,0.557319,0.418719,0.406073,0.420053,0.356778,0.100784,0.0703883,0.643757,0.413422,0.696415,0.312867,0.607983,0.628918,0.309927,0.203098,0.193214,0.430328,0.482388,0.880609,0.189507,0.743698,0.299379
period14,0.999968,1,0.00172414,0.998401,0.00205044,1,1,0.998358,0.984454,0.00325191,0.00204372,0.00192499,0.00192499,0.00192499,0.00325191,0.00224249,1,0.296891,0.00204372,0.00191332,0.00204372,0.00204372,0.00214185,0.00214185,0.00191332,0.417611,0.480591,0.513724,0.540494,0.51154,0.64366,0.862033,0.170521,0.703043,0.198371,0.0795116,0.372442,0.820525,0.521918,0.583406,0.358617,0.670137,0.641509,0.717227,0.625453,0.493343,0.371418,0.21585,0.476497
period15,0.999963,1,0.00196078,0.998174,0.00233168,1,1,0.99812,0.98232,0.0036941,0.00232295,0.00218852,0.00218852,0.00218852,0.0036941,0.00254825,1,0.357368,0.00232295,0.00217535,0.00232295,0.00232295,0.00243431,0.00243431,0.00217535,0.257558,0.544185,0.776511,0.371555,0.595929,0.350956,0.89219,0.484098,0.226844,0.548907,0.436705,0.0881503,0.564679,0.092057,0.322938,0.3584,0.338279,0.527355,0.436675,0.66902,0.473397,0.386433,0.301035,0.548355
period16,0.99996,1,0.00208333,0.998056,0.0024773,1,1,0.997995,0.981215,0.0039227,0.00246743,0.00232494,0.00232494,0.00232494,0.0039227,0.00270639,1,0.421504,0.00246743,0.00231098,0.00246743,0.00246743,0.00258562,0.00258562,0.00231098,0.340999,0.25264,0.69431,0.240858,0.310101,0.32979,0.819349,0.566481,0.156721,0.48478,0.360575,0.111603,0.412547,0.146376,0.617012,0.275882,0.704491,0.477244,0.520022,0.343756,0.269693,0.241195,0.438956,0.2797
period17,0.999986,1,0.0025,0.99765,0.00297226,1,1,0.997583,0.995545,0.00293435,0.0027861,0.00277164,0.00277164,0.00277164,0.00293435,0.00305655,1,1,0.0027861,0.00277024,0.0027861,0.0027861,0.00306612,0.00306612,0.00277024,0.400516,0.18324,0.397697,0.714845,0.364061,0.783124,0.61382,0.240918,0.408386,0.0281072,0.743365,0.356777,0.776566,0.412912,0.372221,0.585209,0.491491,0.477956,0.436691,0.491084,0.412823,0.363905,0.536303,0.329549
period18,0.999984,1,0.034375,0.997031,0.00511624,1,1,0.996925,0.995316,0.0346824,0.00484805,0.00359465,0.00359465,0.00359465,0.00357879,0.00393953,1,1,0.00484805,0.00347323,0.0034717,0.0034717,0.00383841,0.00383841,0.00347323,0.801958,0.303212,0.172489,0.344665,0.140127,0.554292,0.231898,0.675444,0.215819,0.465461,0.131028,0.703436,0.478597,0.73167,0.120607,0.368862,0.124449,0.641758,0.194052,0.419662,0.449444,0.427327,0.111418,0.215197
period19,1,1,0.0407407,0.996445,0.00606159,1,1,0.996304,1,0.0407407,0.0057265,0.00425514,0.00425514,0.00425514,0.0037037,0.00460975,1,1,0.0057265,0.00411346,0.00406036,0.00406036,0.00453352,0.00453352,0.00411346,0.0859624,0.0247959,0.488752,0.582177,0.425584,0.504604,0.502071,0.254719,0.190291,0.885414,0.467266,0.493398,0.392061,0.490447,0.29921,0.492611,0.346215,0.495576,0.802806,0.453406,0.489276,0.46879,0.463067,0.416633
period20,1,1,0.05,0.995572,0.0323248,1,1,0.995353,1,0.05,0.00702381,0.00521591,0.00521591,0.00521591,0.00454545,0.00564675,1,1,0.00702381,0.00504334,0.00497934,0.00497934,0.00555317,0.00555317,0.00504334,0.838487,0.45429,0.196303,0.462926,0.621609,0.849104,0.579826,0.418937,0.695654,0.413723,0.624455,0.624914,0.363246,0.424673,0.756114,0.504251,0.373622,0.539435,0.497791,0.375818,0.287409,0.282658,0.386604,0.410059
period21,1,1,0.0733333,0.993255,0.0473102,1,1,1,1,0.0733333,0.0102857,0.00762667,0.00762667,0.00762667,0.00666667,0.00824249,1,1,0.0102857,0.00737849,0.00728889,0.00728889,0.00810533,0.00810533,0.00737849,0.493464,0.31813,0.727868,0.595328,0.481627,0.170128,0.798242,0.786383,0.391468,0.574953,1,0.596553,0.492846,0.41724,0.318573,0.313915,0.337748,0.317081,0.385686,0.639082,0.434015,0.278075,0.307358,0.326821
period22,1,1,0.0846154,0.992072,0.05453,1,1,1,1,0.0846154,0.011859,0.00878698,0.00878698,0.00878698,0.0846154,0.0129042,1,1,0.0541667,0.00850341,0.011859,0.011859,0.00995175,0.00995175,0.00850341,0.102786,0.583342,0.338894,0.0903458,0.527714,0.440241,0.513045,0.168554,0.412807,0.0910594,1,0.222356,0.147969,0.407239,0.411796,0.198769,0.349415,0.611537,0.483858,0.474056,0.38936,0.343839,0.0953123,0.273202
period23,1,1,0.11,0.989249,0.0707072,1,1,1,1,0.11,0.0153889,0.011385,0.011385,0.011385,0.11,0.016691,1,1,0.0703889,0.0110247,0.0153889,0.0153889,0.0128509,0.0128509,0.0110247,0.279222,0.548028,0.118505,0.261038,0.496538,0.185053,0.265129,0.235584,0.484698,0.425312,1,0.193366,0.40613,0.310316,0.357023,0.318633,0.230492,0.431035,0.226405,0.449531,0.382738,0.41384,0.305674,0.191932
period24,1,1,0.157143,0.983351,0.100468,1,1,1,1,0.157143,0.0219048,0.0161633,0.0161633,0.0161633,0.157143,0.0236154,1,1,0.100476,0.0156711,0.0219048,0.0219048,0.0181308,0.0181308,0.0156711,0.319216,0.114825,0.27595,0.299588,0.138119,0.0393253,0.150307,0.595136,0.480812,0.466949,1,0.123851,0.474388,0.24404,0.442883,0.203976,0.189235,0.314883,0.337782,0.320907,0.293142,0.231576,0.328284,0.139017
period25,1,1,0.157143,0.983351,0.100468,1,1,1,1,0.157143,0.0219048,0.0161633,0.0161633,0.0161633,0.157143,0.0236154,1,1,0.100476,0.0156711,0.100476,0.0219048,0.021828,0.021828,0.0156711,0.205878,0.325043,0.31982,0.32907,0.367046,0.38055,0.479905,0.185027,0.0917022,0.0633792,1,0.597127,0.577136,0.347909,0.133828,0.270992,0.273492,0.200604,0.20622,0.356888,0.374549,0.289299,0.230445,0.28787
