period8,0.896053,0.599966,0.00131579,0.882895,0.0027277,0.713787,0.896053,0.497019,0.345746,0.00255526,0.00156795,0.00147052,0.00147052,0.00147052,0.00255526,0.00172229,0.286631,0.0234422,0.00156795,0.00146091,0.00156795,0.00156795,0.00163777,0.00163777,0.00146091,0.197887,0.594618,0.357037,0.468247,0.14627,0.453639,0.476059,0.426544,0.413511,0.415024,0.44194,0.40206,0.454981,0.754805,0.41121,0.732444,0.343535,0.706865,0.34032,0.280172,0.446483,0.322863,0.711032,0.532415
period9,0.958571,0.876782,0.00142857,0.944286,0.00294109,0.845626,0.958571,0.752546,0.61742,0.00287254,0.00171172,0.0015973,0.0015973,0.0015973,0.00287254,0.00187996,0.540526,0.0245813,0.00171172,0.00158602,0.00171172,0.00171172,0.00177955,0.00177955,0.00158602,0.269743,0.454341,0.132084,0.727035,0.543531,0.466537,0.47373,0.445666,0.94751,0.391965,0.307286,0.761735,0.480097,0.483217,0.552094,0.539289,0.390638,0.53586,0.265677,0.357665,0.39254,0.26333,0.386692,0.300103
period10,0.972059,0.902365,0.00147059,0.972059,0.00299076,0.909471,0.972059,0.853059,0.824853,0.00314952,0.00178091,0.00164606,0.00164606,0.00164606,0.00314952,0.00195573,0.716449,0.0144579,0.00178091,0.00163277,0.00178091,0.00178091,0.00183542,0.00183542,0.00163277,0.675325,0.854128,0.641324,0.519365,0.643989,0.518222,0.896575,0.572905,0.0478432,0.420339,0.0726494,0.759466,0.150452,0.344492,0.36593,0.766603,0.384941,0.324559,0.336405,0.77695,0.262773,0.710637,0.377469,0.437126
period11,0.986154,0.958712,0.00153846,0.986154,0.00305116,0.946823,0.986154,0.9169,0.901938,0.00343983,0.00187715,0.00172329,0.00172329,0.00172329,0.00343983,0.00206105,0.831724,0.0213965,0.00187715,0.00170814,0.00187715,0.00187715,0.00192258,0.00192258,0.00170814,0.182288,0.363238,0.363221,0.317461,0.56302,0.218595,0.639587,0.519753,0.655797,0.5557,0.496787,0.880863,0.627184,0.78617,0.304241,0.17344,0.537774,0.306847,0.663952,0.0869457,0.284965,0.213966,0.574707,0.263163
period12,0.985938,0.973479,0.0015625,0.985938,0.00309842,0.961196,0.985938,0.961196,0.961196,0.0053823,0.00209232,0.00176846,0.00176846,0.00176846,0.0053823,0.00229367,0.891485,0.167386,0.00209232,0.00173658,0.00209232,0.00209232,0.00198868,0.00198868,0.00173658,0.59701,0.599924,0.591362,0.450015,0.544565,0.743161,0.401618,0.0862665,0.744616,0.229962,0.692685,0.500667,0.219098,0.429223,0.361169,0.461059,0.209584,0.201953,0.404692,0.429458,0.318383,0.679734,0.57725,0.232912
period13,0.985484,0.97263,0.0016129,0.985484,0.00319749,0.959963,0.985484,0.959963,0.959963,0.00555204,0.00215915,0.00182534,0.00182534,0.00182534,0.00555204,0.0023668,0.919065,0.202686,0.00215915,0.00179249,0.00215915,0.00215915,0.00205245,0.00205245,0.00179249,0.460937,0.196357,0.557319,0.417917,0.405303,0.420045,0.356778,0.100764,0.0704628,0.642389,0.408882,0.687775,0.304663,0.588406,0.615234,0.30512,0.200431,0.191307,0.421783,0.48231,0.860414,0.193772,0.727045,0.301618
period14,0.999968,1,0.00172414,0.998401,0.00205044,1,1,0.998358,0.984454,0.00325191,0.00204372,0.00192499,0.00192499,0.00192499,0.00325191,0.00224249,1,0.296891,0.00204372,0.00191332,0.00204372,0.00204372,0.00214185,0.00214185,0.00191332,0.417611,0.480591,0.513724,0.540494,0.51154,0.64366,0.862033,0.170521,0.703043,0.198371,0.0795116,0.372442,0.820525,0.521918,0.583406,0.358617,0.670137,0.641509,0.717227,0.625453,0.493343,0.371418,0.21585,0.476497
period15,0.999963,1,0.00196078,0.998174,0.00233168,1,1,0.99812,0.98232,0.0036941,0.00232295,0.00218852,0.00218852,0.00218852,0.0036941,0.00254825,1,0.357368,0.00232295,0.00217535,0.00232295,0.00232295,0.00243431,0.00243431,0.00217535,0.257558,0.544185,0.776511,0.371555,0.595929,0.350956,0.89219,0.484098,0.226844,0.548907,0.436705,0.0881503,0.564679,0.092057,0.322938,0.3584,0.338279,0.527355,0.436675,0.66902,0.473397,0.386433,0.301035,0.548355
period16,0.99996,1,0.00208333,0.998056,0.0024773,1,1,0.997995,0.981215,0.0039227,0.00246743,0.00232494,0.00232494,0.00232494,0.0039227,0.00270639,1,0.421504,0.00246743,0.00231098,0.00246743,0.00246743,0.00258562,0.00258562,0.00231098,0.340999,0.25264,0.69431,0.240858,0.310101,0.32979,0.819349,0.566481,0.156721,0.48478,0.360575,0.111603,0.412547,0.146376,0.617012,0.275882,0.704491,0.477244,0.520022,0.343756,0.269693,0.241195,0.438956,0.2797
period17,0.999951,1,0.0025,0.99765,0.00297232,1,1,0.997566,0.977457,0.00469792,0.00295805,0.00278841,0.00278841,0.00278841,0.00469792,0.00324311,1,0.506021,0.00295805,0.00277187,0.00295805,0.00295805,0.00309936,0.00309936,0.00277187,0.400516,0.18324,0.397697,0.713757,0.363594,0.783113,0.61382,0.238358,0.407841,0.0282343,0.743343,0.356768,0.776555,0.412907,0.367275,0.584921,0.484378,0.477196,0.430574,0.490554,0.407139,0.362661,0.528375,0.330472
period18,0.999937,1,0.034375,0.99703,0.00511635,1,1,0.996902,0.97182,0.0362243,0.00492017,0.00360164,0.00360164,0.00360164,0.00585494,0.00416526,1,0.601585,0.00492017,0.00347391,0.0036922,0.0036922,0.00387944,0.00387944,0.00347391,0.801958,0.303212,0.172489,0.344347,0.140049,0.554289,0.231898,0.661859,0.215554,0.464626,0.131026,0.703407,0.478588,0.731655,0.12012,0.368769,0.123871,0.642016,0.191832,0.420257,0.441194,0.425223,0.111149,0.215112
period19,0.999923,1,0.0407407,0.996443,0.00606181,1,1,0.996267,0.9666,0.04272,0.00581785,0.00426394,0.00426394,0.00426394,0.00692002,0.00492562,1,0.676242,0.00581785,0.00411431,0.00437008,0.00437008,0.00459067,0.00459067,0.00411431,0.0859624,0.0247959,0.488752,0.581346,0.424932,0.504601,0.502071,0.249551,0.19,0.882878,0.467237,0.493368,0.39205,0.490432,0.292557,0.490881,0.337992,0.496167,0.779332,0.449833,0.476274,0.459778,0.450941,0.415188
period20,0.999984,1,0.05,0.995572,0.0323248,1,1,0.995345,0.959077,0.0520461,0.00711637,0.00522474,0.00522474,0.00522474,0.00845172,0.00602495,1,0.739385,0.00711637,0.00504418,0.00535221,0.00535221,0.00562114,0.00562114,0.00504418,0.838487,0.45429,0.196303,0.462189,0.620512,0.849097,0.579826,0.405885,0.693316,0.412492,1,0.624906,0.363244,0.424671,0.729264,0.496691,0.362425,0.53998,0.481512,0.38013,0.27974,0.279186,0.374876,0.409381
period21,0.999951,1,0.0733333,0.993253,0.0473103,1,1,0.993232,0.939959,0.0749344,0.0103543,0.00763307,0.00763307,0.00763307,0.0122705,0.0087659,1,0.701574,0.0103543,0.00737909,0.00781191,0.00781191,0.00819779,0.00819779,0.00737909,0.493464,0.31813,0.727868,0.594525,0.480999,0.170127,0.798242,0.745172,0.389824,0.572274,1,0.596529,0.490187,0.415093,0.30545,0.315026,0.323473,0.317712,0.368533,0.640063,0.41396,0.281698,0.294908,0.323875
period22,0.999974,1,0.0846154,1,0.0541667,1,1,0.992059,0.930747,0.0856808,0.0119034,0.00879108,0.00879108,0.00879108,0.0856808,0.012952,1,0.658448,0.0547438,0.00850379,0.0119034,0.0119034,0.00996001,0.00996001,0.00850379,0.102786,0.583342,0.338894,0.0904163,0.527234,0.44024,0.513045,0.163807,0.412517,0.0911018,1,0.222352,0.147588,0.4048,0.390204,0.195619,0.332143,0.613804,0.457275,0.480312,0.369321,0.34886,0.0956369,0.273127
period23,0.99993,1,0.11,1,0.0703889,1,1,0.989215,0.909944,0.109099,0.0153539,0.0113818,0.0113818,0.0113818,0.109099,0.0166535,1,0.74606,0.0699036,0.0110244,0.0153539,0.0153539,0.0128446,0.0128446,0.0110244,0.279222,0.548028,0.118505,0.261197,0.496876,0.185054,0.265129,0.223374,0.485064,0.425563,1,0.19336,0.402828,0.308047,0.333876,0.316458,0.21874,0.431259,0.215022,0.450188,0.357276,0.414394,0.287152,0.19041
period24,1,1,0.157143,1,0.100476,1,1,1,1,0.157143,0.0219048,0.0161633,0.0161633,0.0161633,0.157143,0.0236154,1,1,0.100476,0.0156711,0.0219048,0.0219048,0.0181308,0.0181308,0.0156711,0.319216,0.114825,0.27595,0.299588,0.138119,0.0393253,0.150307,1,0.480812,0.466949,1,0.123851,0.474388,0.24404,0.442883,0.203976,0.189235,0.314883,0.337782,0.320907,0.293142,0.231576,0.328284,0.139017
