period9,0.939594,0.999522,1,0.963684,0.726842,0.049773,0.0457989,0.0376046,0.334739,0.148683,0.315126,0.201087,0.0055541,0.0157719,0.00151389,0.0010602,0.447895,0.482136,0.00554543,0.001004,0.0201743,0.00878759,0.000613096,0.0010602,0.0010602,0.000658235,0.000927033,0.000784646,0.649803,0.63397,0.299457,0.61612,0.226634,0.225099,0.480417,0.517966,0.600738,0.393643,0.529691,0.497864,0.381159,0.230548,0.146578,0.627025,0.276123,0.674963,0.78805
period10,1,1,1,0.953646,0.901563,0.0632739,0.0447981,0.0367945,0.389702,0.318928,0.548731,0.272859,0.00109718,0.0266513,0.00106493,0.000616776,0.448437,0.60732,0.00543587,0.00101301,0.208567,0.0142768,0.000568979,0.000616776,0.000616776,0.000613567,0.000918461,0.000779224,0.623183,0.571178,0.688304,0.445648,0.369013,0.422764,0.399168,0.359028,0.413283,0.531651,0.620398,0.444673,0.534939,0.424112,0.431,0.275515,0.326188,0.531942,0.859731
period11,1,1,1,0.953886,0.933161,0.181518,0.0514311,0.0383793,0.398052,0.363342,0.665482,0.535413,0.00107255,0.0367346,0.00108124,0.000614325,0.446114,0.851744,0.0150015,0.00101195,0.293702,0.0285171,0.000568735,0.000614325,0.000614325,0.000615189,0.00093523,0.000882768,0.378442,0.364961,0.717504,0.129013,0.20246,0.316093,0.644503,0.603856,0.675226,0.577333,0.723622,0.169452,0.629706,0.631018,0.58339,0.255823,0.571382,0.253354,0.426381
period12,1,1,1,0.963492,0.947619,0.506505,0.110709,0.0412902,0.406479,0.355417,0.730688,0.642377,0.00110847,0.0427412,0.0011425,0.000639361,0.455556,0.896082,0.0211614,0.00105106,0.335861,0.0342469,0.000592698,0.000639361,0.000639361,0.000642746,0.000988454,0.00095233,0.741079,0.511815,0.677726,0.53622,0.167278,0.339009,0.643107,0.0450219,0.672235,0.507042,0.421992,0.283456,0.363794,0.56188,0.356475,0.358858,0.511384,0.627532,0.228065
period13,1,1,1,0.974074,0.947619,0.569622,0.460932,0.0424837,0.511712,0.382226,0.767725,0.70042,0.00105026,0.0428253,0.00115558,0.000633571,0.455556,0.917082,0.0373047,0.0010529,0.347118,0.0390716,0.000592122,0.000633571,0.000633571,0.000644047,0.00100106,0.000995262,0.326796,0.132298,0.713224,0.551001,0.903503,0.722074,0.480462,0.499205,0.327475,0.6113,0.651989,0.426736,0.479402,0.475831,0.452851,0.528978,0.451263,0.47912,0.0786928
period14,1,1,1,0.979365,0.947619,0.606474,0.523877,0.0425488,0.727558,0.393625,0.788889,0.73735,0.00105026,0.0586342,0.00115755,0.000633571,0.455556,0.927611,0.125539,0.00105762,0.373958,0.0401069,0.000592122,0.000633571,0.000633571,0.000644243,0.00100174,0.00103213,0.520974,0.29993,0.484514,0.66068,0.815821,0.665065,0.092665,0.754716,0.33518,0.441167,0.416833,0.394662,0.338992,0.645048,0.189709,0.282214,0.620412,0.673603,0.433281
period15,1,1,1,0.989017,0.965896,0.67957,0.572221,0.0578081,0.806057,0.401329,0.815607,0.770808,0.00114334,0.0869101,0.00126545,0.000691708,0.474566,0.955541,0.318424,0.00115938,0.379866,0.0554399,0.000646806,0.000691708,0.000691708,0.000703849,0.00110356,0.0402458,0.492702,0.62367,0.173658,0.804128,0.415033,0.419346,0.51372,0.605338,0.573956,0.539583,0.656031,0.609995,0.527705,0.466614,0.456535,0.627416,0.683353,0.623861,0.33579
period16,1,1,1,1,0.998587,0.992645,0.992124,1,0.869793,0.417675,0.867273,0.802228,0.0253082,0.166538,0.00145653,0.00111156,0.485455,0.986911,0.674476,0.0746587,0.406775,0.0844678,0.000716543,0.00111156,0.00111156,0.000750831,0.00714286,0.127159,0.241066,0.89564,0.888211,0.110336,0.437959,0.248053,0.612743,0.196504,0.735809,0.701778,0.782124,0.446246,0.385936,0.807459,0.525311,0.197741,0.538304,0.436235,0.494679
period17,1,1,1,1,0.99913,0.99394,0.993568,1,0.888133,0.525484,1,1,0.168264,0.328121,0.00166729,0.00122164,0.491304,0.975014,0.732543,0.217104,0.398403,0.201748,0.000742523,0.00122164,0.00122164,0.000786812,0.00588235,0.135229,0.517279,0.409405,0.292999,0.26898,0.551878,0.0731142,0.866883,0.671137,0.618203,0.452291,0.84293,0.736155,0.548648,0.600011,0.397085,0.702344,0.612454,0.694788,0.565601
period18,1,1,1,1,0.999915,0.999033,1,1,0.905373,0.622951,1,1,0.265972,0.474308,0.00177754,0.00799389,0.490476,1,0.781905,0.278369,0.389863,0.32201,0.00107915,0.00134459,0.00134459,0.000856817,0.00588235,0.161427,0.391775,0.266922,0.158182,0.155716,0.684848,0.68682,0.328476,0.68941,0.115928,0.598774,0.518567,0.222035,0.382415,0.648108,0.158837,0.427397,0.714946,0.843741,0.877062
period19,1,1,1,1,0.999915,0.999024,1,1,0.920368,0.704407,1,1,0.321879,0.602949,0.00184322,0.0157502,0.489781,1,0.770192,0.327563,0.432727,0.525445,0.00650414,0.00144445,0.00144445,0.000912903,0.00434783,0.153491,0.181742,0.772185,0.808185,0.840187,0.499625,0.277483,0.364153,0.129386,0.265123,0.540689,0.314648,0.766653,0.271291,0.54518,0.246577,0.462773,0.817979,0.287286,0.0840593
period20,1,1,1,1,0.999902,0.99893,1,1,0.906759,0.730492,1,1,0.402534,0.68812,0.00207577,0.0268505,0.488034,1,0.790526,0.357619,0.429928,0.605908,0.00823754,0.0100783,0.0100783,0.0010605,0.0305556,0.105556,0.290419,0.0489468,0.288519,0.145353,0.288827,0.446818,0.511857,0.328592,0.455975,0.331791,0.611386,0.832891,0.295288,0.126905,0.21967,0.632783,0.509017,0.609298,0.395023
period21,1,1,1,1,0.999894,0.99887,1,1,0.916736,0.770428,1,1,0.49622,0.733388,0.00228049,0.0477981,0.486916,1,0.812222,0.381509,0.432946,0.671085,0.00969652,0.0110411,0.0386089,0.0011605,0.087234,0.100434,0.499071,0.473706,0.492859,0.468183,0.300687,0.223515,0.339673,0.170779,0.460595,0.267271,0.218949,0.484158,0.0996527,0.554628,0.46789,0.803948,0.157941,0.665816,0.536578
period22,1,1,1,1,0.999893,0.998869,1,1,0.943719,0.785169,1,1,0.534239,0.74742,0.00228474,0.114359,0.486667,1,0.812222,0.388807,0.431885,0.711955,0.0194257,0.020633,0.0674961,0.00117868,0.122414,0.100468,0.18554,0.515297,0.354779,0.651489,0.220444,0.0941251,0.453261,0.498034,0.627304,0.199244,0.388319,0.703826,0.526225,0.240721,0.455807,0.477527,0.374214,0.44522,0.300433
