period10,0.972059,0.902365,0.00147059,0.972059,0.00299076,0.909471,0.972059,0.853059,0.824853,0.00314952,0.00178091,0.00164606,0.00164606,0.00164606,0.00314952,0.00195573,0.716449,0.0144579,0.00178091,0.00163277,0.00178091,0.00178091,0.00183542,0.00183542,0.00163277,0.675325,0.854128,0.641324,0.519365,0.643989,0.518222,0.896575,0.572905,0.0478432,0.420339,0.0726494,0.759466,0.150452,0.344492,0.36593,0.766603,0.384941,0.324559,0.336405,0.77695,0.262773,0.710637,0.377469,0.437126
period11,0.986154,0.958712,0.00153846,0.986154,0.00305116,0.946823,0.986154,0.9169,0.901938,0.00343983,0.00187715,0.00172329,0.00172329,0.00172329,0.00343983,0.00206105,0.831724,0.0213965,0.00187715,0.00170814,0.00187715,0.00187715,0.00192258,0.00192258,0.00170814,0.182288,0.363238,0.363221,0.317461,0.56302,0.218595,0.639587,0.519753,0.655797,0.5557,0.496787,0.880863,0.627184,0.78617,0.304241,0.17344,0.537774,0.306847,0.663952,0.0869457,0.284965,0.213966,0.574707,0.263163
period12,0.985938,0.973479,0.0015625,0.985938,0.00309842,0.961196,0.985938,0.961196,0.961196,0.0053823,0.00209232,0.00176846,0.00176846,0.00176846,0.0053823,0.00229367,0.891485,0.167386,0.00209232,0.00173658,0.00209232,0.00209232,0.00198868,0.00198868,0.00173658,0.59701,0.599924,0.591362,0.450015,0.544565,0.743161,0.401618,0.0862665,0.744616,0.229962,0.692685,0.500667,0.219098,0.429223,0.361169,0.461059,0.209584,0.201953,0.404692,0.429458,0.318383,0.679734,0.57725,0.232912
period13,0.985484,0.97263,0.0016129,0.985484,0.00319749,0.959963,0.985484,0.959963,0.959963,0.00555204,0.00215915,0.00182534,0.00182534,0.00182534,0.00555204,0.0023668,0.919065,0.202686,0.00215915,0.00179249,0.00215915,0.00215915,0.00205245,0.00205245,0.00179249,0.460937,0.196357,0.557319,0.417917,0.405303,0.420045,0.356778,0.100764,0.0704628,0.642389,0.408882,0.687775,0.304663,0.588406,0.615234,0.30512,0.200431,0.191307,0.421783,0.48231,0.860414,0.193772,0.727045,0.301618
period14,0.984483,0.970758,0.00172414,0.984483,0.00341592,0.957246,0.984483,0.957246,0.957246,0.0059258,0.0023065,0.00195081,0.00195081,0.00195081,0.0059258,0.00252801,0.930164,0.279799,0.0023065,0.00191586,0.0023065,0.0023065,0.0021931,0.0021931,0.00191586,0.417611,0.480591,0.513724,0.539312,0.510436,0.643646,0.862033,0.168572,0.701425,0.198107,0.0798288,0.368223,0.790854,0.504544,0.570046,0.361758,0.654379,0.63056,0.700169,0.626939,0.482472,0.371329,0.212648,0.477645
period15,0.998145,0.980716,0.00196078,0.998145,0.00233449,1,0.982353,0.965174,0.965174,0.00537506,0.00248775,0.00220468,0.00220468,0.00220468,0.00537506,0.00272723,0.932699,0.33661,0.00248775,0.00217693,0.00248775,0.00248775,0.00246637,0.00246637,0.00217693,0.257558,0.544185,0.776511,0.371097,0.595092,0.350952,0.89219,0.477394,0.22663,0.54815,0.436093,0.0881718,0.549341,0.0923192,0.319047,0.356791,0.33412,0.52744,0.430798,0.670623,0.466879,0.38237,0.297527,0.54998
period16,0.999798,1,0.00208333,0.998053,0.00247757,1,0.98125,0.964552,0.964552,0.00555428,0.00262719,0.00234058,0.00234058,0.00234058,0.00555428,0.00287986,0.929917,0.395206,0.00262719,0.00231252,0.00262719,0.00262719,0.00261665,0.00261665,0.00231252,0.340999,0.25264,0.69431,0.240627,0.309757,0.329786,0.819349,0.558559,0.156628,0.48415,0.360532,0.111601,0.402074,0.144822,0.608232,0.276104,0.694226,0.480545,0.512889,0.340852,0.266811,0.239489,0.4332,0.276479
period17,0.99995,1,0.0025,0.99765,0.00297233,1,0.995451,0.995367,0.973466,0.00508709,0.00299599,0.00279211,0.00279211,0.00279211,0.00508709,0.00328428,1,0.504363,0.00299599,0.00277223,0.00299599,0.00299599,0.00310669,0.00310669,0.00277223,0.400516,0.18324,0.397697,0.713517,0.363491,0.78311,0.61382,0.237793,0.40772,0.0282624,0.743342,0.356768,0.775064,0.412217,0.366184,0.584857,0.482808,0.477029,0.429224,0.490437,0.405885,0.362387,0.526626,0.330675
period18,0.999935,1,0.034375,0.99703,0.00511635,1,0.994223,0.994096,0.966784,0.0365548,0.00493563,0.00360314,0.00360314,0.00360314,0.00634282,0.00421364,1,0.598985,0.00493563,0.00347405,0.00373946,0.00373946,0.00388823,0.00388823,0.00347405,0.801958,0.303212,0.172489,0.344279,0.140032,0.554288,0.231898,0.658948,0.215497,0.464447,0.131026,0.703406,0.477522,0.729877,0.120016,0.368749,0.123748,0.642071,0.191356,0.420384,0.439426,0.424772,0.111091,0.215094
period19,0.999921,1,0.0407407,0.996443,0.00606181,1,0.993052,0.992875,0.960578,0.0430768,0.00583432,0.00426553,0.00426553,0.00426553,0.00749985,0.00498256,1,0.672653,0.00583432,0.00411446,0.00442591,0.00442591,0.00460097,0.00460097,0.00411446,0.0859624,0.0247959,0.488752,0.581197,0.424815,0.5046,0.502071,0.24862,0.189947,0.882421,0.467236,0.493367,0.391055,0.489103,0.291357,0.49057,0.336509,0.496274,0.7751,0.449189,0.47393,0.458154,0.448755,0.414928
period20,0.999898,1,0.05,0.995569,0.032325,1,0.991286,0.991021,0.95152,0.052424,0.00713347,0.00522638,0.00522638,0.00522638,0.00917306,0.00609479,1,0.734347,0.00713347,0.00504434,0.00542106,0.00542106,0.00563369,0.00563369,0.00504434,0.838487,0.45429,0.196303,0.462053,0.620309,0.849096,0.579826,0.403475,0.692885,0.412264,0.624401,0.62486,0.3621,0.42326,0.724305,0.495295,0.360357,0.540081,0.478506,0.380926,0.278323,0.278545,0.37271,0.409255
period21,0.999834,1,0.0733333,0.993247,0.0473106,1,0.986962,0.986891,0.928917,0.0752289,0.010367,0.00763425,0.00763425,0.00763425,0.0133011,0.00886215,1,0.694507,0.010367,0.0073792,0.0079081,0.0079081,0.00821479,0.00821479,0.0073792,0.493464,0.31813,0.727868,0.594377,0.480884,0.170127,0.798242,0.737593,0.389521,0.571781,0.323152,0.596471,0.487696,0.413082,0.303037,0.31523,0.320848,0.317829,0.365378,0.640244,0.410272,0.282364,0.292618,0.323333
period22,0.999797,1,0.0846154,0.99206,0.0545306,1,0.984635,0.984549,0.917847,0.0858793,0.0119116,0.00879184,0.00879184,0.00879184,0.0858793,0.0129609,1,0.650708,0.0548513,0.00850386,0.0119116,0.0119116,0.00996155,0.00996155,0.00850386,0.102786,0.583342,0.338894,0.0904294,0.527145,0.44024,0.513045,0.162923,0.412463,0.0911097,0.686459,0.222331,0.147228,0.402492,0.386181,0.195032,0.328925,0.614226,0.452323,0.481478,0.365588,0.349795,0.0956974,0.273112
period23,0.999719,1,0.11,0.989226,0.0707079,1,1,0.989112,0.909773,0.109098,0.0153538,0.0113818,0.0113818,0.0113818,0.109098,0.0166534,1,0.745939,0.0699027,0.0110244,0.0153538,0.0153538,0.0128446,0.0128446,0.0110244,0.279222,0.548028,0.118505,0.261197,0.496877,0.185054,0.265129,0.223351,0.485065,0.425564,0.371132,0.19334,0.402796,0.308026,0.333832,0.316454,0.218718,0.43126,0.215,0.450189,0.357228,0.414395,0.287116,0.190407
period24,0.999927,1,0.157143,1,0.100476,1,1,0.983315,0.871372,0.149793,0.0216598,0.0161423,0.0161423,0.0161423,0.149793,0.0233562,1,0.772201,0.0965561,0.0156693,0.0216598,0.0216598,0.018089,0.018089,0.0156693,0.319216,0.114825,0.27595,0.30132,0.138545,0.039324,0.150307,0.531448,0.483349,0.469531,1,0.12385,0.468141,0.241636,0.398779,0.200247,0.177757,0.316723,0.307197,0.329182,0.268298,0.230838,0.298921,0.137155
period25,0.99992,1,0.157143,1,0.100476,1,1,1,0.871367,0.149792,0.0216597,0.0161423,0.0161423,0.0161423,0.149792,0.0233562,1,0.772198,0.096556,0.0156693,0.096556,0.0216597,0.0216825,0.0216825,0.0156693,0.205878,0.325043,0.31982,0.330653,0.368417,0.380556,0.479905,0.17409,0.0914536,0.0626412,1,0.597087,0.577136,0.347909,0.129477,0.271763,0.251175,0.198301,0.192557,0.359413,0.339233,0.299314,0.213665,0.288313
