period10,0.972059,0.902365,0.00147059,0.972059,0.00299076,0.909471,0.972059,0.853059,0.824853,0.00314952,0.00178091,0.00164606,0.00164606,0.00164606,0.00314952,0.00195573,0.716449,0.0144579,0.00178091,0.00163277,0.00178091,0.00178091,0.00183542,0.00183542,0.00163277,0.675325,0.854128,0.641324,0.519365,0.643989,0.518222,0.896575,0.572905,0.0478432,0.420339,0.0726494,0.759466,0.150452,0.344492,0.36593,0.766603,0.384941,0.324559,0.336405,0.77695,0.262773,0.710637,0.377469,0.437126
period11,0.986154,0.958712,0.00153846,0.986154,0.00305116,0.946823,0.986154,0.9169,0.901938,0.00343983,0.00187715,0.00172329,0.00172329,0.00172329,0.00343983,0.00206105,0.831724,0.0213965,0.00187715,0.00170814,0.00187715,0.00187715,0.00192258,0.00192258,0.00170814,0.182288,0.363238,0.363221,0.317461,0.56302,0.218595,0.639587,0.519753,0.655797,0.5557,0.496787,0.880863,0.627184,0.78617,0.304241,0.17344,0.537774,0.306847,0.663952,0.0869457,0.284965,0.213966,0.574707,0.263163
period12,0.985938,0.973479,0.0015625,0.985938,0.00309842,0.961196,0.985938,0.961196,0.961196,0.0053823,0.00209232,0.00176846,0.00176846,0.00176846,0.0053823,0.00229367,0.891485,0.167386,0.00209232,0.00173658,0.00209232,0.00209232,0.00198868,0.00198868,0.00173658,0.59701,0.599924,0.591362,0.450015,0.544565,0.743161,0.401618,0.0862665,0.744616,0.229962,0.692685,0.500667,0.219098,0.429223,0.361169,0.461059,0.209584,0.201953,0.404692,0.429458,0.318383,0.679734,0.57725,0.232912
period13,0.985484,0.97263,0.0016129,0.985484,0.00319749,0.959963,0.985484,0.959963,0.959963,0.00555204,0.00215915,0.00182534,0.00182534,0.00182534,0.00555204,0.0023668,0.919065,0.202686,0.00215915,0.00179249,0.00215915,0.00215915,0.00205245,0.00205245,0.00179249,0.460937,0.196357,0.557319,0.417917,0.405303,0.420045,0.356778,0.100764,0.0704628,0.642389,0.408882,0.687775,0.304663,0.588406,0.615234,0.30512,0.200431,0.191307,0.421783,0.48231,0.860414,0.193772,0.727045,0.301618
period14,0.984483,0.970758,0.00172414,0.984483,0.00341592,0.957246,0.984483,0.957246,0.957246,0.0059258,0.0023065,0.00195081,0.00195081,0.00195081,0.0059258,0.00252801,0.930164,0.279799,0.0023065,0.00191586,0.0023065,0.0023065,0.0021931,0.0021931,0.00191586,0.417611,0.480591,0.513724,0.539312,0.510436,0.643646,0.862033,0.168572,0.701425,0.198107,0.0798288,0.368223,0.790854,0.504544,0.570046,0.361758,0.654379,0.63056,0.700169,0.626939,0.482472,0.371329,0.212648,0.477645
period15,0.998145,0.980716,0.00196078,0.998145,0.00233449,1,0.982353,0.965174,0.965174,0.00537506,0.00248775,0.00220468,0.00220468,0.00220468,0.00537506,0.00272723,0.932699,0.33661,0.00248775,0.00217693,0.00248775,0.00248775,0.00246637,0.00246637,0.00217693,0.257558,0.544185,0.776511,0.371097,0.595092,0.350952,0.89219,0.477394,0.22663,0.54815,0.436093,0.0881718,0.549341,0.0923192,0.319047,0.356791,0.33412,0.52744,0.430798,0.670623,0.466879,0.38237,0.297527,0.54998
period16,0.999604,0.980901,0.00208333,0.99805,0.00247789,1,0.996243,0.996017,0.977597,0.00427695,0.00250212,0.00232833,0.00232833,0.00232833,0.00427695,0.00274406,1,0.420319,0.00250212,0.00231132,0.00250212,0.00250212,0.00259236,0.00259236,0.00231132,0.340999,0.25264,0.69431,0.240808,0.310026,0.329789,0.819349,0.564761,0.156701,0.484643,0.360482,0.111599,0.411928,0.146284,0.615106,0.27593,0.702262,0.477961,0.518473,0.343125,0.269067,0.240824,0.437706,0.279001
period17,0.99995,1,0.0025,0.99765,0.00297233,1,0.995451,0.995367,0.973466,0.00508709,0.00299599,0.00279211,0.00279211,0.00279211,0.00508709,0.00328428,1,0.504363,0.00299599,0.00277223,0.00299599,0.00299599,0.00310669,0.00310669,0.00277223,0.400516,0.18324,0.397697,0.713517,0.363491,0.78311,0.61382,0.237793,0.40772,0.0282624,0.743342,0.356768,0.775064,0.412217,0.366184,0.584857,0.482808,0.477029,0.429224,0.490437,0.405885,0.362387,0.526626,0.330675
period18,0.999935,1,0.034375,0.99703,0.00511635,1,0.994223,0.994096,0.966784,0.0365548,0.00493563,0.00360314,0.00360314,0.00360314,0.00634282,0.00421364,1,0.598985,0.00493563,0.00347405,0.00373946,0.00373946,0.00388823,0.00388823,0.00347405,0.801958,0.303212,0.172489,0.344279,0.140032,0.554288,0.231898,0.658948,0.215497,0.464447,0.131026,0.703406,0.477522,0.729877,0.120016,0.368749,0.123748,0.642071,0.191356,0.420384,0.439426,0.424772,0.111091,0.215094
period19,0.999921,1,0.0407407,0.996443,0.00606181,1,0.993052,0.992875,0.960578,0.0430768,0.00583432,0.00426553,0.00426553,0.00426553,0.00749985,0.00498256,1,0.672653,0.00583432,0.00411446,0.00442591,0.00442591,0.00460097,0.00460097,0.00411446,0.0859624,0.0247959,0.488752,0.581197,0.424815,0.5046,0.502071,0.24862,0.189947,0.882421,0.467236,0.493367,0.391055,0.489103,0.291357,0.49057,0.336509,0.496274,0.7751,0.449189,0.47393,0.458154,0.448755,0.414928
period20,0.999901,1,0.05,0.995569,0.032325,1,1,0.995304,0.959006,0.0520497,0.00711653,0.00522476,0.00522476,0.00522476,0.00845854,0.00602561,1,0.739337,0.00711653,0.00504418,0.00535286,0.00535286,0.00562126,0.00562126,0.00504418,0.838487,0.45429,0.196303,0.462188,0.62051,0.849097,0.579826,0.405862,0.693312,0.41249,0.624403,0.624862,0.363233,0.424657,0.729217,0.496678,0.362405,0.539981,0.481484,0.380138,0.279726,0.27918,0.374855,0.409379
period21,0.999842,1,0.0733333,0.993247,0.0473106,1,1,0.993179,0.939867,0.0749369,0.0103544,0.00763308,0.00763308,0.00763308,0.012279,0.0087667,1,0.701515,0.0103544,0.00737909,0.00781271,0.00781271,0.00819793,0.00819793,0.00737909,0.493464,0.31813,0.727868,0.594523,0.480998,0.170127,0.798242,0.745109,0.389821,0.57227,0.323154,0.596475,0.490167,0.415077,0.30543,0.315027,0.323452,0.317713,0.368507,0.640065,0.41393,0.281704,0.294889,0.32387
period22,0.999808,1,0.0846154,0.99206,0.0545306,1,1,0.991979,0.93061,0.0856829,0.0119035,0.00879109,0.00879109,0.00879109,0.0856829,0.0129521,1,0.658366,0.0547449,0.00850379,0.0119035,0.0119035,0.00996003,0.00996003,0.00850379,0.102786,0.583342,0.338894,0.0904164,0.527233,0.44024,0.513045,0.163797,0.412516,0.0911019,0.686465,0.222332,0.147584,0.404775,0.390161,0.195613,0.332108,0.613808,0.457222,0.480325,0.369281,0.34887,0.0956376,0.273126
period23,1,1,0.11,0.989249,0.0707072,1,1,0.989249,1,0.11,0.0153889,0.011385,0.011385,0.011385,0.11,0.016691,1,1,0.0703889,0.0110247,0.0153889,0.0153889,0.0128509,0.0128509,0.0110247,0.279222,0.548028,0.118505,0.261038,0.496538,0.185053,0.265129,0.235584,0.484698,0.425312,0.371208,0.193366,0.402838,0.308055,0.357023,0.318633,0.230492,0.431035,0.226405,0.449531,0.382738,0.41384,0.305674,0.191932
period24,1,1,0.157143,0.983351,0.100468,1,1,0.983351,1,0.157143,0.0219048,0.0161633,0.0161633,0.0161633,0.157143,0.0236154,1,1,0.100476,0.0156711,0.0219048,0.0219048,0.0181308,0.0181308,0.0156711,0.319216,0.114825,0.27595,0.299588,0.138119,0.0393253,0.150307,0.595136,0.480812,0.466949,0.60823,0.123851,0.468154,0.241641,0.442883,0.203976,0.189235,0.314883,0.337782,0.320907,0.293142,0.231576,0.328284,0.139017
period25,1,1,0.157143,0.983351,0.100468,1,1,1,1,0.157143,0.0219048,0.0161633,0.0161633,0.0161633,0.157143,0.0236154,1,1,0.100476,0.0156711,0.100476,0.0219048,0.021828,0.021828,0.0156711,0.205878,0.325043,0.31982,0.32907,0.367046,0.38055,0.479905,0.185027,0.0917022,0.0633792,0.280368,0.597127,0.577136,0.347909,0.133828,0.270992,0.273492,0.200604,0.20622,0.356888,0.374549,0.289299,0.230445,0.28787
