period12,1,0.956667,1,0.080531,0.0177956,1,0.99,0.545556,0.1341,0.340046,0.00180118,0.00180118,0.00106348,0.00106348,0.000990363,0.000990363,0.000983116,1,0.980142,0.969142,0.0563567,0.0104297,0.0443732,0.00106348,0.0011687,0.000990363,0.00106348,0.00109391,0.000983116,0.000983116,0.00107878,0.0591303,0.692012,0.387069,0.210662,0.502505,0.449204,0.314745,0.684787,0.219538,0.306683,0.949576,0.392259,0.657778,0.161483,0.655055,0.0726833,0.220044,0.306026,0.0921962,0.434799,0.150916,0.496672,0.529677,0.661894,0.623012,0.367245,0.783123,0.15648
period13,1,0.966667,1,0.137273,0.0961411,1,0.989655,0.587356,0.184178,0.40846,0.00182893,0.00182893,0.00109032,0.00109032,0.00101713,0.00101713,0.00100988,1,0.97946,0.968085,0.126077,0.0211188,0.134377,0.00109032,0.00119816,0.00101713,0.00109032,0.00112328,0.00100988,0.00100988,0.00110814,0.641491,0.157566,0.833675,0.166142,0.645964,0.248026,0.589556,0.0251496,0.349218,0.954648,0.825649,0.211561,0.14359,0.510048,0.495021,0.658255,0.515686,0.422602,0.734482,0.445083,0.157597,0.559247,0.39929,0.526908,0.523368,0.704836,0.636379,0.58319
period14,1,0.987838,1,0.186598,0.129684,1,0.987838,0.690541,0.242836,0.506626,0.0020007,0.0020007,0.00122894,0.00122894,0.00115255,0.00115255,0.001145,1,0.975874,0.975874,0.227754,0.0648011,0.209982,0.00122894,0.00135032,0.00115255,0.00122894,0.0012721,0.001145,0.001145,0.00125632,0.140292,0.554451,0.47049,0.445586,0.408411,0.544844,0.270469,0.607322,0.649112,0.433987,0.541569,0.883347,0.670225,0.676612,0.470421,0.251229,0.279474,0.558903,0.404471,0.80249,0.572831,0.334095,0.690393,0.106368,0.699262,0.14798,0.562634,0.498973
period15,1,1,1,0.212941,0.192822,1,0.999996,0.747619,0.287301,0.578511,0.0022217,0.0022217,0.00139603,0.00139603,0.00131443,0.00131443,0.00130637,1,1,0.98571,0.267003,0.135587,0.291656,0.00139603,0.00153368,0.00131443,0.00139603,0.00145006,0.00130637,0.00130637,0.00143323,0.812707,0.397489,0.490954,1,0.4631,0.484225,0.546026,0.501855,0.205222,0.154635,0.228657,0.429988,0.559274,0.0288471,0.638785,0.405271,0.817203,0.547591,0.634419,0.507058,0.212046,0.530175,0.250407,0.926658,0.358713,0.590313,0.718296,0.558465
period16,1,1,1,0.264474,0.229265,1,0.999967,0.783636,0.383627,0.590164,0.00243664,0.00243664,0.00155625,0.00155625,0.00146937,0.00146937,0.00146079,1,1,0.983604,0.323015,0.203717,0.401917,0.00155625,0.00170945,0.00146937,0.00155625,0.00162037,0.00146079,0.00146079,0.00160248,0.602384,0.776426,0.47713,1,0.553392,0.254429,0.0788125,0.541348,0.272205,0.258416,0.640036,0.273755,0.359846,0.455674,0.919855,0.468883,0.292607,0.331697,0.336296,0.637765,0.880678,0.539965,0.707305,0.445421,0.682797,0.228948,0.707339,0.324881
period17,1,1,1,0.355385,0.284362,1,1,0.846667,0.513333,0.654021,0.00273884,0.00273884,0.00180813,0.00180813,0.00171649,0.00171649,0.00170747,1,1,1,0.393508,0.253473,0.48834,0.00180813,0.00198567,0.00171649,0.00180813,0.0018916,0.00170747,0.00170747,0.00187278,0.310476,0.426744,0.456262,1,0.421004,0.130955,0.898992,0.30204,0.757789,0.296964,0.441736,0.262788,0.392617,0.246657,0.762352,0.833563,0.699348,0.579684,0.452322,0.567269,0.118009,0.0687707,0.384282,0.475722,0.656746,0.342857,0.274581,0.298508
period18,1,1,1,0.438182,0.389165,1,0.999999,0.848718,0.643589,0.677166,0.00318387,0.00318387,0.00213078,0.00213078,0.00202739,0.00202739,0.00201723,1,1,1,0.477467,0.338772,0.559815,0.00213078,0.00233932,0.00202739,0.00213078,0.00223314,0.00201723,0.00201723,0.00221198,0.356655,0.551677,0.187189,1,0.506902,0.508388,0.619178,0.37127,0.79572,0.281023,0.78507,0.334492,0.135206,0.402043,0.10087,0.746644,0.556578,0.212494,0.640859,0.502584,0.641214,0.506778,0.530832,0.420564,0.173615,0.0858434,0.458974,0.479299
period19,1,1,1,0.492157,0.458145,1,0.999999,0.888571,0.717142,0.69753,0.0311018,0.00333393,0.00228764,0.00228764,0.00218506,0.00218506,0.00217501,1,1,1,0.586459,0.375334,0.620892,0.00349289,0.00371368,0.00218506,0.00228764,0.0024057,0.00217501,0.00217501,0.00238474,0.252121,0.478861,0.436276,1,0.408592,0.516356,0.183097,0.530021,0.128844,0.04856,0.510121,0.670573,0.779798,0.0467181,0.121865,0.269669,0.521315,0.0743786,0.318334,0.647397,0.605523,0.588928,0.457497,0.404038,0.318798,0.532044,0.212691,0.523335
period20,1,1,1,0.55,0.531743,1,0.999997,0.906452,0.74516,0.722704,0.128822,0.0663078,0.00454449,0.00454449,0.00282458,0.00282458,0.00265669,1,1,1,0.597676,0.424569,0.636837,0.00486901,0.00530093,0.00282458,0.00454449,0.00326045,0.00265669,0.00265669,0.00289633,0.784185,0.202815,0.415472,1,0.454471,0.358984,0.436463,0.613495,0.16369,0.313891,0.464905,0.427423,0.436423,0.903813,0.732485,0.796229,0.298532,0.427455,0.766134,0.767187,0.546007,0.643913,0.347529,0.284438,0.793171,0.335643,0.494606,0.389852
period21,1,1,1,0.5775,0.558329,1,0.999999,0.903333,0.769999,0.713732,0.197541,0.197541,0.0334024,0.0334024,0.00414857,0.00414857,0.00290449,1,1,1,0.616946,0.43545,0.656362,0.00518219,0.00843614,0.00414857,0.00518219,0.00835306,0.00290449,0.00290449,0.00306172,0.436252,0.476991,0.618554,1,0.43541,0.260684,0.31749,0.612169,0.504466,0.558878,0.172774,0.362311,0.264208,0.478696,0.0718057,0.751875,0.534715,0.403969,0.438691,0.41368,0.219639,0.659898,0.327892,0.586451,0.228877,0.546582,0.525433,0.432891
period22,1,1,1,0.602857,0.581032,1,0.999998,0.926923,0.811537,0.74591,0.338064,0.26391,0.170872,0.0389166,0.00477255,0.0242308,0.00408145,1,1,1,0.708834,0.510352,0.715637,0.00592655,0.0195734,0.0340903,0.00592777,0.00840028,0.00332076,0.00408145,0.00364341,0.399091,0.589139,0.39535,1,0.437275,0.300877,0.669589,0.460623,0.532067,0.730085,0.468499,0.697445,0.47626,0.444174,0.566304,0.46772,0.492277,0.316725,0.756707,0.415409,0.645895,0.594336,0.361054,0.29559,0.580697,0.411485,0.45506,0.468508
period23,1,1,1,0.628125,0.604304,1,0.999996,0.998146,0.837497,0.997538,0.438335,0.438335,0.285478,0.24563,0.00641042,0.14677,0.00598265,1,1,1,0.828913,0.766072,1,0.0463865,0.0272291,0.25622,0.00653788,0.0200456,0.00374601,0.0353367,0.0054269,0.574232,0.455368,0.479998,1,0.0583745,0.346182,0.774875,0.347579,0.451817,0.601169,0.323443,0.0847945,0.173837,0.351711,0.412118,0.629931,0.278804,0.482119,0.405056,0.557961,0.256028,0.357164,0.32227,0.469012,0.397405,0.390423,0.564031,0.537163
period24,1,1,1,0.67037,0.642279,1,0.999975,0.999983,0.90498,0.998769,0.504992,0.504992,0.420678,0.420678,0.00742523,0.301899,0.00726425,1,1,1,1,0.899015,1,0.0993193,0.0392623,0.301899,0.00750265,0.0212686,0.00441873,0.158214,0.00748851,0.76845,0.609757,0.485329,1,0.767074,0.114515,0.425698,0.54226,0.542796,0.251184,0.495206,0.191134,0.343185,0.397781,0.20538,0.490739,0.290951,0.669055,0.512889,0.379868,0.429542,0.349389,0.317708,0.184058,0.37425,0.593884,0.161082,0.440973
period25,1,1,1,0.696154,0.666976,1,0.999984,0.999978,0.904987,0.998614,0.654986,0.654986,0.568749,0.475179,0.00759994,0.353185,0.00751769,1,1,1,1,0.95145,1,0.288041,0.0377548,0.357455,0.0541171,0.0925947,0.00457692,0.282217,0.00799517,0.740506,0.49667,0.772164,1,0.110152,0.227272,0.659771,0.483833,0.506408,0.420445,0.176634,0.136546,0.297845,0.322319,0.29205,0.621263,0.0893423,0.462776,0.326882,0.299307,0.291285,0.479526,0.470382,0.384388,0.397796,0.446695,0.424861,0.446847
