period9,0.958571,0.876782,0.00142857,0.944286,0.00294109,0.845626,0.958571,0.752546,0.61742,0.00287254,0.00171172,0.0015973,0.0015973,0.0015973,0.00287254,0.00187996,0.540526,0.0245813,0.00171172,0.00158602,0.00171172,0.00171172,0.00177955,0.00177955,0.00158602,0.269743,0.454341,0.132084,0.727035,0.543531,0.466537,0.47373,0.445666,0.94751,0.391965,0.307286,0.761735,0.480097,0.483217,0.552094,0.539289,0.390638,0.53586,0.265677,0.357665,0.39254,0.26333,0.386692,0.300103
period10,0.972059,0.902365,0.00147059,0.972059,0.00299076,0.909471,0.972059,0.853059,0.824853,0.00314952,0.00178091,0.00164606,0.00164606,0.00164606,0.00314952,0.00195573,0.716449,0.0144579,0.00178091,0.00163277,0.00178091,0.00178091,0.00183542,0.00183542,0.00163277,0.675325,0.854128,0.641324,0.519365,0.643989,0.518222,0.896575,0.572905,0.0478432,0.420339,0.0726494,0.759466,0.150452,0.344492,0.36593,0.766603,0.384941,0.324559,0.336405,0.77695,0.262773,0.710637,0.377469,0.437126
period11,0.986154,0.958712,0.00153846,0.986154,0.00305116,0.946823,0.986154,0.9169,0.901938,0.00343983,0.00187715,0.00172329,0.00172329,0.00172329,0.00343983,0.00206105,0.831724,0.0213965,0.00187715,0.00170814,0.00187715,0.00187715,0.00192258,0.00192258,0.00170814,0.182288,0.363238,0.363221,0.317461,0.56302,0.218595,0.639587,0.519753,0.655797,0.5557,0.496787,0.880863,0.627184,0.78617,0.304241,0.17344,0.537774,0.306847,0.663952,0.0869457,0.284965,0.213966,0.574707,0.263163
period12,0.985938,0.973479,0.0015625,0.985938,0.00309842,0.961196,0.985938,0.961196,0.961196,0.0053823,0.00209232,0.00176846,0.00176846,0.00176846,0.0053823,0.00229367,0.891485,0.167386,0.00209232,0.00173658,0.00209232,0.00209232,0.00198868,0.00198868,0.00173658,0.59701,0.599924,0.591362,0.450015,0.544565,0.743161,0.401618,0.0862665,0.744616,0.229962,0.692685,0.500667,0.219098,0.429223,0.361169,0.461059,0.209584,0.201953,0.404692,0.429458,0.318383,0.679734,0.57725,0.232912
period13,0.985484,0.97263,0.0016129,0.985484,0.00319749,0.959963,0.985484,0.959963,0.959963,0.00555204,0.00215915,0.00182534,0.00182534,0.00182534,0.00555204,0.0023668,0.919065,0.202686,0.00215915,0.00179249,0.00215915,0.00215915,0.00205245,0.00205245,0.00179249,0.460937,0.196357,0.557319,0.417917,0.405303,0.420045,0.356778,0.100764,0.0704628,0.642389,0.408882,0.687775,0.304663,0.588406,0.615234,0.30512,0.200431,0.191307,0.421783,0.48231,0.860414,0.193772,0.727045,0.301618
period14,0.984483,0.970758,0.00172414,0.984483,0.00341592,0.957246,0.984483,0.957246,0.957246,0.0059258,0.0023065,0.00195081,0.00195081,0.00195081,0.0059258,0.00252801,0.930164,0.279799,0.0023065,0.00191586,0.0023065,0.0023065,0.0021931,0.0021931,0.00191586,0.417611,0.480591,0.513724,0.539312,0.510436,0.643646,0.862033,0.168572,0.701425,0.198107,0.0798288,0.368223,0.790854,0.504544,0.570046,0.361758,0.654379,0.63056,0.700169,0.626939,0.482472,0.371329,0.212648,0.477645
period15,0.982353,0.966782,0.00196078,0.982353,0.00387973,0.951486,0.982353,0.951486,0.951486,0.00671707,0.00261932,0.00221758,0.00221758,0.00221758,0.00671707,0.00287013,0.92089,0.332879,0.00261932,0.00217819,0.00261932,0.00261932,0.00249196,0.00249196,0.00217819,0.257558,0.544185,0.776511,0.370731,0.594424,0.350949,0.89219,0.472042,0.226459,0.547545,0.430775,0.0883589,0.542968,0.0924281,0.31594,0.355506,0.330799,0.527508,0.426107,0.671903,0.461676,0.379127,0.294725,0.551278
period16,0.998023,0.979508,0.00208333,0.998023,0.00248048,1,0.98125,0.963017,0.963017,0.00570457,0.00264191,0.00234202,0.00234202,0.00234202,0.00570457,0.00289584,0.928596,0.394686,0.00264191,0.00231266,0.00264191,0.00264191,0.00261951,0.00261951,0.00231266,0.340999,0.25264,0.69431,0.240606,0.309725,0.329786,0.819349,0.55783,0.156619,0.484092,0.36007,0.11158,0.401593,0.14475,0.607423,0.276124,0.69328,0.480849,0.512232,0.340585,0.266546,0.239332,0.43267,0.276182
period17,0.997602,0.975396,0.0025,0.997602,0.00297693,1,0.9775,0.9557,0.9557,0.00681928,0.00316488,0.00280858,0.00280858,0.00280858,0.00681928,0.00346752,0.914734,0.46646,0.00316488,0.00277384,0.00316488,0.00316488,0.00313933,0.00313933,0.00277384,0.400516,0.18324,0.397697,0.712449,0.363032,0.783099,0.61382,0.235278,0.407185,0.0283873,0.741832,0.356165,0.748161,0.399775,0.361326,0.584575,0.475822,0.476282,0.423215,0.489916,0.400302,0.361166,0.51884,0.331581
period18,0.999935,1,0.034375,0.99703,0.00511635,1,0.994223,0.994096,0.966784,0.0365548,0.00493563,0.00360314,0.00360314,0.00360314,0.00634282,0.00421364,1,0.598985,0.00493563,0.00347405,0.00373946,0.00373946,0.00388823,0.00388823,0.00347405,0.801958,0.303212,0.172489,0.344279,0.140032,0.554288,0.231898,0.658948,0.215497,0.464447,0.131026,0.703406,0.477522,0.729877,0.120016,0.368749,0.123748,0.642071,0.191356,0.420384,0.439426,0.424772,0.111091,0.215094
period19,0.999921,1,0.0407407,0.996443,0.00606181,1,0.993052,0.992875,0.960578,0.0430768,0.00583432,0.00426553,0.00426553,0.00426553,0.00749985,0.00498256,1,0.672653,0.00583432,0.00411446,0.00442591,0.00442591,0.00460097,0.00460097,0.00411446,0.0859624,0.0247959,0.488752,0.581197,0.424815,0.5046,0.502071,0.24862,0.189947,0.882421,0.467236,0.493367,0.391055,0.489103,0.291357,0.49057,0.336509,0.496274,0.7751,0.449189,0.47393,0.458154,0.448755,0.414928
period20,0.999898,1,0.05,0.995569,0.032325,1,0.991286,0.991021,0.95152,0.052424,0.00713347,0.00522638,0.00522638,0.00522638,0.00917306,0.00609479,1,0.734347,0.00713347,0.00504434,0.00542106,0.00542106,0.00563369,0.00563369,0.00504434,0.838487,0.45429,0.196303,0.462053,0.620309,0.849096,0.579826,0.403475,0.692885,0.412264,0.624401,0.62486,0.3621,0.42326,0.724305,0.495295,0.360357,0.540081,0.478506,0.380926,0.278323,0.278545,0.37271,0.409255
period21,0.999834,1,0.0733333,0.993247,0.0473106,1,0.986962,0.986891,0.928917,0.0752289,0.010367,0.00763425,0.00763425,0.00763425,0.0133011,0.00886215,1,0.694507,0.010367,0.0073792,0.0079081,0.0079081,0.00821479,0.00821479,0.0073792,0.493464,0.31813,0.727868,0.594377,0.480884,0.170127,0.798242,0.737593,0.389521,0.571781,0.323152,0.596471,0.487696,0.413082,0.303037,0.31523,0.320848,0.317829,0.365378,0.640244,0.410272,0.282364,0.292618,0.323333
period22,1,1,0.0846154,0.992072,0.05453,1,0.992072,1,0.924183,0.0857818,0.0119076,0.00879147,0.00879147,0.00879147,0.0857818,0.0129565,1,0.65451,0.0547985,0.00850383,0.0119076,0.0119076,0.00996079,0.00996079,0.00850383,0.102786,0.583342,0.338894,0.090423,0.527189,0.44024,0.513045,0.163357,0.412489,0.0911058,0.686578,0.222356,0.147969,0.407239,0.388157,0.19532,0.330505,0.614019,0.454755,0.480905,0.367421,0.349336,0.0956677,0.273119
period23,1,1,0.11,0.989249,0.0707072,1,0.989249,1,0.901291,0.109013,0.0153505,0.0113815,0.0113815,0.0113815,0.109013,0.0166499,1,0.739917,0.069857,0.0110243,0.0153505,0.0153505,0.012844,0.012844,0.0110243,0.279222,0.548028,0.118505,0.261212,0.496908,0.185054,0.265129,0.222201,0.4851,0.425588,0.371208,0.193366,0.40613,0.310316,0.331652,0.316249,0.217611,0.431281,0.213928,0.450251,0.35483,0.414448,0.285372,0.190264
period24,1,1,0.157143,0.983351,0.100468,1,0.983351,1,0.858585,0.149062,0.0216354,0.0161402,0.0161402,0.0161402,0.149062,0.0233304,1,0.762337,0.0961664,0.0156692,0.0216354,0.0216354,0.0180848,0.0180848,0.0156692,0.319216,0.114825,0.27595,0.301492,0.138587,0.0393238,0.150307,0.525116,0.483601,0.469787,0.60823,0.123851,0.474388,0.24404,0.394394,0.199877,0.176616,0.316906,0.304156,0.330005,0.265829,0.230765,0.296001,0.13697
period25,1,1,0.157143,0.983351,0.100468,1,1,1,1,0.157143,0.0219048,0.0161633,0.0161633,0.0161633,0.157143,0.0236154,1,0.871429,0.100476,0.0156711,0.100476,0.0219048,0.021828,0.021828,0.0156711,0.205878,0.325043,0.31982,0.32907,0.367046,0.38055,0.479905,0.185027,0.0917022,0.0633792,0.280368,0.597127,0.577136,0.347909,0.133828,0.270992,0.273492,0.200604,0.20622,0.356888,0.374549,0.289299,0.230445,0.28787
