period10,0.972059,0.902365,0.00147059,0.972059,0.00299076,0.909471,0.972059,0.853059,0.824853,0.00314952,0.00178091,0.00164606,0.00164606,0.00164606,0.00314952,0.00195573,0.716449,0.0144579,0.00178091,0.00163277,0.00178091,0.00178091,0.00183542,0.00183542,0.00163277,0.675325,0.854128,0.641324,0.519365,0.643989,0.518222,0.896575,0.572905,0.0478432,0.420339,0.0726494,0.759466,0.150452,0.344492,0.36593,0.766603,0.384941,0.324559,0.336405,0.77695,0.262773,0.710637,0.377469,0.437126
period11,0.986154,0.958712,0.00153846,0.986154,0.00305116,0.946823,0.986154,0.9169,0.901938,0.00343983,0.00187715,0.00172329,0.00172329,0.00172329,0.00343983,0.00206105,0.831724,0.0213965,0.00187715,0.00170814,0.00187715,0.00187715,0.00192258,0.00192258,0.00170814,0.182288,0.363238,0.363221,0.317461,0.56302,0.218595,0.639587,0.519753,0.655797,0.5557,0.496787,0.880863,0.627184,0.78617,0.304241,0.17344,0.537774,0.306847,0.663952,0.0869457,0.284965,0.213966,0.574707,0.263163
period12,0.985938,0.973479,0.0015625,0.985938,0.00309842,0.961196,0.985938,0.961196,0.961196,0.0053823,0.00209232,0.00176846,0.00176846,0.00176846,0.0053823,0.00229367,0.891485,0.167386,0.00209232,0.00173658,0.00209232,0.00209232,0.00198868,0.00198868,0.00173658,0.59701,0.599924,0.591362,0.450015,0.544565,0.743161,0.401618,0.0862665,0.744616,0.229962,0.692685,0.500667,0.219098,0.429223,0.361169,0.461059,0.209584,0.201953,0.404692,0.429458,0.318383,0.679734,0.57725,0.232912
period13,0.985484,0.97263,0.0016129,0.985484,0.00319749,0.959963,0.985484,0.959963,0.959963,0.00555204,0.00215915,0.00182534,0.00182534,0.00182534,0.00555204,0.0023668,0.919065,0.202686,0.00215915,0.00179249,0.00215915,0.00215915,0.00205245,0.00205245,0.00179249,0.460937,0.196357,0.557319,0.417917,0.405303,0.420045,0.356778,0.100764,0.0704628,0.642389,0.408882,0.687775,0.304663,0.588406,0.615234,0.30512,0.200431,0.191307,0.421783,0.48231,0.860414,0.193772,0.727045,0.301618
period14,0.984483,0.970758,0.00172414,0.984483,0.00341592,0.957246,0.984483,0.957246,0.957246,0.0059258,0.0023065,0.00195081,0.00195081,0.00195081,0.0059258,0.00252801,0.930164,0.279799,0.0023065,0.00191586,0.0023065,0.0023065,0.0021931,0.0021931,0.00191586,0.417611,0.480591,0.513724,0.539312,0.510436,0.643646,0.862033,0.168572,0.701425,0.198107,0.0798288,0.368223,0.790854,0.504544,0.570046,0.361758,0.654379,0.63056,0.700169,0.626939,0.482472,0.371329,0.212648,0.477645
period15,0.998145,0.980716,0.00196078,0.998145,0.00233449,1,0.982353,0.965174,0.965174,0.00537506,0.00248775,0.00220468,0.00220468,0.00220468,0.00537506,0.00272723,0.932699,0.33661,0.00248775,0.00217693,0.00248775,0.00248775,0.00246637,0.00246637,0.00217693,0.257558,0.544185,0.776511,0.371097,0.595092,0.350952,0.89219,0.477394,0.22663,0.54815,0.436093,0.0881718,0.549341,0.0923192,0.319047,0.356791,0.33412,0.52744,0.430798,0.670623,0.466879,0.38237,0.297527,0.54998
period16,0.999798,1,0.00208333,0.998053,0.00247757,1,1,0.981072,0.981072,0.00393669,0.0024688,0.00232507,0.00232507,0.00232507,0.00393669,0.00270788,0.944131,0.400808,0.0024688,0.002311,0.0024688,0.0024688,0.00258589,0.00258589,0.002311,0.340999,0.25264,0.69431,0.240856,0.310098,0.32979,0.819349,0.566413,0.15672,0.484775,0.360532,0.111601,0.407247,0.145589,0.616937,0.275884,0.704403,0.477272,0.519961,0.343731,0.269668,0.24118,0.438907,0.279673
period17,0.999754,1,0.0025,0.997646,0.00297271,1,1,0.977284,0.977284,0.00471478,0.00295969,0.00278857,0.00278857,0.00278857,0.00471478,0.00324489,0.933135,0.475613,0.00295969,0.00277189,0.00295969,0.00295969,0.00309967,0.00309967,0.00277189,0.400516,0.18324,0.397697,0.713747,0.363589,0.783113,0.61382,0.238333,0.407836,0.0282355,0.743216,0.356718,0.7628,0.406545,0.367228,0.584918,0.48431,0.477189,0.430515,0.490549,0.407085,0.36265,0.5283,0.33048
period18,0.999937,1,0.034375,0.99703,0.00511635,1,1,0.996902,0.97182,0.0362243,0.00492017,0.00360164,0.00360164,0.00360164,0.00585494,0.00416526,1,0.601585,0.00492017,0.00347391,0.0036922,0.0036922,0.00387944,0.00387944,0.00347391,0.801958,0.303212,0.172489,0.344347,0.140049,0.554289,0.231898,0.661859,0.215554,0.464626,0.131026,0.703407,0.478588,0.731655,0.12012,0.368769,0.123871,0.642016,0.191832,0.420257,0.441194,0.425223,0.111149,0.215112
period19,0.999923,1,0.0407407,0.996443,0.00606181,1,1,0.996267,0.9666,0.04272,0.00581785,0.00426394,0.00426394,0.00426394,0.00692002,0.00492562,1,0.676242,0.00581785,0.00411431,0.00437008,0.00437008,0.00459067,0.00459067,0.00411431,0.0859624,0.0247959,0.488752,0.581346,0.424932,0.504601,0.502071,0.249551,0.19,0.882878,0.467237,0.493368,0.39205,0.490432,0.292557,0.490881,0.337992,0.496167,0.779332,0.449833,0.476274,0.459778,0.450941,0.415188
period20,1,1,0.05,1,0.0320238,1,1,1,1,0.05,0.00702381,0.00521591,0.00521591,0.00521591,0.00454545,0.00564675,1,0.766667,0.00702381,0.00504334,0.00497934,0.00497934,0.00555317,0.00555317,0.00504334,0.838487,0.45429,0.196303,0.462926,0.621609,0.849104,0.579826,0.418937,0.695654,0.413723,0.624455,0.624914,0.364475,0.426189,0.756114,0.504251,0.373622,0.539435,0.497791,0.375818,0.287409,0.282658,0.386604,0.410059
period21,1,1,0.0733333,1,0.0469524,1,1,1,1,0.0733333,0.0102857,0.00762667,0.00762667,0.00762667,0.00666667,0.00824249,1,0.74,0.0102857,0.00737849,0.00728889,0.00728889,0.00810533,0.00810533,0.00737849,0.493464,0.31813,0.727868,0.595328,0.481627,0.170128,0.798242,0.786383,0.391468,0.574953,0.323189,0.596553,0.492846,0.41724,0.318573,0.313915,0.337748,0.317081,0.385686,0.639082,0.434015,0.278075,0.307358,0.326821
