period12,0.989947,1,1,1,0.947619,0.502392,0.109818,0.040963,0.403372,0.352707,0.730688,0.642377,0.00207628,0.0424213,0.0012351,0.00073563,1,0.888053,0.020996,0.00104985,0.333306,0.0339947,0.000602274,0.00073563,0.00073563,0.000651957,0.000984999,0.000949112,0.741079,0.511815,0.677726,0.53622,0.167278,0.337331,0.643107,0.0448264,0.672309,0.507042,0.421992,0.283456,0.363794,0.56188,0.356475,0.358858,0.511384,0.627532,0.228065
period13,0.995238,1,1,1,0.947619,0.567385,0.459127,0.0423213,0.509751,0.380766,0.767725,0.70042,0.00152145,0.0426654,0.00120199,0.000680441,1,0.913191,0.0371625,0.00105303,0.345796,0.0389277,0.000596785,0.000680441,0.000680441,0.000648664,0.00099934,0.000993563,0.326796,0.132298,0.713224,0.551001,0.903503,0.720924,0.480462,0.497799,0.32681,0.6113,0.651989,0.426736,0.479402,0.475831,0.452851,0.528978,0.451263,0.47912,0.0786928
period14,0.995238,1,1,1,0.947619,0.604062,0.521799,0.0423845,0.72457,0.392016,0.788889,0.73735,0.00152145,0.0584014,0.00120442,0.000680441,1,0.92367,0.125046,0.00106133,0.372433,0.0399499,0.000596785,0.000680441,0.000680441,0.000648905,0.00100001,0.00103046,0.520974,0.29993,0.484514,0.66068,0.815821,0.663606,0.092665,0.755252,0.335138,0.441167,0.416833,0.394662,0.338992,0.645048,0.189709,0.282214,0.620412,0.673603,0.433281
period15,0.994798,1,1,1,0.965896,0.676555,0.56969,0.0575585,0.802384,0.399514,0.815607,0.770808,0.00165762,0.0865279,0.00131716,0.000742839,1,0.95109,0.317021,0.0011679,0.378152,0.0551989,0.000651889,0.000742839,0.000742839,0.000708989,0.00110144,0.0400724,0.492702,0.62367,0.173658,0.804128,0.415033,0.419307,0.51372,0.605707,0.573591,0.539583,0.656031,0.609995,0.527705,0.466614,0.456535,0.627416,0.683353,0.623861,0.33579
period16,0.994545,1,1,1,0.976364,0.709032,0.644706,0.0781063,0.846895,0.40679,0.867273,0.802228,0.0257088,0.162264,0.00246788,0.00111933,1,0.960782,0.438905,0.072803,0.3962,0.0823184,0.000717315,0.00111933,0.00111933,0.000851353,0.00116441,0.0831307,0.241066,0.89564,0.888211,0.115375,0.433338,0.444507,0.600545,0.289371,0.656184,0.701778,0.782124,0.446246,0.385936,0.807459,0.525311,0.197596,0.538372,0.438181,0.494907
period17,0.99441,1,1,1,0.99441,0.732619,0.666709,0.098223,0.880025,0.520737,0.895031,0.83454,0.167561,0.325176,0.00439091,0.00121966,1,0.966012,0.492188,0.215173,0.394816,0.199946,0.000742326,0.00121966,0.00121966,0.00105748,0.0011997,0.0912693,0.527561,0.424173,0.267249,0.268182,0.549743,0.176604,0.863261,0.574274,0.643309,0.453338,0.842962,0.733118,0.548132,0.56667,0.38037,0.703335,0.612852,0.69485,0.565607
period18,0.993878,1,1,1,0.993878,0.747777,0.695733,0.107387,0.89561,0.61631,0.905442,0.873008,0.26396,0.46927,0.00572752,0.00794042,1,0.969526,0.544704,0.275444,0.385726,0.318603,0.00107651,0.00134142,0.00134142,0.00124913,0.00131307,0.112923,0.390661,0.279749,0.202911,0.15538,0.681317,0.538552,0.327097,0.529073,0.304785,0.602248,0.519206,0.221255,0.3824,0.633353,0.16647,0.427399,0.714945,0.843968,0.877201
period19,0.993431,1,1,1,0.993431,0.808842,0.738744,0.157751,0.909694,0.696343,0.905839,0.885548,0.318992,0.596062,0.00597969,0.0156186,1,0.974527,0.569743,0.32387,0.427802,0.519464,0.00645598,0.00144114,0.00144114,0.00132353,0.00141827,0.114,0.171788,0.750657,0.78372,0.835387,0.497034,0.305763,0.36244,0.265105,0.198204,0.539116,0.315109,0.757503,0.273821,0.546084,0.249764,0.463015,0.817994,0.286374,0.0841008
period20,0.992308,1,1,1,0.992308,0.83556,0.787176,0.291766,0.894472,0.720717,0.932479,0.908739,0.397927,0.678919,0.0063058,0.0265596,1,0.970217,0.623209,0.352897,0.424219,0.597844,0.00815778,0.00997927,0.00997927,0.00147989,0.00977877,0.0837183,0.300222,0.0716559,0.272935,0.145008,0.287393,0.435871,0.508729,0.366911,0.41793,0.329265,0.611773,0.816861,0.294472,0.133261,0.227708,0.633351,0.509091,0.609356,0.395014
period21,0.999131,1,1,1,0.999131,0.86876,0.824411,0.423257,0.915408,0.769328,0.99931,1,0.495576,0.732342,0.0110271,0.0477385,1,1,0.67058,0.380973,0.432334,0.670133,0.00968564,0.0110292,0.0385612,0.00202698,0.0378679,0.0834322,1,0.473582,0.492756,0.467902,0.300533,0.249388,0.33949,0.222852,0.500099,0.267291,0.218957,0.484202,0.0996463,0.524542,0.468187,0.804015,0.157928,0.665675,0.536563
period22,0.999122,1,1,1,0.999122,0.866277,0.839925,0.533887,0.942334,0.784041,0.998874,1,0.533526,0.746347,0.00666282,0.114209,1,1,0.683207,0.38826,0.431271,0.710939,0.0194017,0.0206082,0.0674088,0.00161232,0.0663261,0.0850059,1,0.515192,0.354853,0.651064,0.220351,0.182172,0.452988,0.467942,0.594397,0.199248,0.388319,0.703797,0.526219,0.607191,0.353729,0.477533,0.374212,0.445216,0.300434
period23,0.999988,1,1,1,0.999988,0.998422,1,0.67931,1,0.864211,0.998084,1,0.546454,0.843158,0.00236793,0.190776,1,1,1,0.432632,0.470388,0.792978,0.0305819,0.031808,0.131163,0.0012445,0.126474,0.110959,1,0.804405,0.390668,0.544395,0.751874,1,0.557359,0.493192,0.344977,0.496575,0.133792,0.38257,0.419987,0.388456,0.53475,0.414131,0.591505,0.580506,0.3799
period24,1,1,1,1,0.999988,0.999318,1,0.671765,1,0.877528,1,1,0.60322,0.9,0.00242649,0.224369,1,1,1,0.42809,0.501785,0.824103,0.0734874,0.0338791,0.171455,0.00131531,0.152638,0.0986111,1,0.406232,0.179122,0.351849,0.48355,1,0.390504,0.289822,0.851848,0.440585,0.516994,0.37361,0.614398,0.530408,0.650833,0.231507,0.548077,0.0567311,0.0233982
period25,1,1,1,1,0.999986,0.998598,1,0.732051,1,0.903659,1,1,0.699991,0.915854,0.00268647,0.358314,1,1,1,0.464634,0.484227,0.881958,0.0832763,0.0498435,0.215943,0.00147023,0.229481,0.0859155,1,0.595814,0.563159,0.112162,0.027302,1,0.500439,0.679944,0.837749,0.0851054,0.579665,0.574696,0.595869,0.204308,0.720102,0.9022,0.156633,0.413397,0.416628
