period10,0.972059,0.902365,0.00147059,0.972059,0.00299076,0.909471,0.972059,0.853059,0.824853,0.00314952,0.00178091,0.00164606,0.00164606,0.00164606,0.00314952,0.00195573,0.716449,0.0144579,0.00178091,0.00163277,0.00178091,0.00178091,0.00183542,0.00183542,0.00163277,0.675325,0.854128,0.641324,0.519365,0.643989,0.518222,0.896575,0.572905,0.0478432,0.420339,0.0726494,0.759466,0.150452,0.344492,0.36593,0.766603,0.384941,0.324559,0.336405,0.77695,0.262773,0.710637,0.377469,0.437126
period11,0.986154,0.958712,0.00153846,0.986154,0.00305116,0.946823,0.986154,0.9169,0.901938,0.00343983,0.00187715,0.00172329,0.00172329,0.00172329,0.00343983,0.00206105,0.831724,0.0213965,0.00187715,0.00170814,0.00187715,0.00187715,0.00192258,0.00192258,0.00170814,0.182288,0.363238,0.363221,0.317461,0.56302,0.218595,0.639587,0.519753,0.655797,0.5557,0.496787,0.880863,0.627184,0.78617,0.304241,0.17344,0.537774,0.306847,0.663952,0.0869457,0.284965,0.213966,0.574707,0.263163
period12,0.985938,0.973479,0.0015625,0.985938,0.00309842,0.961196,0.985938,0.961196,0.961196,0.0053823,0.00209232,0.00176846,0.00176846,0.00176846,0.0053823,0.00229367,0.891485,0.167386,0.00209232,0.00173658,0.00209232,0.00209232,0.00198868,0.00198868,0.00173658,0.59701,0.599924,0.591362,0.450015,0.544565,0.743161,0.401618,0.0862665,0.744616,0.229962,0.692685,0.500667,0.219098,0.429223,0.361169,0.461059,0.209584,0.201953,0.404692,0.429458,0.318383,0.679734,0.57725,0.232912
period13,0.985484,0.97263,0.0016129,0.985484,0.00319749,0.959963,0.985484,0.959963,0.959963,0.00555204,0.00215915,0.00182534,0.00182534,0.00182534,0.00555204,0.0023668,0.919065,0.202686,0.00215915,0.00179249,0.00215915,0.00215915,0.00205245,0.00205245,0.00179249,0.460937,0.196357,0.557319,0.417917,0.405303,0.420045,0.356778,0.100764,0.0704628,0.642389,0.408882,0.687775,0.304663,0.588406,0.615234,0.30512,0.200431,0.191307,0.421783,0.48231,0.860414,0.193772,0.727045,0.301618
period14,0.984483,0.970758,0.00172414,0.984483,0.00341592,0.957246,0.984483,0.957246,0.957246,0.0059258,0.0023065,0.00195081,0.00195081,0.00195081,0.0059258,0.00252801,0.930164,0.279799,0.0023065,0.00191586,0.0023065,0.0023065,0.0021931,0.0021931,0.00191586,0.417611,0.480591,0.513724,0.539312,0.510436,0.643646,0.862033,0.168572,0.701425,0.198107,0.0798288,0.368223,0.790854,0.504544,0.570046,0.361758,0.654379,0.63056,0.700169,0.626939,0.482472,0.371329,0.212648,0.477645
period15,0.982353,0.966782,0.00196078,0.982353,0.00387973,0.951486,0.982353,0.951486,0.951486,0.00671707,0.00261932,0.00221758,0.00221758,0.00221758,0.00671707,0.00287013,0.92089,0.332879,0.00261932,0.00217819,0.00261932,0.00261932,0.00249196,0.00249196,0.00217819,0.257558,0.544185,0.776511,0.370731,0.594424,0.350949,0.89219,0.472042,0.226459,0.547545,0.430775,0.0883589,0.542968,0.0924281,0.31594,0.355506,0.330799,0.527508,0.426107,0.671903,0.461676,0.379127,0.294725,0.551278
period16,0.99996,1,0.00208333,0.998056,0.0024773,1,1,0.997995,0.981215,0.0039227,0.00246743,0.00232494,0.00232494,0.00232494,0.0039227,0.00270639,1,0.421504,0.00246743,0.00231098,0.00246743,0.00246743,0.00258562,0.00258562,0.00231098,0.340999,0.25264,0.69431,0.240858,0.310101,0.32979,0.819349,0.566481,0.156721,0.48478,0.360575,0.111603,0.412547,0.146376,0.617012,0.275882,0.704491,0.477244,0.520022,0.343756,0.269693,0.241195,0.438956,0.2797
period17,0.999951,1,0.0025,0.99765,0.00297232,1,1,0.997566,0.977457,0.00469792,0.00295805,0.00278841,0.00278841,0.00278841,0.00469792,0.00324311,1,0.506021,0.00295805,0.00277187,0.00295805,0.00295805,0.00309936,0.00309936,0.00277187,0.400516,0.18324,0.397697,0.713757,0.363594,0.783113,0.61382,0.238358,0.407841,0.0282343,0.743343,0.356768,0.776555,0.412907,0.367275,0.584921,0.484378,0.477196,0.430574,0.490554,0.407139,0.362661,0.528375,0.330472
period18,0.999937,1,0.034375,0.99703,0.00511635,1,1,0.996902,0.97182,0.0362243,0.00492017,0.00360164,0.00360164,0.00360164,0.00585494,0.00416526,1,0.601585,0.00492017,0.00347391,0.0036922,0.0036922,0.00387944,0.00387944,0.00347391,0.801958,0.303212,0.172489,0.344347,0.140049,0.554289,0.231898,0.661859,0.215554,0.464626,0.131026,0.703407,0.478588,0.731655,0.12012,0.368769,0.123871,0.642016,0.191832,0.420257,0.441194,0.425223,0.111149,0.215112
period19,0.999923,1,0.0407407,0.996443,0.00606181,1,1,0.996267,0.9666,0.04272,0.00581785,0.00426394,0.00426394,0.00426394,0.00692002,0.00492562,1,0.676242,0.00581785,0.00411431,0.00437008,0.00437008,0.00459067,0.00459067,0.00411431,0.0859624,0.0247959,0.488752,0.581346,0.424932,0.504601,0.502071,0.249551,0.19,0.882878,0.467237,0.493368,0.39205,0.490432,0.292557,0.490881,0.337992,0.496167,0.779332,0.449833,0.476274,0.459778,0.450941,0.415188
period20,0.999901,1,0.05,0.995569,0.032325,1,1,0.995304,0.959006,0.0520497,0.00711653,0.00522476,0.00522476,0.00522476,0.00845854,0.00602561,1,0.739337,0.00711653,0.00504418,0.00535286,0.00535286,0.00562126,0.00562126,0.00504418,0.838487,0.45429,0.196303,0.462188,0.62051,0.849097,0.579826,0.405862,0.693312,0.41249,0.624403,0.624862,0.363233,0.424657,0.729217,0.496678,0.362405,0.539981,0.481484,0.380138,0.279726,0.27918,0.374855,0.409379
period21,0.999842,1,0.0733333,0.993247,0.0473106,1,1,0.993179,0.939867,0.0749369,0.0103544,0.00763308,0.00763308,0.00763308,0.012279,0.0087667,1,0.701515,0.0103544,0.00737909,0.00781271,0.00781271,0.00819793,0.00819793,0.00737909,0.493464,0.31813,0.727868,0.594523,0.480998,0.170127,0.798242,0.745109,0.389821,0.57227,0.323154,0.596475,0.490167,0.415077,0.30543,0.315027,0.323452,0.317713,0.368507,0.640065,0.41393,0.281704,0.294889,0.32387
period22,0.999972,1,0.0846154,0.99207,0.0545301,1,1,0.992059,0.930746,0.0856808,0.0119034,0.00879108,0.00879108,0.00879108,0.0856808,0.012952,1,0.658448,0.0547438,0.00850379,0.0119034,0.0119034,0.00996001,0.00996001,0.00850379,0.102786,0.583342,0.338894,0.0904163,0.527234,0.44024,0.513045,0.163807,0.412517,0.0911018,1,0.222352,0.147588,0.404799,0.390203,0.195619,0.332142,0.613804,0.457274,0.480312,0.36932,0.34886,0.0956369,0.273127
period23,0.999924,1,0.11,0.989243,0.0707074,1,1,0.989212,0.909939,0.109099,0.0153539,0.0113818,0.0113818,0.0113818,0.109099,0.0166535,1,0.746057,0.0699036,0.0110244,0.0153539,0.0153539,0.0128446,0.0128446,0.0110244,0.279222,0.548028,0.118505,0.261197,0.496876,0.185054,0.265129,0.223373,0.485064,0.425564,1,0.193359,0.402827,0.308047,0.333875,0.316458,0.21874,0.431259,0.215021,0.450188,0.357275,0.414394,0.287151,0.19041
period24,0.999927,1,0.157143,1,0.100476,1,1,0.983315,0.871372,0.149793,0.0216598,0.0161423,0.0161423,0.0161423,0.149793,0.0233562,1,0.772201,0.0965561,0.0156693,0.0216598,0.0216598,0.018089,0.018089,0.0156693,0.319216,0.114825,0.27595,0.30132,0.138545,0.039324,0.150307,0.531448,0.483349,0.469531,1,0.12385,0.468141,0.241636,0.398779,0.200247,0.177757,0.316723,0.307197,0.329182,0.268298,0.230838,0.298921,0.137155
period25,0.999841,1,0.157143,1,0.100476,1,1,0.983273,0.871306,0.149789,0.0216596,0.0161423,0.0161423,0.0161423,0.149789,0.023356,1,0.77215,0.0965541,0.0156693,0.0965541,0.0216596,0.0216825,0.0216825,0.0156693,0.205878,0.325043,0.31982,0.330654,0.368418,0.380556,0.479905,0.174085,0.0914534,0.0626409,1,0.597048,0.569155,0.343763,0.129475,0.271763,0.251165,0.1983,0.19255,0.359415,0.339217,0.299319,0.213657,0.288313
