period10,0.972059,0.902365,0.00147059,0.972059,0.00299076,0.909471,0.972059,0.853059,0.824853,0.00314952,0.00178091,0.00164606,0.00164606,0.00164606,0.00314952,0.00195573,0.716449,0.0144579,0.00178091,0.00163277,0.00178091,0.00178091,0.00183542,0.00183542,0.00163277,0.675325,0.854128,0.641324,0.519365,0.643989,0.518222,0.896575,0.572905,0.0478432,0.420339,0.0726494,0.759466,0.150452,0.344492,0.36593,0.766603,0.384941,0.324559,0.336405,0.77695,0.262773,0.710637,0.377469,0.437126
period11,0.986154,0.958712,0.00153846,0.986154,0.00305116,0.946823,0.986154,0.9169,0.901938,0.00343983,0.00187715,0.00172329,0.00172329,0.00172329,0.00343983,0.00206105,0.831724,0.0213965,0.00187715,0.00170814,0.00187715,0.00187715,0.00192258,0.00192258,0.00170814,0.182288,0.363238,0.363221,0.317461,0.56302,0.218595,0.639587,0.519753,0.655797,0.5557,0.496787,0.880863,0.627184,0.78617,0.304241,0.17344,0.537774,0.306847,0.663952,0.0869457,0.284965,0.213966,0.574707,0.263163
period12,0.985938,0.973479,0.0015625,0.985938,0.00309842,0.961196,0.985938,0.961196,0.961196,0.0053823,0.00209232,0.00176846,0.00176846,0.00176846,0.0053823,0.00229367,0.891485,0.167386,0.00209232,0.00173658,0.00209232,0.00209232,0.00198868,0.00198868,0.00173658,0.59701,0.599924,0.591362,0.450015,0.544565,0.743161,0.401618,0.0862665,0.744616,0.229962,0.692685,0.500667,0.219098,0.429223,0.361169,0.461059,0.209584,0.201953,0.404692,0.429458,0.318383,0.679734,0.57725,0.232912
period13,0.985484,0.97263,0.0016129,0.985484,0.00319749,0.959963,0.985484,0.959963,0.959963,0.00555204,0.00215915,0.00182534,0.00182534,0.00182534,0.00555204,0.0023668,0.919065,0.202686,0.00215915,0.00179249,0.00215915,0.00215915,0.00205245,0.00205245,0.00179249,0.460937,0.196357,0.557319,0.417917,0.405303,0.420045,0.356778,0.100764,0.0704628,0.642389,0.408882,0.687775,0.304663,0.588406,0.615234,0.30512,0.200431,0.191307,0.421783,0.48231,0.860414,0.193772,0.727045,0.301618
period14,0.984483,0.970758,0.00172414,0.984483,0.00341592,0.957246,0.984483,0.957246,0.957246,0.0059258,0.0023065,0.00195081,0.00195081,0.00195081,0.0059258,0.00252801,0.930164,0.279799,0.0023065,0.00191586,0.0023065,0.0023065,0.0021931,0.0021931,0.00191586,0.417611,0.480591,0.513724,0.539312,0.510436,0.643646,0.862033,0.168572,0.701425,0.198107,0.0798288,0.368223,0.790854,0.504544,0.570046,0.361758,0.654379,0.63056,0.700169,0.626939,0.482472,0.371329,0.212648,0.477645
period15,0.998175,0.980742,0.00196078,1,0.00215302,1,0.982353,0.9652,0.9652,0.00537257,0.00248751,0.00220466,0.00220466,0.00220466,0.00537257,0.00272697,0.932721,0.336617,0.00248751,0.00217693,0.00248751,0.00248751,0.00246632,0.00246632,0.00217693,0.257558,0.544185,0.776511,0.371097,0.595094,0.350952,0.89219,0.477404,0.22663,0.548151,0.436102,0.0881714,0.549353,0.092319,0.319052,0.356794,0.334126,0.52744,0.430807,0.670621,0.466889,0.382376,0.297532,0.549978
period16,0.999802,1,0.00208333,1,0.00228733,1,0.98125,0.964555,0.964555,0.00555399,0.00262716,0.00234058,0.00234058,0.00234058,0.00555399,0.00287983,0.929919,0.395207,0.00262716,0.00231251,0.00262716,0.00262716,0.00261665,0.00261665,0.00231251,0.340999,0.25264,0.69431,0.240627,0.309757,0.329786,0.819349,0.558561,0.156628,0.48415,0.360533,0.111601,0.402075,0.144822,0.608234,0.276104,0.694228,0.480544,0.51289,0.340853,0.266812,0.23949,0.433201,0.276479
period17,0.999952,1,0.0025,1,0.00274375,1,1,0.997566,0.977458,0.00469784,0.00295804,0.00278841,0.00278841,0.00278841,0.00469784,0.0032431,1,0.506021,0.00295804,0.00277187,0.00295804,0.00295804,0.00309935,0.00309935,0.00277187,0.400516,0.18324,0.397697,0.713757,0.363594,0.783113,0.61382,0.238358,0.407841,0.0282343,0.743344,0.356769,0.776555,0.412907,0.367275,0.584921,0.484378,0.477197,0.430574,0.490554,0.407139,0.362662,0.528376,0.330471
period18,1,1,0.034375,1,0.00483367,1,1,1,0.971875,0.0362207,0.00492,0.00360163,0.00360163,0.00360163,0.00584961,0.00416473,1,0.601613,0.00492,0.00347391,0.00369168,0.00369168,0.00387934,0.00387934,0.00347391,0.801958,0.303212,0.172489,0.344348,0.140049,0.554289,0.231898,0.661891,0.215555,0.464628,0.131028,0.703445,0.479764,0.733618,0.120121,0.368769,0.123873,0.642015,0.191837,0.420255,0.441214,0.425228,0.11115,0.215113
period19,1,1,0.0407407,1,0.0057265,1,1,1,0.966667,0.042716,0.00581766,0.00426392,0.00426392,0.00426392,0.00691358,0.00492499,1,0.676282,0.00581766,0.0041143,0.00436946,0.00436946,0.00459056,0.00459056,0.0041143,0.0859624,0.0247959,0.488752,0.581348,0.424934,0.504601,0.502071,0.249562,0.19,0.882883,0.467266,0.493398,0.393144,0.491895,0.29257,0.490885,0.338008,0.496166,0.779379,0.44984,0.4763,0.459797,0.450965,0.415191
period20,1,1,0.05,1,0.0320238,1,1,1,0.959091,0.0520455,0.00711634,0.00522474,0.00522474,0.00522474,0.00845041,0.00602482,1,0.739394,0.00711634,0.00504418,0.00535208,0.00535208,0.00562112,0.00562112,0.00504418,0.838487,0.45429,0.196303,0.462189,0.620512,0.849097,0.579826,0.40589,0.693317,0.412492,0.624455,0.624914,0.364475,0.426189,0.729273,0.496694,0.362429,0.53998,0.481518,0.380129,0.279742,0.279187,0.37488,0.409381
period21,1,1,0.0733333,1,0.0469524,1,1,1,1,0.0733333,0.0102857,0.00762667,0.00762667,0.00762667,0.00666667,0.00824249,1,0.74,0.0102857,0.00737849,0.00728889,0.00728889,0.00810533,0.00810533,0.00737849,0.493464,0.31813,0.727868,0.595328,0.481627,0.170128,0.798242,0.786383,0.391468,0.574953,0.323189,0.596553,0.492846,0.41724,0.318573,0.313915,0.337748,0.317081,0.385686,0.639082,0.434015,0.278075,0.307358,0.326821
period22,1,1,0.0846154,1,0.0541667,1,1,1,1,0.0846154,0.011859,0.00878698,0.00878698,0.00878698,0.0846154,0.0129042,1,0.7,0.0541667,0.00850341,0.011859,0.011859,0.00995175,0.00995175,0.00850341,0.102786,0.583342,0.338894,0.0903458,0.527714,0.440241,0.513045,0.168554,0.412807,0.0910594,0.686578,0.222356,0.147969,0.407239,0.411796,0.198769,0.349415,0.611537,0.483858,0.474056,0.38936,0.343839,0.0953123,0.273202
