period11,1,0.93587,1,0.00956522,0.00134706,0.792174,0.990217,0.374678,0.0477944,0.162313,0.00173712,0.00173712,0.00104177,0.00104177,0.000972836,0.000972836,0.000966003,1,0.969808,0.959045,0.010658,0.00258951,0.0102607,0.00104177,0.00114486,0.000972836,0.00104177,0.00107431,0.000966003,0.000966003,0.00106005,0.36271,0.186707,0.714483,0.707996,0.463491,0.476124,0.499837,0.572523,0.623047,0.936858,0.597608,0.0843886,0.604646,0.680884,0.917908,0.360056,0.569964,0.428325,0.461032,0.283103,0.826693,0.189369,0.810004,0.393935,0.467739,0.312555,0.4532,0.37432
period12,1,0.956667,1,0.080531,0.0177956,0.788496,0.99,0.451319,0.126685,0.281577,0.00175995,0.00175995,0.00105939,0.00105939,0.000989958,0.000989958,0.000983075,1,0.980142,0.969142,0.0468918,0.0088661,0.0369532,0.00105939,0.00116421,0.000989958,0.00105939,0.00109314,0.000983075,0.000983075,0.00107877,0.0591303,0.692012,0.387069,0.210662,0.508123,0.48656,0.314754,0.684811,0.219543,0.306692,0.94958,0.392259,0.657781,0.161483,0.655055,0.0726833,0.220044,0.306026,0.0921962,0.434799,0.15092,0.496672,0.529692,0.661898,0.623013,0.367245,0.783121,0.15648
period13,1,0.966667,1,0.137273,0.0961411,0.782727,0.989655,0.481467,0.165673,0.335128,0.00180477,0.00180477,0.00108793,0.00108793,0.00101689,0.00101689,0.00100986,1,0.97946,0.968085,0.103654,0.017586,0.110494,0.00108793,0.00119554,0.00101689,0.00108793,0.00112283,0.00100986,0.00100986,0.00110814,0.641491,0.157566,0.833675,0.166142,0.630719,0.219588,0.589567,0.0251477,0.349224,0.954668,0.825651,0.211562,0.14359,0.510049,0.495021,0.658255,0.515687,0.422602,0.734483,0.445083,0.157599,0.559247,0.399291,0.526907,0.523369,0.704836,0.636388,0.583189
period14,1,1,1,0.186598,0.129684,0.753608,0.987838,0.545036,0.207355,0.400333,0.0020372,0.0020372,0.00123255,0.00123255,0.00115291,0.00115291,0.00114503,1,0.975874,0.975874,0.180222,0.0515505,0.166282,0.00123255,0.00135428,0.00115291,0.00123255,0.00127277,0.00114503,0.00114503,0.00125633,0.140292,0.554451,0.47049,0.445586,0.441612,0.535411,0.270463,0.607303,0.649092,0.433975,0.541568,0.883346,0.670223,0.67661,0.470421,0.251229,0.279473,0.558903,0.40447,0.802491,0.572828,0.334096,0.690384,0.106367,0.699249,0.147982,0.562633,0.498973
period15,1,1,1,0.212941,0.192822,0.730588,0.999996,0.573143,0.23684,0.444115,0.00231736,0.00231736,0.00140548,0.00140548,0.00131537,0.00131537,0.00130646,1,0.98571,1,0.205305,0.104493,0.224384,0.00140548,0.00154405,0.00131537,0.00140548,0.00145183,0.00130646,0.00130646,0.00143325,0.812707,0.397489,0.490954,1,0.385993,0.491426,0.545984,0.501816,0.205212,0.15463,0.228655,0.429988,0.55927,0.0288478,0.638784,0.40527,0.817196,0.54759,0.634414,0.507056,0.212039,0.530175,0.250388,0.92666,0.35871,0.590313,0.71829,0.558462
period16,1,1,1,0.264474,0.229265,0.711842,0.999967,0.586641,0.301897,0.442567,0.00258588,0.00258588,0.00157097,0.00157097,0.00147082,0.00147082,0.00146094,1,0.983604,1,0.242575,0.153169,0.301981,0.00157097,0.0017256,0.00147082,0.00157097,0.00162313,0.00146094,0.00146094,0.00160251,0.602384,0.776426,0.47713,1,0.603823,0.219059,0.0788157,0.541282,0.27218,0.258392,0.640028,0.273755,0.359842,0.455669,0.919854,0.468883,0.292604,0.331697,0.336293,0.637766,0.880665,0.539962,0.707271,0.445415,0.682798,0.228948,0.707336,0.324881
period17,1,1,1,0.355385,0.284362,0.678462,0.999939,0.606585,0.380412,0.469616,0.00301244,0.00301244,0.00183507,0.00183507,0.00171915,0.00171915,0.00170773,1,0.97994,1,0.282975,0.182518,0.351455,0.00183507,0.00201521,0.00171915,0.00183507,0.00189663,0.00170773,0.00170773,0.00187283,0.310476,0.426744,0.456282,1,0.369411,0.143059,0.898773,0.301984,0.757608,0.29691,0.441727,0.262788,0.39261,0.246653,0.76235,0.833561,0.699331,0.579681,0.452312,0.567269,0.118059,0.0687732,0.384255,0.475718,0.656683,0.342856,0.27457,0.298505
period18,1,1,1,0.438182,0.389165,0.692727,0.999999,0.618657,0.476559,0.49484,0.00355296,0.00355296,0.00216702,0.00216702,0.00203094,0.00203094,0.00201758,1,1,1,0.349273,0.248042,0.410047,0.00216702,0.00237902,0.00203094,0.00216702,0.00223989,0.00201758,0.00201758,0.00221204,0.356655,0.551677,0.187189,1,0.49003,0.478763,0.618985,0.37117,0.795462,0.280956,0.785045,0.334491,0.135204,0.402032,0.10087,0.746641,0.556561,0.212493,0.640839,0.502591,0.641145,0.506743,0.530873,0.420575,0.173602,0.0858375,0.458955,0.4793
period19,1,1,1,0.492157,0.458145,0.668627,0.999999,0.627261,0.512638,0.493871,0.0234258,0.00382389,0.00233568,0.00233568,0.00218977,0.00218977,0.00217547,1,1,1,0.415464,0.266257,0.440732,0.00312444,0.00335077,0.00218977,0.00233568,0.00241464,0.00217547,0.00217547,0.00238482,0.252121,0.478861,0.436276,1,0.419319,0.50221,0.183452,0.532986,0.128674,0.0476837,0.510101,0.67057,0.779765,0.0467207,0.121865,0.269669,0.521295,0.0743786,0.318324,0.647401,0.605382,0.588888,0.456572,0.404217,0.318825,0.532046,0.21261,0.523349
period20,1,1,1,0.55,0.531743,0.716667,0.999997,0.677957,0.562364,0.542328,0.0981494,0.0513937,0.00408464,0.00408464,0.00277969,0.00277969,0.0026523,1,1,1,0.448817,0.319079,0.479206,0.00433628,0.00472601,0.00277969,0.00408464,0.00317228,0.0026523,0.0026523,0.00289552,0.784185,0.202815,0.415472,1,0.481186,0.35338,0.447028,0.624289,0.162363,0.308931,0.465074,0.427438,0.436578,0.904184,0.732513,0.79626,0.298624,0.427465,0.766442,0.76737,0.544003,0.643465,0.344211,0.285666,0.793663,0.335644,0.493419,0.389539
period21,1,1,1,0.5775,0.558329,0.956372,0.999999,0.994827,0.740768,0.785243,0.21677,0.21677,0.0363675,0.0363675,0.00428923,0.00428923,0.0029182,1,1,1,1,0.692858,0.721568,0.00540033,0.00894163,0.00428923,0.00540033,0.00886089,0.0029182,0.0029182,0.00306426,0.436252,0.476991,0.618554,1,0.455113,0.220209,0.314259,0.607541,0.498999,0.556612,0.172738,0.362274,0.263945,0.47777,0.0718097,0.751783,0.533435,0.404085,0.437722,0.413308,0.220272,0.659855,0.325373,0.586816,0.229816,0.546032,0.524171,0.4333
period22,1,1,1,0.602857,0.581032,0.955051,0.999998,0.994757,0.779554,0.799832,0.362139,0.282559,0.182693,0.0414141,0.00489008,0.0255971,0.00414575,1,1,1,1,0.703873,0.766888,0.0060747,0.0206486,0.0362181,0.00609427,0.00872977,0.00333218,0.00414575,0.00365557,0.399091,0.589139,0.39535,1,0.443195,0.314669,0.659306,0.452338,0.52078,0.727266,0.466257,0.697374,0.475341,0.443393,0.56576,0.467273,0.491282,0.317225,0.755029,0.414896,0.640337,0.590045,0.358955,0.294797,0.575838,0.410121,0.453836,0.467855
period23,1,1,1,0.628125,0.604304,0.95975,0.999996,0.999884,0.807813,0.998307,0.439081,0.439081,0.285956,0.24604,0.0064147,0.147009,0.00598658,1,1,1,1,0.903637,1,0.0464577,0.0272665,0.256642,0.00654128,0.0200718,0.00374642,0.0353884,0.00542965,0.574232,0.455368,0.479998,1,0.0582439,0.346083,0.77476,0.347796,0.452104,0.601127,0.323376,0.0847946,0.17388,0.351836,0.412091,0.629788,0.27871,0.482124,0.404895,0.557958,0.256087,0.357162,0.322209,0.469001,0.397307,0.390417,0.563878,0.537203
period24,1,1,1,0.722162,0.691042,0.95842,0.999975,0.99992,0.871508,1,0.504961,0.504961,0.420652,0.420652,0.00742512,0.301882,0.00726411,1,1,1,1,0.9,1,0.0993136,0.0392604,0.301882,0.00750255,0.0212677,0.00441872,0.158205,0.00748836,1,0.629472,0.485329,1,0.767574,0.114415,0.425702,0.542267,0.542789,0.251185,0.49522,0.191134,0.343189,0.397776,0.205369,0.490745,0.294231,0.668272,0.589574,0.380788,0.429549,0.349388,0.317709,0.184059,0.374255,0.593882,0.161086,0.440973
period25,1,1,1,1,1,0.995838,1,1,1,1,0.655,0.655,0.568761,0.47519,0.00759997,0.353192,0.00751774,1,1,1,1,0.952632,1,0.288047,0.0377555,0.357462,0.0541181,0.0925965,0.00457692,0.282223,0.00799522,1,0.496713,0.77217,1,0.109697,0.22712,0.659772,0.483827,0.506407,0.420446,0.176631,0.136546,0.29785,0.322322,0.29205,0.621262,0.0893422,0.462776,0.362276,0.311631,0.291285,0.479526,0.470381,0.384388,0.397796,0.446695,0.42486,0.446847
