period12,0.989947,1,1,1,0.947619,0.502392,0.109818,0.040963,0.403372,0.352707,0.730688,0.642377,0.00207628,0.0424213,0.0012351,0.00073563,1,0.888053,0.020996,0.00104985,0.333306,0.0339947,0.000602274,0.00073563,0.00073563,0.000651957,0.000984999,0.000949112,0.741079,0.511815,0.677726,0.53622,0.167278,0.337331,0.643107,0.0448264,0.672309,0.507042,0.421992,0.283456,0.363794,0.56188,0.356475,0.358858,0.511384,0.627532,0.228065
period13,0.995238,1,1,1,0.947619,0.567385,0.459127,0.0423213,0.509751,0.380766,0.767725,0.70042,0.00152145,0.0426654,0.00120199,0.000680441,1,0.913191,0.0371625,0.00105303,0.345796,0.0389277,0.000596785,0.000680441,0.000680441,0.000648664,0.00099934,0.000993563,0.326796,0.132298,0.713224,0.551001,0.903503,0.720924,0.480462,0.497799,0.32681,0.6113,0.651989,0.426736,0.479402,0.475831,0.452851,0.528978,0.451263,0.47912,0.0786928
period14,0.995238,1,1,1,0.947619,0.604062,0.521799,0.0423845,0.72457,0.392016,0.788889,0.73735,0.00152145,0.0584014,0.00120442,0.000680441,1,0.92367,0.125046,0.00106133,0.372433,0.0399499,0.000596785,0.000680441,0.000680441,0.000648905,0.00100001,0.00103046,0.520974,0.29993,0.484514,0.66068,0.815821,0.663606,0.092665,0.755252,0.335138,0.441167,0.416833,0.394662,0.338992,0.645048,0.189709,0.282214,0.620412,0.673603,0.433281
period15,0.994798,1,1,1,0.965896,0.676555,0.56969,0.0575585,0.802384,0.399514,0.815607,0.770808,0.00165762,0.0865279,0.00131716,0.000742839,1,0.95109,0.317021,0.0011679,0.378152,0.0551989,0.000651889,0.000742839,0.000742839,0.000708989,0.00110144,0.0400724,0.492702,0.62367,0.173658,0.804128,0.415033,0.419307,0.51372,0.605707,0.573591,0.539583,0.656031,0.609995,0.527705,0.466614,0.456535,0.627416,0.683353,0.623861,0.33579
period16,0.994545,1,1,1,0.976364,0.709032,0.644706,0.0781063,0.846895,0.40679,0.867273,0.802228,0.0257088,0.162264,0.00246788,0.00111933,1,0.960782,0.438905,0.072803,0.3962,0.0823184,0.000717315,0.00111933,0.00111933,0.000851353,0.00116441,0.0831307,0.241066,0.89564,0.888211,0.115375,0.433338,0.444507,0.600545,0.289371,0.656184,0.701778,0.782124,0.446246,0.385936,0.807459,0.525311,0.197596,0.538372,0.438181,0.494907
period17,0.99441,1,1,1,0.99441,0.732619,0.666709,0.098223,0.880025,0.520737,0.895031,0.83454,0.167561,0.325176,0.00439091,0.00121966,1,0.966012,0.492188,0.215173,0.394816,0.199946,0.000742326,0.00121966,0.00121966,0.00105748,0.0011997,0.0912693,0.527561,0.424173,0.267249,0.268182,0.549743,0.176604,0.863261,0.574274,0.643309,0.453338,0.842962,0.733118,0.548132,0.56667,0.38037,0.703335,0.612852,0.69485,0.565607
period18,0.993878,1,1,1,0.993878,0.747777,0.695733,0.107387,0.89561,0.61631,0.905442,0.873008,0.26396,0.46927,0.00572752,0.00794042,1,0.969526,0.544704,0.275444,0.385726,0.318603,0.00107651,0.00134142,0.00134142,0.00124913,0.00131307,0.112923,0.390661,0.279749,0.202911,0.15538,0.681317,0.538552,0.327097,0.529073,0.304785,0.602248,0.519206,0.221255,0.3824,0.633353,0.16647,0.427399,0.714945,0.843968,0.877201
period19,0.993431,1,1,1,0.993431,0.808842,0.738744,0.157751,0.909694,0.696343,0.905839,0.885548,0.318992,0.596062,0.00597969,0.0156186,1,0.974527,0.569743,0.32387,0.427802,0.519464,0.00645598,0.00144114,0.00144114,0.00132353,0.00141827,0.114,0.171788,0.750657,0.78372,0.835387,0.497034,0.305763,0.36244,0.265105,0.198204,0.539116,0.315109,0.757503,0.273821,0.546084,0.249764,0.463015,0.817994,0.286374,0.0841008
period20,0.992308,1,1,1,0.992308,0.83556,0.787176,0.291766,0.894472,0.720717,0.932479,0.908739,0.397927,0.678919,0.0063058,0.0265596,1,0.970217,0.623209,0.352897,0.424219,0.597844,0.00815778,0.00997927,0.00997927,0.00147989,0.00977877,0.0837183,0.300222,0.0716559,0.272935,0.145008,0.287393,0.435871,0.508729,0.366911,0.41793,0.329265,0.611773,0.816861,0.294472,0.133261,0.227708,0.633351,0.509091,0.609356,0.395014
period21,0.991589,1,1,1,0.991589,0.857193,0.81353,0.417744,0.903139,0.759166,0.967238,0.950051,0.489624,0.722675,0.011068,0.0471874,1,0.967464,0.661803,0.376016,0.426679,0.661335,0.00958515,0.010919,0.0381203,0.00203103,0.037396,0.0823786,1,0.467811,0.48796,0.465124,0.29902,0.251688,0.337682,0.226079,0.502548,0.268223,0.219346,0.486255,0.0993465,0.512476,0.465827,0.804678,0.157799,0.664279,0.536424
period22,0.968824,1,1,1,0.968824,0.419988,0.410893,0.26437,0.891421,0.742581,0.947074,0.939694,0.507323,0.706924,0.0173611,0.1087,1,0.936084,0.337418,0.368184,0.408705,0.673588,0.0185177,0.0196963,0.0641983,0.00267196,0.0338952,0.0435639,1,0.510371,0.358232,0.634353,0.216701,1,0.442284,0.387289,0.5062,0.199398,0.388301,0.702484,0.525939,0.582482,0.34232,0.477768,0.374135,0.445042,0.30044
period23,0.988453,1,1,1,0.988453,0.850655,0.815287,0.555254,0.930953,0.80592,0.913181,0.906266,0.536201,0.786321,0.0117998,0.187239,1,0.970428,0.677078,0.404141,0.439057,0.739878,0.0300379,0.0312529,0.128744,0.00217816,0.103834,0.0763238,1,0.763489,0.379615,0.539269,0.744355,1,0.552084,0.449465,0.32039,0.505036,0.135054,0.381186,0.420006,0.377949,0.509083,0.416517,0.591621,0.579163,0.379277
period24,0.999361,1,1,1,0.999361,0.941808,0.932482,0.627159,0.946234,0.831422,0.999211,1,0.602586,0.852686,0.00658611,0.224137,1,1,0.780744,0.406149,0.475771,0.781183,0.0734126,0.0338463,0.171278,0.0017268,0.142687,0.0779867,1,0.406282,0.179355,0.351691,0.483309,1,0.390322,0.312787,0.813633,0.44057,0.516987,0.373618,0.614392,0.530091,0.650434,0.231416,0.548096,0.0567084,0.0233906
period25,0.998802,1,1,1,0.998802,0.921238,0.911921,0.669041,0.975019,0.882333,0.996206,1,0.698571,0.894224,0.00894983,0.357595,1,1,0.821028,0.454276,0.473062,0.861424,0.0831129,0.0497505,0.215513,0.00208902,0.21006,0.0719157,1,0.594823,0.562167,0.112148,0.0273881,1,0.499965,0.674319,0.768202,0.0849894,0.579725,0.57492,0.595903,0.204423,0.718317,0.902136,0.156645,0.413399,0.416628
