period8,1,1,1,0.98973,0.573514,0.0493293,0.0404624,0.0369239,0.290527,0.00630667,0.213706,0.140161,0.00108987,0.00630667,0.00106528,0.000616048,0.432973,0.504924,0.000957274,0.00102437,0.00082232,0.00397565,0.000568906,0.000616048,0.000616048,0.000613602,0.000919829,0.000602856,0.759558,0.261772,0.582238,0.462498,0.613234,0.747643,0.632709,0.729891,0.562535,0.328342,0.324777,0.655577,0.575787,0.365051,0.602529,0.631236,0.318725,0.441539,0.455977
period9,1,1,1,0.963684,0.726842,0.0481537,0.0443262,0.0364125,0.35144,0.156063,0.315228,0.201153,0.00109199,0.0165204,0.00105991,0.000616259,0.447895,0.508313,0.00538422,0.00101572,0.0211459,0.00918018,0.000568927,0.000616259,0.000616259,0.000613067,0.000914418,0.000776668,0.649729,0.634009,0.299505,0.61612,0.226634,0.225012,0.480417,0.517659,0.600899,0.39365,0.529694,0.497876,0.381159,0.23058,0.146595,0.627025,0.276123,0.674963,0.78805
period10,1,1,1,0.953646,0.901563,0.0632739,0.0447981,0.0367945,0.389702,0.318928,0.548731,0.272859,0.00109718,0.0266513,0.00106493,0.000616776,0.448437,0.60732,0.00543587,0.00101301,0.208567,0.0142768,0.000568979,0.000616776,0.000616776,0.000613567,0.000918461,0.000779224,0.623183,0.571178,0.688304,0.445648,0.369013,0.422764,0.399168,0.359028,0.413283,0.531651,0.620398,0.444673,0.534939,0.424112,0.431,0.275515,0.326188,0.531942,0.859731
period11,1,1,1,0.953886,0.933161,0.181518,0.0514311,0.0383793,0.398052,0.363342,0.665482,0.535413,0.00107255,0.0367346,0.00108124,0.000614325,0.446114,0.851744,0.0150015,0.00101195,0.293702,0.0285171,0.000568735,0.000614325,0.000614325,0.000615189,0.00093523,0.000882768,0.378442,0.364961,0.717504,0.129013,0.20246,0.316093,0.644503,0.603856,0.675226,0.577333,0.723622,0.169452,0.629706,0.631018,0.58339,0.255823,0.571382,0.253354,0.426381
period12,1,1,1,0.963492,0.997622,0.988162,0.98718,1,0.427341,0.373613,0.730688,0.642377,0.000580657,0.044889,0.0045503,0.000586859,0.455556,0.942779,0.183982,0.00105918,0.353013,0.0359401,0.000587476,0.000586859,0.000586859,0.000981723,0.0111111,0.00412073,0.741079,0.511815,0.677726,0.527569,0.157585,0.535485,0.64766,0.237515,0.599995,0.507042,0.421992,0.283456,0.363794,0.56188,0.356475,0.354505,0.511432,0.623777,0.230004
period13,1,1,1,1,0.997746,0.988844,0.987437,1,0.538251,0.401993,1,0.911644,0.000576839,0.04499,0.00117896,0.000586479,1,0.965065,0.0787855,0.00105114,0.365026,0.0410186,0.000587438,0.000586479,0.000586479,0.000646372,0.0111111,0.00149098,0.275307,0.0156737,0.664328,0.558957,0.917917,0.93772,0.473064,0.909134,0.521436,0.586901,0.660478,0.437656,0.478478,0.550863,0.514095,0.533467,0.44953,0.479828,0.0787693
period14,1,1,1,1,0.997646,0.98862,0.987427,1,0.76544,0.414018,1,0.934,0.000577783,0.061585,0.00104898,0.000586573,1,0.976054,0.235628,0.0010106,0.393286,0.0420971,0.000587447,0.000586573,0.000586573,0.000633444,0.0111111,0.00140577,0.451689,0.377903,0.403393,0.693012,0.828439,0.896242,0.0788675,0.635241,0.344495,0.408029,0.420698,0.368902,0.331079,0.747614,0.126129,0.278625,0.620471,0.695746,0.430715
period15,1,1,1,1,0.998272,0.991413,0.989863,1,0.832516,0.414404,1,0.944366,0.000623009,0.0896635,0.00105563,0.000639975,1,0.987011,0.549829,0.00109796,0.392209,0.0571763,0.000641662,0.000639975,0.000639975,0.000682987,0.00909091,0.0688722,0.494427,0.651183,0.0982086,0.823464,0.419277,0.423364,0.52602,0.544436,0.63415,0.547238,0.660932,0.617948,0.528716,0.480654,0.459467,0.626539,0.683277,0.62815,0.335756
period16,1,1,1,1,0.999094,0.999039,0.99998,1,0.870221,0.417879,1,0.924306,0.0253084,0.166618,0.0014345,0.00111157,1,0.987399,1,0.0746934,0.406973,0.0845081,0.000716544,0.00111157,0.00111157,0.000748641,0.00714286,0.188,0.224247,0.960287,0.951968,0.110221,0.438064,0.243624,0.613022,0.194404,0.73761,0.744818,0.802343,0.456732,0.385469,0.856757,0.541409,0.197744,0.538302,0.436191,0.494674
period17,1,1,1,1,0.999223,0.999062,1,1,0.888207,0.525527,1,1,0.16827,0.328148,0.00161338,0.00122166,1,0.975096,1,0.217122,0.398436,0.201764,0.000742525,0.00122166,0.00122166,0.000781454,0.00588235,0.184146,0.517279,0.409405,0.292999,0.268996,0.55192,0.0710855,0.866955,0.673043,0.617709,0.452291,0.84293,0.736155,0.548648,0.600011,0.397085,0.702324,0.612446,0.694786,0.565601
period18,1,1,1,1,0.999165,0.999014,1,1,0.904769,0.62254,1,1,0.265848,0.473996,0.00177741,0.00799058,1,0.979537,1,0.278188,0.389607,0.321799,0.00107899,0.00134439,0.00134439,0.000856804,0.00588235,0.206024,0.391775,0.266922,0.158182,0.155675,0.68441,0.686809,0.328305,0.68941,0.115928,0.598774,0.518567,0.222035,0.382415,0.648108,0.158837,0.427397,0.714946,0.843769,0.877079
period19,1,1,1,1,0.999161,0.998996,1,1,0.91975,0.70394,1,1,0.321712,0.60255,0.00184311,0.0157426,1,0.985388,1,0.327349,0.432442,0.525098,0.00650135,0.00144426,0.00144426,0.000912893,0.00434783,0.198765,0.181742,0.772185,0.808185,0.839629,0.499324,0.277487,0.363953,0.129386,0.265123,0.540689,0.314648,0.766653,0.271291,0.54518,0.246577,0.462801,0.817981,0.28718,0.0840641
period20,1,1,1,1,0.999902,0.99893,1,1,0.906759,0.730492,1,1,0.402534,0.68812,0.00207577,0.0268505,1,1,1,0.357619,0.429928,0.605908,0.00823754,0.0100783,0.0100783,0.0010605,0.0305556,0.132895,0.290419,0.0489468,0.288519,0.145353,0.288827,0.446818,0.511857,0.328592,0.455975,0.331791,0.611386,0.832891,0.295288,0.126905,0.21967,0.632783,0.509017,0.609298,0.395023
period21,1,1,1,1,0.999894,0.99887,1,1,0.916736,0.770428,1,1,0.49622,0.733388,0.00228049,0.0477981,1,1,1,0.381509,0.432946,0.671085,0.00969652,0.0110411,0.0386089,0.0011605,0.087234,0.122973,1,0.473706,0.492859,0.468183,0.300687,0.223515,0.339673,0.170779,0.460595,0.267271,0.218949,0.484158,0.0996527,0.524802,0.468238,0.803948,0.157941,0.665816,0.536578
period22,1,1,1,1,0.999989,0.998875,1,1,1,0.831,1,1,0.534281,0.791,0.0022847,0.114368,1,1,1,1,0.456829,0.753243,0.0194271,0.0206345,0.0675012,0.00117867,0.122414,0.122973,1,0.515297,0.354779,0.651542,0.220455,0.0941212,0.453294,0.498034,0.627304,0.199244,0.388319,0.703826,0.526225,0.607728,0.353977,0.477526,0.374214,0.445221,0.300433
period23,1,1,1,1,0.999988,0.998839,1,1,1,0.864211,1,1,0.546459,0.843158,0.00236793,0.190778,1,1,1,1,0.470388,0.792978,0.0305822,0.0318083,0.131165,0.0012445,0.185,0.110959,1,0.805328,0.390918,0.544395,0.751875,0.390309,0.557359,0.493192,0.344977,0.496384,0.133763,0.382602,0.419987,0.388693,0.53533,0.414131,0.591505,0.580506,0.3799
period24,1,1,1,1,0.999987,0.998812,1,1,1,0.877528,1,1,0.603219,0.9,0.00242649,0.224369,1,1,1,1,0.501785,0.824103,0.0734874,0.0338791,0.171455,0.00131531,0.225862,0.0986111,1,0.406232,0.179122,0.351849,0.48355,0.878825,0.390504,0.289822,0.851848,0.440585,0.516994,0.37361,0.614398,0.530408,0.650833,0.231507,0.548077,0.0567311,0.0233982
period25,1,1,1,1,0.999986,0.99871,1,1,1,0.903659,1,1,0.699992,0.915854,0.00268647,0.358314,1,1,1,1,0.484227,0.881958,0.0832763,0.0498435,0.215943,0.00147023,0.312069,0.0859155,1,0.595814,0.563159,0.112162,0.027302,0.463317,0.500439,0.679944,0.837749,0.0851054,0.579665,0.574696,0.595869,0.204308,0.720102,0.9022,0.156633,0.413397,0.416628
