period7,1,1,0.00128205,0.847436,0.00266115,0.687324,0.821795,0.155526,0.00381009,0.00165818,0.00144574,0.00142477,0.00142477,0.00142477,0.00165818,0.00158787,0.00247586,0.00190185,0.00144574,0.0014227,0.00144574,0.00144574,0.00157971,0.00157971,0.0014227,0.373157,0.150305,0.492053,0.275258,0.497637,0.335753,0.850325,0.567115,0.397343,0.925797,0.8237,0.673982,0.523096,0.791793,0.54542,0.111089,0.427596,0.352981,0.457897,0.400287,0.336362,0.57102,0.778869,0.461692
period8,1,1,0.00131579,0.882895,0.0027277,0.786178,0.896053,0.54413,0.375309,0.00259561,0.00157194,0.00147091,0.00147091,0.00147091,0.00259561,0.00172665,0.31353,0.0251802,0.00157194,0.00146095,0.00157194,0.00157194,0.00163856,0.00163856,0.00146095,0.197887,0.594618,0.357037,0.468232,0.146268,0.453639,0.476059,0.413494,0.413498,0.415011,0.448322,0.427824,0.452918,0.769907,0.417655,0.731102,0.343232,0.706892,0.339859,0.280212,0.453845,0.321259,0.701924,0.529459
period9,1,1,0.00142857,0.944286,0.00294109,0.878012,0.958571,0.780868,0.639901,0.00283148,0.00170767,0.0015969,0.0015969,0.0015969,0.00283148,0.00187552,0.560618,0.0251393,0.00170767,0.00158598,0.00170767,0.00170767,0.00177876,0.00177876,0.00158598,0.269743,0.454341,0.132084,0.72706,0.543549,0.466537,0.47373,0.446213,0.947544,0.391977,0.305903,0.785539,0.485588,0.49152,0.555674,0.539486,0.388427,0.535173,0.261459,0.358951,0.39273,0.263421,0.380868,0.299392
period10,1,1,0.00147059,0.972059,0.00299076,0.932779,0.972059,0.874745,0.845729,0.00297615,0.00176383,0.00164438,0.00164438,0.00164438,0.00297615,0.00193701,0.734344,0.0143631,0.00176383,0.00163261,0.00176383,0.00176383,0.00183206,0.00183206,0.00163261,0.675325,0.854128,0.641324,0.519438,0.644083,0.518223,0.896575,0.57509,0.0478341,0.420395,0.0700898,0.776647,0.145387,0.343169,0.369238,0.765234,0.387366,0.326133,0.339393,0.777149,0.25515,0.713896,0.3767,0.437211
period11,1,1,0.00153846,0.986154,0.00305116,0.958712,0.986154,0.928369,0.913198,0.00323309,0.0018568,0.00172128,0.00172128,0.00172128,0.00323309,0.00203877,0.841815,0.0213215,0.0018568,0.00170794,0.0018568,0.0018568,0.00191858,0.00191858,0.00170794,0.182288,0.363238,0.363221,0.317506,0.563116,0.218595,0.639587,0.523117,0.655913,0.555794,0.502358,0.891826,0.631574,0.791238,0.305019,0.173603,0.542443,0.30765,0.669064,0.0867761,0.285142,0.214003,0.578812,0.264095
period12,1,1,0.0015625,0.985938,0.00309842,0.973479,0.985938,0.973479,0.973479,0.00417316,0.0019733,0.00175675,0.00175675,0.00175675,0.00417316,0.00216431,0.901599,0.168419,0.0019733,0.00173543,0.0019733,0.0019733,0.00196542,0.00196542,0.00173543,0.59701,0.599924,0.591362,0.45044,0.545106,0.743168,0.401618,0.086091,0.7454,0.23012,0.701139,0.506382,0.22062,0.43343,0.364507,0.460507,0.210984,0.202186,0.408586,0.431753,0.321174,0.679696,0.583349,0.233736
period13,1,1,0.0016129,0.985484,0.00319749,0.97263,0.985484,0.97263,0.97263,0.00430575,0.00203653,0.00181327,0.00181327,0.00181327,0.00430575,0.00223354,0.929873,0.204247,0.00203653,0.00179131,0.00203653,0.00203653,0.0020285,0.0020285,0.00179131,0.460937,0.196357,0.557319,0.418315,0.405685,0.420049,0.356778,0.100774,0.0704258,0.643069,0.413432,0.696433,0.307363,0.594851,0.622033,0.307509,0.201756,0.192254,0.426029,0.482349,0.870449,0.191653,0.735319,0.300506
period14,1,1,0.00172414,0.984483,0.00341592,0.970758,0.984483,0.970758,0.970758,0.00459792,0.002176,0.00193799,0.00193799,0.00193799,0.00459792,0.00238622,0.941882,0.282638,0.002176,0.0019146,0.002176,0.002176,0.00216765,0.00216765,0.0019146,0.417611,0.480591,0.513724,0.539899,0.510984,0.643653,0.862033,0.16954,0.702228,0.198239,0.0795109,0.372451,0.800606,0.510254,0.576681,0.360198,0.662205,0.635998,0.70864,0.626201,0.48787,0.371373,0.214238,0.477075
period15,1,1,0.00196078,0.982353,0.00387973,0.966782,0.982353,0.966782,0.966782,0.00521745,0.0024723,0.00220317,0.00220317,0.00220317,0.00521745,0.00271045,0.934086,0.337048,0.0024723,0.00217678,0.0024723,0.0024723,0.00246336,0.00246336,0.00217678,0.257558,0.544185,0.776511,0.37114,0.595171,0.350952,0.89219,0.478023,0.22665,0.548221,0.436717,0.0881498,0.550089,0.0923064,0.319412,0.356942,0.33451,0.527432,0.431349,0.670473,0.46749,0.382751,0.297856,0.549828
period16,1,1,0.00208333,0.98125,0.00411944,0.964727,0.98125,0.964727,0.964727,0.00553719,0.00262552,0.00234042,0.00234042,0.00234042,0.00553719,0.00287805,0.930067,0.395265,0.00262552,0.0023125,0.00262552,0.00262552,0.00261633,0.00261633,0.0023125,0.340999,0.25264,0.69431,0.24063,0.30976,0.329786,0.819349,0.558642,0.156629,0.484157,0.360585,0.111603,0.402128,0.14483,0.608324,0.276102,0.694333,0.48051,0.512964,0.340883,0.266841,0.239507,0.43326,0.276513
period17,1,1,0.0025,0.9775,0.00493202,0.957756,0.9775,0.957756,0.957756,0.00661877,0.00314533,0.00280667,0.00280667,0.00280667,0.00661877,0.00344631,0.916487,0.467332,0.00314533,0.00277365,0.00314533,0.00314533,0.00313555,0.00313555,0.00277365,0.400516,0.18324,0.397697,0.712573,0.363085,0.7831,0.61382,0.235569,0.407247,0.0283728,0.743374,0.356781,0.749556,0.40042,0.361888,0.584607,0.47663,0.476369,0.423911,0.489977,0.400948,0.361307,0.519741,0.331476
period18,1,1,0.034375,0.971875,0.00751022,0.947354,0.971875,0.947354,0.947354,0.0378299,0.00499527,0.00360892,0.00360892,0.00360892,0.00822513,0.00440031,0.896369,0.543265,0.00499527,0.00347461,0.00392181,0.00392181,0.00392215,0.00392215,0.00347461,0.801958,0.303212,0.172489,0.344015,0.139967,0.554286,0.231898,0.647714,0.215278,0.463757,0.131028,0.703445,0.459771,0.70026,0.119614,0.368673,0.12327,0.642284,0.18952,0.420876,0.432605,0.423032,0.110868,0.215024
period19,1,1,0.0407407,0.996445,0.00606159,1,0.966667,0.937778,0.937778,0.044428,0.00589668,0.00427153,0.00427153,0.00427153,0.00969547,0.00519818,0.878008,0.598113,0.00589668,0.00411504,0.00463734,0.00463734,0.00463998,0.00463998,0.00411504,0.0859624,0.0247959,0.488752,0.580629,0.42437,0.504598,0.502071,0.245092,0.189748,0.88069,0.467266,0.493398,0.374904,0.46751,0.286815,0.489389,0.330895,0.496678,0.759076,0.44675,0.465055,0.452002,0.440476,0.413942
period20,1,1,0.05,0.995572,0.0323248,1,0.991289,0.991071,0.951608,0.0524196,0.00713327,0.00522636,0.00522636,0.00522636,0.00916473,0.00609398,1,0.734405,0.00713327,0.00504433,0.00542027,0.00542027,0.00563355,0.00563355,0.00504433,0.838487,0.45429,0.196303,0.462054,0.620312,0.849096,0.579826,0.403503,0.69289,0.412267,0.624455,0.624914,0.362114,0.423276,0.724363,0.495311,0.360381,0.54008,0.478541,0.380917,0.27834,0.278552,0.372735,0.409257
period21,1,1,0.0733333,0.993255,0.0473102,1,0.98697,0.98697,0.929055,0.0752252,0.0103668,0.00763423,0.00763423,0.00763423,0.0132882,0.00886096,1,0.694595,0.0103668,0.0073792,0.0079069,0.0079069,0.00821458,0.00821458,0.0073792,0.493464,0.31813,0.727868,0.594379,0.480885,0.170127,0.798242,0.737688,0.389525,0.571787,0.323189,0.596553,0.487727,0.413107,0.303067,0.315227,0.320881,0.317827,0.365418,0.640242,0.410318,0.282356,0.292647,0.32334
period22,1,1,0.0846154,0.992072,0.05453,1,0.984646,0.984646,0.918013,0.0858767,0.0119115,0.00879183,0.00879183,0.00879183,0.0858767,0.0129608,1,0.650808,0.0548499,0.00850386,0.0119115,0.0119115,0.00996153,0.00996153,0.00850386,0.102786,0.583342,0.338894,0.0904293,0.527146,0.44024,0.513045,0.162934,0.412463,0.0911096,0.686578,0.222356,0.147232,0.402522,0.386233,0.195039,0.328967,0.614221,0.452387,0.481463,0.365636,0.349783,0.0956966,0.273113
period23,1,1,0.11,0.989249,0.0707072,1,0.979063,0.979063,0.893041,0.10893,0.0153473,0.0113813,0.0113813,0.0113813,0.10893,0.0166465,1,0.734059,0.0698125,0.0110243,0.0153473,0.0153473,0.0128434,0.0128434,0.0110243,0.279222,0.548028,0.118505,0.261226,0.496939,0.185054,0.265129,0.221082,0.485133,0.425611,0.371208,0.193366,0.39972,0.305912,0.329532,0.31605,0.216535,0.431301,0.212885,0.450311,0.352497,0.414498,0.283675,0.190124
period24,1,1,0.157143,0.983351,0.100468,1,0.967264,0.967264,0.846175,0.148353,0.0216118,0.0161382,0.0161382,0.0161382,0.148353,0.0233054,1,0.752764,0.0957882,0.015669,0.0216118,0.0216118,0.0180808,0.0180808,0.015669,0.319216,0.114825,0.27595,0.30166,0.138628,0.0393237,0.150307,0.518972,0.483846,0.470036,0.60823,0.123851,0.462132,0.239324,0.390139,0.199517,0.175508,0.317083,0.301206,0.330803,0.263432,0.230694,0.293168,0.136791
period25,1,1,0.157143,0.983351,0.100468,1,0.992296,0.979565,0.979565,0.155975,0.0218658,0.0161599,0.0161599,0.0161599,0.155975,0.0235742,1,1,0.0998534,0.0156709,0.0998534,0.0218658,0.0218049,0.0218049,0.0156709,0.205878,0.325043,0.31982,0.329321,0.367264,0.380551,0.479905,0.18329,0.0916627,0.063262,0.280368,0.597127,0.567386,0.342843,0.133137,0.271115,0.269947,0.200239,0.204049,0.357289,0.368939,0.29089,0.227779,0.287941
