period8,0.924365,0.995431,0.930705,0.92168,0.534305,0.0468391,0.0384466,0.0351107,0.254551,0.00561232,0.213186,0.139822,0.00529665,0.00561232,0.00145896,0.00103459,0.403503,0.439184,0.000935943,0.000984113,0.000787956,0.00359411,0.000610548,0.00103459,0.00103459,0.000652769,0.000900643,0.000600733,0.759565,0.261855,0.582332,0.463445,0.615739,0.749313,0.61787,0.730632,0.562715,0.3283,0.324783,0.655549,0.575784,0.364979,0.60266,0.63079,0.319066,0.441832,0.455844
period9,1,1,1,1,0.726842,0.0481537,0.0443262,0.0364125,0.35144,0.156063,0.315228,0.201153,0.00109199,0.0165204,0.00105991,0.000616259,0.447895,0.508313,0.00538422,0.00101572,0.0211459,0.00918018,0.000568927,0.000616259,0.000616259,0.000613067,0.000914418,0.000776668,0.649729,0.634009,0.299505,0.61612,0.226634,0.225012,0.480417,0.517659,0.600899,0.39365,0.529694,0.497876,0.381159,0.23058,0.146595,0.627025,0.276123,0.674963,0.78805
period10,1,1,1,1,0.901562,0.0632739,0.0447981,0.0367945,0.389702,0.318928,0.548731,0.272859,0.00109718,0.0266513,0.00106493,0.000616776,0.448437,0.60732,0.00543587,0.00101301,0.208567,0.0142768,0.000568979,0.000616776,0.000616776,0.000613567,0.000918461,0.000779224,0.623183,0.571178,0.688304,0.445648,0.369013,0.422764,0.399168,0.359028,0.413283,0.531651,0.620398,0.444673,0.534939,0.424112,0.431,0.275515,0.326188,0.531942,0.859731
period11,1,1,1,1,0.933161,0.181518,0.0514311,0.0383793,0.398052,0.363342,0.665482,0.535413,0.00107255,0.0367346,0.00108124,0.000614325,0.446114,0.851744,0.0150015,0.00101195,0.293702,0.0285171,0.000568735,0.000614325,0.000614325,0.000615189,0.00093523,0.000882768,0.378442,0.364961,0.717504,0.129013,0.20246,0.316093,0.644503,0.603856,0.675226,0.577333,0.723622,0.169452,0.629706,0.631018,0.58339,0.255823,0.571382,0.253354,0.426381
period12,1,1,1,1,0.997622,0.988162,0.98718,1,0.427341,0.373613,1,1,0.000580657,0.044889,0.0045503,0.000586859,1,0.942779,0.183982,0.00105918,0.353013,0.0359401,0.000587476,0.000586859,0.000586859,0.000981723,0.0111111,0.00412073,0.687032,0.519253,0.669733,0.527569,0.157585,0.535485,0.64766,0.237515,0.599995,0.511543,0.422302,0.286483,0.364269,0.528248,0.416973,0.354505,0.511432,0.623777,0.230004
period13,1,1,1,1,0.997746,0.988844,0.987437,1,0.538251,0.401993,1,1,0.000576839,0.04499,0.00117896,0.000586479,1,0.965065,0.0787855,0.00105114,0.365026,0.0410186,0.000587438,0.000586479,0.000586479,0.000646372,0.0111111,0.00149098,0.275307,0.0156737,0.664328,0.558957,0.917917,0.93772,0.473064,0.909134,0.521436,0.586901,0.660478,0.437656,0.478478,0.550863,0.514095,0.533467,0.44953,0.479828,0.0787693
period14,1,1,1,1,0.997646,0.98862,0.987427,1,0.76544,0.414018,1,1,0.000577783,0.061585,0.00104898,0.000586573,1,0.976054,0.235628,0.0010106,0.393286,0.0420971,0.000587447,0.000586573,0.000586573,0.000633444,0.0111111,0.00140577,0.451689,0.377903,0.403393,0.693012,0.828439,0.896242,0.0788675,0.635241,0.344495,0.408029,0.420698,0.368902,0.331079,0.747614,0.126129,0.278625,0.620471,0.695746,0.430715
period15,1,1,1,1,0.998272,0.991413,0.989863,1,0.832516,0.414404,1,1,0.000623009,0.0896635,0.00105563,0.000639975,1,0.987011,0.549829,0.00109796,0.392209,0.0571763,0.000641662,0.000639975,0.000639975,0.000682987,0.00909091,0.0688722,0.494427,0.651183,0.0982086,0.823464,0.419277,0.423364,0.52602,0.544436,0.63415,0.547238,0.660932,0.617948,0.528716,0.480654,0.459467,0.626539,0.683277,0.62815,0.335756
period16,1,1,1,1,0.998587,0.992645,0.992124,1,0.869793,0.417675,1,1,0.0253082,0.166538,0.00145653,0.00111156,1,0.986911,0.674476,0.0746587,0.406775,0.0844678,0.000716543,0.00111156,0.00111156,0.000750831,0.00714286,0.127159,0.224247,0.960287,0.951968,0.110336,0.437959,0.248053,0.612743,0.196504,0.735809,0.744818,0.802343,0.456732,0.385469,0.856757,0.541409,0.197741,0.538304,0.436235,0.494679
period17,1,1,1,1,0.99913,0.99394,0.993568,1,0.888133,0.525484,1,1,0.168264,0.328121,0.00166729,0.00122164,1,0.975014,0.732543,0.217104,0.398403,0.201748,0.000742523,0.00122164,0.00122164,0.000786812,0.00588235,0.135229,0.517279,0.409405,0.292999,0.26898,0.551878,0.0731142,0.866883,0.671137,0.618203,0.452291,0.84293,0.736155,0.548648,0.600011,0.397085,0.702344,0.612454,0.694788,0.565601
period18,1,1,1,1,0.999164,0.998998,0.999981,1,0.904769,0.62254,1,1,0.265848,0.473996,0.00177766,0.00799058,1,0.979536,1,0.278188,0.389606,0.321799,0.00107899,0.00134439,0.00134439,0.000856829,0.00588235,0.206024,0.391775,0.266922,0.158182,0.155674,0.684409,0.6868,0.328305,0.6894,0.11594,0.598774,0.518567,0.222035,0.382415,0.648108,0.158837,0.427397,0.714946,0.843769,0.877079
period19,1,1,1,1,0.999161,0.998983,0.999982,1,0.91975,0.70394,1,1,0.321712,0.60255,0.0018434,0.0157426,1,0.985388,1,0.327349,0.432442,0.525098,0.00650135,0.00144426,0.00144426,0.000912922,0.00434783,0.198765,0.181742,0.772185,0.808185,0.839629,0.499324,0.277489,0.363953,0.129395,0.265118,0.540689,0.314648,0.766653,0.271291,0.54518,0.246577,0.462801,0.817981,0.28718,0.0840641
period20,1,1,1,1,0.999902,0.998918,0.999984,1,0.906759,0.730492,1,1,0.402534,0.68812,0.00207611,0.0268505,1,1,1,0.357619,0.429928,0.605908,0.00823754,0.0100783,0.0100783,0.00106054,0.0305556,0.132895,1,0.0489468,0.288519,0.145353,0.288827,0.446818,0.511857,0.328595,0.455972,0.331791,0.611386,0.832891,0.295288,0.367911,0.28724,0.632783,0.509017,0.609298,0.395023
period21,1,1,1,1,0.999987,0.998864,0.999984,1,0.998739,0.838349,1,1,0.496257,1,0.00228125,0.0478015,1,1,1,0.414642,0.470748,0.91375,0.00969714,0.0110418,0.0386116,0.00116057,0.087234,0.122973,1,0.473706,0.492859,0.468217,0.300705,0.223517,0.339695,0.170784,0.460598,0.267271,0.218949,0.484158,0.0996527,0.524802,0.468238,0.80394,0.157942,0.665833,0.536579
period22,1,1,1,1,0.999987,0.998863,0.999986,1,0.998745,0.829978,1,1,0.53428,1,0.00228509,0.114368,1,1,1,0.410505,0.456273,0.95125,0.0194271,0.0206344,0.0675011,0.00117871,0.122414,0.122973,1,0.515297,0.354779,0.65154,0.220455,0.0941292,0.453294,0.498032,0.627301,0.199244,0.388319,0.703826,0.526225,0.607728,0.353977,0.477526,0.374214,0.445221,0.300433
period23,1,1,1,1,0.999997,0.998828,0.999983,1,0.998766,0.863169,1,1,1,1,0.00181983,0.347273,1,1,1,0.432122,0.469828,0.939506,0.0546432,0.0563636,0.238182,0.00119025,0.185,0.110959,1,0.805328,0.390918,0.5444,0.751881,0.390311,0.557363,0.493188,0.344975,0.496384,0.133763,0.382602,0.419987,0.388693,0.53533,0.414129,0.591505,0.580507,0.379901
period24,1,1,1,1,0.999998,0.99879,0.999974,1,0.999942,0.877479,1,1,1,1,0.0017569,0.370175,1,1,1,1,0.501757,1,0.12034,0.054386,0.282456,0.00124907,0.225862,0.0986111,1,0.406232,0.179122,0.351852,0.483554,0.878817,0.390507,0.289831,0.851834,0.440585,0.516994,0.37361,0.614398,0.530408,0.650833,0.231509,0.548077,0.0567314,0.0233984
period25,1,1,1,1,0.999998,0.998679,0.999963,1,0.999862,0.903541,1,1,1,1,0.00169856,0.510169,1,1,1,1,0.484165,1,0.117769,0.0694915,0.30678,0.00137263,0.312069,0.0859155,1,0.595814,0.563159,0.112162,0.0273012,0.463318,0.500444,0.679942,0.83772,0.0851054,0.579665,0.574696,0.595869,0.204308,0.720102,0.902201,0.156633,0.413397,0.416628
