period6,0.538579,0.995431,0.930705,0.916649,0.534305,0.0717555,0.0331798,0.00116454,0.0502404,0.00550615,0.0868623,0.0492467,0.0502404,0.00550615,0.00611776,0.00550615,0.388411,0.241187,0.00116454,0.00550615,0.00105543,0.00105543,0.00105543,0.00550615,0.00550615,0.00111628,0.000623477,0.000623477,0.939982,0.386927,0.595425,0.236884,0.301105,0.407449,0.612278,0.697671,0.558665,0.473629,0.628461,0.440371,0.474376,0.115977,0.821948,0.359226,0.473,0.412454,0.265652
period7,0.853299,1,1,0.984324,0.573514,0.0508269,0.0416747,0.0241227,0.0508269,0.00101315,0.162944,0.0948174,0.00966423,0.00101315,0.0019238,0.00146913,0.422162,0.389276,0.000970103,0.00101315,0.000608415,0.000608415,0.000653782,0.00146913,0.00146913,0.000699018,0.000910315,0.000604132,0.249641,0.153769,0.12194,0.491202,0.480543,0.33952,0.399052,0.450925,0.847814,0.517841,0.459943,0.622747,0.556411,0.199613,0.299437,0.178311,0.551727,0.456298,0.212913
period8,0.924365,1,1,0.98973,0.573514,0.0501511,0.0411276,0.0375222,0.273106,0.00597043,0.213706,0.140161,0.00556023,0.00597043,0.00151327,0.00106081,0.432973,0.471287,0.000964314,0.00100487,0.000805679,0.00379089,0.000613157,0.00106081,0.00106081,0.000658173,0.000926161,0.000603556,0.759558,0.261772,0.582238,0.462498,0.613234,0.747092,0.632709,0.729646,0.562475,0.328342,0.324777,0.655577,0.575787,0.365051,0.602529,0.631236,0.318725,0.441539,0.455977
period9,0.939594,1,1,0.963684,0.726842,0.049773,0.0457989,0.0376046,0.334739,0.148683,0.315228,0.201153,0.0055541,0.0157719,0.00151389,0.0010602,0.447895,0.482136,0.00554543,0.001004,0.0201743,0.00878759,0.000613096,0.0010602,0.0010602,0.000658235,0.000927033,0.000784646,0.649729,0.634009,0.299505,0.61612,0.226634,0.225099,0.480417,0.517966,0.600738,0.39365,0.529694,0.497876,0.381159,0.23058,0.146595,0.627025,0.276123,0.674963,0.78805
period10,0.959898,1,1,0.953646,0.901563,0.0644013,0.0455866,0.0374328,0.377739,0.309162,0.548731,0.272859,0.00471793,0.0258583,0.00143014,0.000977012,0.448437,0.586631,0.00552219,0.00100707,0.202203,0.0138675,0.00060482,0.000977012,0.000977012,0.000649903,0.000925215,0.000783496,0.623183,0.571178,0.688304,0.445648,0.369013,0.423225,0.399168,0.358958,0.413199,0.531651,0.620398,0.444673,0.534939,0.424112,0.431,0.275515,0.326188,0.531942,0.859731
period11,0.970051,1,1,0.953886,0.933161,0.17891,0.050701,0.037842,0.388959,0.35506,0.665482,0.535413,0.00386854,0.0359145,0.00135242,0.000892504,0.446114,0.829063,0.0147961,0.00100787,0.287026,0.0278922,0.000596412,0.000892504,0.000892504,0.000642169,0.000929545,0.00087774,0.378442,0.364961,0.717504,0.129013,0.20246,0.316154,0.644503,0.604266,0.675463,0.577333,0.723622,0.169452,0.629706,0.631018,0.58339,0.255823,0.571382,0.253354,0.426381
period12,0.989947,1,1,1,0.947619,0.502392,0.109818,0.040963,0.403372,0.352707,0.730688,0.642377,0.00207628,0.0424213,0.0012351,0.00073563,0.455556,0.888053,0.020996,0.00104985,0.333306,0.0339947,0.000602274,0.00073563,0.00073563,0.000651957,0.000984999,0.000949112,0.741079,0.511815,0.677726,0.53622,0.167278,0.337331,0.643107,0.0448264,0.672309,0.507042,0.421992,0.283456,0.363794,0.56188,0.356475,0.358858,0.511384,0.627532,0.228065
period13,1,1,1,1,0.947619,0.569622,0.460932,0.0424837,0.511712,0.382226,0.767725,0.70042,0.00105026,0.0428253,0.00115558,0.000633571,1,0.917082,0.0373047,0.0010529,0.347118,0.0390716,0.000592122,0.000633571,0.000633571,0.000644047,0.00100106,0.000995262,0.326796,0.132298,0.713224,0.551001,0.903503,0.722074,0.480462,0.499205,0.327475,0.6113,0.651989,0.426736,0.479402,0.475831,0.452851,0.528978,0.451263,0.47912,0.0786928
period14,1,1,1,1,0.947619,0.606474,0.523877,0.0425488,0.727558,0.393625,0.788889,0.73735,0.00105026,0.0586342,0.00115755,0.000633571,1,0.927611,0.125539,0.00105762,0.373958,0.0401069,0.000592122,0.000633571,0.000633571,0.000644243,0.00100174,0.00103213,0.520974,0.29993,0.484514,0.66068,0.815821,0.665065,0.092665,0.754716,0.33518,0.441167,0.416833,0.394662,0.338992,0.645048,0.189709,0.282214,0.620412,0.673603,0.433281
period15,1,1,1,1,0.965896,0.67957,0.572221,0.0578081,0.806057,0.401329,0.815607,0.770808,0.00114334,0.0869101,0.00126545,0.000691708,1,0.955541,0.318424,0.00115938,0.379866,0.0554399,0.000646806,0.000691708,0.000691708,0.000703849,0.00110356,0.0402458,0.492702,0.62367,0.173658,0.804128,0.415033,0.419346,0.51372,0.605338,0.573956,0.539583,0.656031,0.609995,0.527705,0.466614,0.456535,0.627416,0.683353,0.623861,0.33579
period16,1,1,1,1,0.976364,0.712372,0.647733,0.0784648,0.850992,0.408737,0.867273,0.802228,0.0253013,0.163028,0.00242235,0.00111143,1,0.965503,0.440958,0.0731349,0.398092,0.082703,0.00071653,0.00111143,0.00111143,0.000846827,0.00116674,0.0835144,0.241066,0.89564,0.888211,0.115375,0.433338,0.442194,0.600545,0.288562,0.656878,0.701778,0.782124,0.446246,0.385936,0.807459,0.525311,0.197596,0.538372,0.438181,0.494907
period17,1,1,1,1,0.99441,0.736175,0.669934,0.0986887,0.88441,0.523304,0.895031,0.83454,0.167941,0.326768,0.00438035,0.00122073,1,0.970881,0.494559,0.216217,0.396756,0.20092,0.000742433,0.00122073,0.00122073,0.00105643,0.00120212,0.091703,0.527561,0.424173,0.267249,0.268182,0.549743,0.175195,0.863261,0.57523,0.643061,0.453338,0.842962,0.733118,0.548132,0.56667,0.38037,0.703335,0.612852,0.69485,0.565607
period18,1,1,1,1,0.993878,0.751767,0.69943,0.107945,0.900511,0.619644,0.908024,0.875477,0.26497,0.471799,0.00572206,0.00796726,1,0.974883,0.547587,0.276912,0.387802,0.320313,0.00107784,0.00134301,0.00134301,0.00124859,0.00131593,0.113512,1,0.279399,0.201689,0.15538,0.681317,0.540907,0.327097,0.531022,0.302489,0.602153,0.519189,0.221276,0.382401,0.386355,0.142588,0.427399,0.714945,0.843968,0.877201
period19,1,1,1,1,0.993431,0.81353,0.743002,0.158644,0.915048,0.700388,0.958328,0.936415,0.32044,0.599516,0.00597191,0.0156846,1,0.98031,0.57301,0.325722,0.430273,0.522464,0.00648014,0.0014428,0.0014428,0.00132276,0.00142137,0.114644,1,0.762658,0.797358,0.835387,0.497034,0.305066,0.36244,0.262893,0.199295,0.539993,0.314852,0.762604,0.27241,0.17705,0.100415,0.463015,0.817994,0.286374,0.0841008
period20,1,1,1,1,0.993184,0.861775,0.811698,0.30072,0.901338,0.726179,0.902029,0.879473,0.400502,0.68406,0.00590334,0.0267222,1,0.977737,0.642487,0.355535,0.427409,0.60235,0.00820235,0.0100346,0.0100346,0.00143999,0.0100414,0.0862344,1,0.0818968,0.265907,0.145048,0.287558,1,0.50909,0.362496,0.422314,0.328127,0.611948,0.809632,0.294104,0.357794,0.292028,0.633286,0.509083,0.60935,0.395015
period21,1,1,1,1,0.986488,0.770083,0.731583,0.376224,0.905786,0.761358,0.967238,0.950051,0.490908,0.72476,0.0152647,0.0473063,1,0.970322,0.595699,0.377085,0.427899,0.663233,0.00960683,0.0109427,0.0382154,0.00244678,0.0338421,0.074444,1,0.467811,0.48796,0.463246,0.297996,1,0.33646,0.250381,0.520984,0.268223,0.219346,0.486255,0.0993465,0.512476,0.465827,0.805126,0.157713,0.663335,0.536329
period22,1,1,1,1,0.968096,0.433069,0.423467,0.27227,0.916889,0.76332,0.947074,0.939694,0.52043,0.726644,0.0175711,0.111456,1,0.962989,0.347553,0.378226,0.419993,0.692272,0.0189599,0.0201525,0.0658042,0.00269276,0.0348457,0.0447785,1,0.510371,0.358232,0.633951,0.216614,1,0.442027,0.389653,0.508785,0.199398,0.388301,0.702484,0.525939,0.582482,0.34232,0.477774,0.374134,0.445038,0.30044
period23,1,1,1,1,0.988424,0.859709,0.823858,0.56101,0.94066,0.814115,0.94037,0.932654,0.541297,0.794312,0.0117533,0.188997,1,0.980596,0.684115,0.408146,0.443462,0.747343,0.0303083,0.0315288,0.129946,0.00217356,0.104884,0.0770786,1,0.776592,1,0.539256,0.744336,1,0.55207,0.451494,0.32153,0.030149,0.0642345,0.381629,0.42,0.381314,0.517303,0.416523,0.591621,0.57916,0.379276
period24,1,1,1,1,0.999367,0.942306,0.93297,0.627481,0.946775,0.831886,0.997911,1,0.602907,0.853162,0.00657935,0.224255,1,1,0.781147,0.406369,0.476033,0.781615,0.0734505,0.0338629,0.171368,0.00172613,0.142759,0.0780245,1,0.406363,1,0.351693,0.483312,1,0.390323,0.312621,0.813909,0.388512,0.493165,0.373632,0.614381,0.529569,0.649776,0.231417,0.548096,0.0567086,0.0233906
period25,1,1,1,1,0.999968,0.997064,0.99825,0.7308,0.97708,0.884093,0.997963,1,0.699981,0.896009,0.0028128,0.358309,1,1,1,0.455131,0.473983,0.863119,0.083275,0.0498428,0.21594,0.00148271,0.229095,0.0859155,1,0.595282,1,0.112162,0.0273033,1,1,0.679832,0.836367,0.136221,0.553271,0.574816,0.595887,0.20437,0.719144,0.902199,0.156634,0.413397,0.416628
