period8,0.998897,0.869697,1,0.000869565,0.000955766,1,0.98913,0.00119603,0.00216213,0.000988128,0.000988128,0.000988128,0.000967519,0.000967519,0.000965476,0.000965476,0.000965273,1,0.947245,0.957996,0.000988128,0.00106421,0.000967519,0.000967519,0.00106322,0.000965476,0.000967519,0.00106033,0.000965273,0.000965273,0.00105991,0.957934,0.74672,0.357373,0.16764,0.867069,0.685239,0.291914,0.632276,0.481343,0.219935,0.580058,0.965708,0.51085,0.727959,0.348247,0.177492,0.38862,0.376726,0.391211,0.594086,0.283411,0.537716,0.573426,0.601295,0.631937,0.635354,0.106588,0.851403
period9,0.998897,0.923985,1,0.000869565,0.000955766,1,0.98913,0.174917,0.00216213,0.00186234,0.00186234,0.00186234,0.00105418,0.00105418,0.000974067,0.000974067,0.000966125,1,0.968748,0.957996,0.00186234,0.00123811,0.00105418,0.00105418,0.00115845,0.000974067,0.00105418,0.00107665,0.000966125,0.000966125,0.00106007,0.343004,0.362961,0.479386,0.30224,0.265248,0.376452,0.0882659,0.403852,0.532541,0.214773,0.841551,0.0225736,0.141437,0.149188,0.358386,0.69922,0.429276,0.534253,0.611444,0.321286,0.424278,0.409609,0.623947,0.435474,0.591098,0.474913,0.303099,0.360518
period10,0.998897,0.934842,1,0.00956522,0.00134706,1,0.98913,0.326923,0.023665,0.0334842,0.00184645,0.00184645,0.0010526,0.0010526,0.00097391,0.00097391,0.000966109,1,0.968748,0.957996,0.00184645,0.0018805,0.00170007,0.0010526,0.00115675,0.00097391,0.0010526,0.00107635,0.000966109,0.000966109,0.00106007,0.15155,0.4406,0.354123,0.601512,0.746855,0.4277,0.536515,0.538241,0.707228,0.315342,0.255583,0.622418,0.371448,0.0653387,0.556143,0.375022,0.191257,0.631112,0.416564,0.556476,0.385684,0.497266,0.280218,0.234322,0.175769,0.155522,0.3164,0.153194
period11,0.999995,0.935865,1,0.00956522,0.00134706,1,1,0.446738,0.0336957,0.19327,0.00181131,0.00181131,0.00104912,0.00104912,0.000973565,0.000973565,0.000966075,1,0.979348,1,0.0124479,0.00286238,0.012021,0.00104912,0.00115293,0.000973565,0.00104912,0.00107569,0.000966075,0.000966075,0.00106006,0.36271,0.186707,0.713345,0.710397,0.462413,0.479569,0.499807,0.572487,0.623008,0.936795,0.597604,0.0843886,0.604643,0.680879,0.917907,0.360056,0.56996,0.428323,0.46103,0.283104,0.826692,0.189369,0.810001,0.393935,0.467736,0.312556,0.453171,0.374322
period12,0.999995,0.956662,1,0.080531,0.0177956,1,1,0.545553,0.134444,0.340044,0.00180118,0.00180118,0.00106348,0.00106348,0.000990363,0.000990363,0.000983116,1,0.99,1,0.0563565,0.0104296,0.044373,0.00106348,0.0011687,0.000990363,0.00106348,0.00109391,0.000983116,0.000983116,0.00107878,0.0591303,0.692012,0.388436,1,0.502505,0.449205,0.314745,0.684787,0.219538,0.306683,0.949576,0.392259,0.657778,0.161483,0.655055,0.0726833,0.220044,0.306026,0.0921962,0.434799,0.150916,0.496672,0.529677,0.661894,0.623012,0.367245,0.783123,0.15648
period13,0.999995,0.966662,1,0.137273,0.0961411,1,1,0.587354,0.185057,0.408459,0.00182893,0.00182893,0.00109032,0.00109032,0.00101713,0.00101713,0.00100988,1,1,1,0.126077,0.0211187,0.134376,0.00109032,0.00119816,0.00101713,0.00109032,0.00112328,0.00100988,0.00100988,0.00110814,0.641491,0.157566,0.837618,1,0.645964,0.248026,0.589556,0.0251496,0.349218,0.954648,0.825649,0.211561,0.14359,0.510048,0.495021,0.658255,0.515686,0.422602,0.734482,0.445083,0.157597,0.559247,0.39929,0.526908,0.523368,0.704836,0.636379,0.58319
period14,1,1,1,0.186598,0.129684,1,1,0.690541,0.244595,0.506626,0.0020007,0.0020007,0.00122894,0.00122894,0.00115255,0.00115255,0.001145,1,1,1,0.227754,0.0648011,0.209982,0.00122894,0.00135032,0.00115255,0.00122894,0.0012721,0.001145,0.001145,0.00125632,0.140292,0.554451,0.467949,1,0.408411,0.544844,0.270469,0.607322,0.649112,0.433987,0.541569,0.883347,0.670225,0.676612,0.470421,0.251229,0.279474,0.558903,0.404471,0.80249,0.572831,0.334095,0.690393,0.106368,0.699262,0.14798,0.562634,0.498973
period15,1,1,1,0.212941,0.192822,1,1,0.747619,0.287302,0.578511,0.0022217,0.0022217,0.00139603,0.00139603,0.00131443,0.00131443,0.00130637,1,1,1,0.267003,0.135587,0.291656,0.00139603,0.00153368,0.00131443,0.00139603,0.00145006,0.00130637,0.00130637,0.00143323,0.812707,0.397489,0.490956,1,0.4631,0.484225,0.546026,0.501855,0.205222,0.154635,0.228657,0.429988,0.559274,0.0288471,0.638785,0.405271,0.817203,0.547591,0.634419,0.507058,0.212046,0.530175,0.250407,0.926658,0.358713,0.590313,0.718296,0.558465
period16,1,1,1,0.264474,0.229265,1,1,0.783636,0.383636,0.590164,0.00243664,0.00243664,0.00155625,0.00155625,0.00146937,0.00146937,0.00146079,1,1,1,0.323015,0.203717,0.401917,0.00155625,0.00170945,0.00146937,0.00155625,0.00162037,0.00146079,0.00146079,0.00160248,0.602384,0.776426,0.477139,1,0.553392,0.254429,0.0788125,0.541348,0.272205,0.258416,0.640036,0.273755,0.359846,0.455674,0.919855,0.468883,0.292607,0.331697,0.336296,0.637765,0.880678,0.539965,0.707305,0.445421,0.682797,0.228948,0.707339,0.324881
period17,1,1,1,0.355385,0.284362,1,1,0.846667,0.513333,0.654021,0.00273884,0.00273884,0.00180813,0.00180813,0.00171649,0.00171649,0.00170747,1,1,1,0.393508,0.253473,0.48834,0.00180813,0.00198567,0.00171649,0.00180813,0.0018916,0.00170747,0.00170747,0.00187278,0.310476,0.426744,0.456261,1,0.421004,0.130955,0.898992,0.30204,0.757789,0.296964,0.441736,0.262788,0.392617,0.246657,0.762352,0.833563,0.699348,0.579684,0.452322,0.567269,0.118009,0.0687707,0.384282,0.475722,0.656746,0.342857,0.274581,0.298508
period18,1,1,1,0.438182,0.389165,1,1,0.848718,0.64359,0.677166,0.00318387,0.00318387,0.00213078,0.00213078,0.00202739,0.00202739,0.00201723,1,1,1,0.477467,0.338772,0.559815,0.00213078,0.00233932,0.00202739,0.00213078,0.00223314,0.00201723,0.00201723,0.00221198,0.356655,0.551677,0.187188,1,0.506902,0.508388,0.619178,0.37127,0.79572,0.281023,0.78507,0.334492,0.135206,0.402043,0.10087,0.746644,0.556578,0.212494,0.640859,0.502584,0.641214,0.506778,0.530832,0.420564,0.173615,0.0858434,0.458974,0.479299
period19,1,1,1,0.492157,0.458145,1,1,0.888571,0.717143,0.69753,0.0311018,0.00333393,0.00228764,0.00228764,0.00218506,0.00218506,0.00217501,1,1,1,0.586459,0.375334,0.620892,0.00349289,0.00371368,0.00218506,0.00228764,0.0024057,0.00217501,0.00217501,0.00238474,0.252121,0.478861,0.436276,1,0.408592,0.516356,0.183097,0.530021,0.128844,0.04856,0.510121,0.670573,0.779798,0.0467181,0.121865,0.269669,0.521315,0.0743786,0.318334,0.647397,0.605523,0.588928,0.457497,0.404038,0.318798,0.532044,0.212691,0.523335
period20,1,1,1,0.55,0.531743,1,1,0.906452,0.745161,0.722704,0.128822,0.0663078,0.00454449,0.00454449,0.00282458,0.00282458,0.00265669,1,1,1,0.597676,0.424569,0.636837,0.00486901,0.00530093,0.00282458,0.00454449,0.00326045,0.00265669,0.00265669,0.00289633,0.784185,0.202815,0.415472,1,0.454471,0.358984,0.436463,0.613495,0.16369,0.313891,0.464905,0.427423,0.436423,0.903813,0.732485,0.796229,0.298532,0.427455,0.766134,0.767187,0.546007,0.643913,0.347529,0.284438,0.793171,0.335643,0.494606,0.389852
period21,1,1,1,0.5775,0.558329,1,1,0.903333,0.77,0.713732,0.197541,0.197541,0.0334024,0.0334024,0.00414857,0.00414857,0.00290449,1,1,1,0.616946,0.43545,0.656362,0.00518219,0.00843614,0.00414857,0.00518219,0.00835306,0.00290449,0.00290449,0.00306172,0.436252,0.476991,0.618555,1,0.43541,0.260684,0.31749,0.612169,0.504466,0.558878,0.172774,0.362311,0.264208,0.478696,0.0718057,0.751875,0.534715,0.403969,0.438691,0.41368,0.219639,0.659898,0.327892,0.586451,0.228877,0.546582,0.525433,0.432891
period22,1,1,1,0.602857,0.581032,1,1,0.926923,0.811538,0.74591,0.338064,0.26391,0.170872,0.0389166,0.00477255,0.0242308,0.00408145,1,1,1,0.708834,0.510352,0.715637,0.00592655,0.0195734,0.0340903,0.00592777,0.00840028,0.00332076,0.00408145,0.00364341,0.399091,0.589139,0.39535,1,0.437275,0.300877,0.669589,0.460623,0.532067,0.730085,0.468499,0.697445,0.47626,0.444174,0.566304,0.46772,0.492277,0.316725,0.756707,0.415409,0.645895,0.594336,0.361054,0.29559,0.580697,0.411485,0.45506,0.468508
period23,1,1,1,0.628125,0.604304,1,1,1,0.8375,0.830435,0.43913,0.43913,0.285988,0.246067,0.00641499,0.147025,0.00598684,1,1,1,0.830435,0.652492,0.79437,0.0464625,0.0272689,0.256671,0.0065415,0.0200736,0.00374645,0.0353918,0.00542983,0.574232,0.455368,0.479999,1,0.0867853,0.367746,0.774753,0.347811,0.452123,0.601125,0.323372,0.0847946,0.173882,0.351844,0.41209,0.629779,0.278704,0.482124,0.404885,0.557958,0.256091,0.357162,0.322205,0.469,0.397301,0.390417,0.563868,0.537206
period24,1,1,1,0.67037,0.642279,1,1,1,0.905,0.905,0.505,0.505,0.420684,0.420684,0.00742526,0.301904,0.00726428,1,1,1,0.905,0.754418,0.863187,0.0993209,0.0392629,0.301904,0.00750267,0.0212688,0.00441873,0.158216,0.00748856,0.76845,0.609757,0.485333,1,0.729006,0.122116,0.425697,0.542258,0.542798,0.251184,0.495202,0.191134,0.343185,0.397783,0.205383,0.490738,0.290949,0.669055,0.512889,0.379868,0.42954,0.349389,0.317708,0.184058,0.374248,0.593885,0.161081,0.440973
period25,1,1,1,0.696154,0.666976,1,1,1,0.905,0.905,0.655,0.655,0.568761,0.47519,0.00759997,0.353192,0.00751774,1,1,1,0.905,0.797537,0.863319,0.288047,0.0377555,0.357462,0.0541181,0.0925965,0.00457692,0.282223,0.00799522,0.740506,0.49667,0.77217,1,0.140845,0.237575,0.659772,0.483827,0.506407,0.420446,0.176631,0.136546,0.29785,0.322322,0.29205,0.621262,0.0893419,0.462776,0.326879,0.299306,0.291285,0.479526,0.470381,0.384388,0.397796,0.446695,0.42486,0.446847
