period9,0.998897,0.923985,1,0.000869565,0.000955766,1,0.98913,0.174917,0.00216213,0.00186234,0.00186234,0.00186234,0.00105418,0.00105418,0.000974067,0.000974067,0.000966125,1,0.968748,0.957996,0.00186234,0.00123811,0.00105418,0.00105418,0.00115845,0.000974067,0.00105418,0.00107665,0.000966125,0.000966125,0.00106007,0.343004,0.362961,0.479386,0.30224,0.265248,0.376452,0.0882659,0.403852,0.532541,0.214773,0.841551,0.0225736,0.141437,0.149188,0.358386,0.69922,0.429276,0.534253,0.611444,0.321286,0.424278,0.409609,0.623947,0.435474,0.591098,0.474913,0.303099,0.360518
period10,0.998897,0.934842,1,0.00956522,0.00134706,1,0.98913,0.326923,0.023665,0.0334842,0.00184645,0.00184645,0.0010526,0.0010526,0.00097391,0.00097391,0.000966109,1,0.968748,0.957996,0.00184645,0.0018805,0.00170007,0.0010526,0.00115675,0.00097391,0.0010526,0.00107635,0.000966109,0.000966109,0.00106007,0.15155,0.4406,0.354123,0.601512,0.746855,0.4277,0.536515,0.538241,0.707228,0.315342,0.255583,0.622418,0.371448,0.0653387,0.556143,0.375022,0.191257,0.631112,0.416564,0.556476,0.385684,0.497266,0.280218,0.234322,0.175769,0.155522,0.3164,0.153194
period11,0.998897,0.934842,1,0.00956522,0.00134706,1,0.98913,0.446357,0.0344164,0.193107,0.00181092,0.00181092,0.00104908,0.00104908,0.000973561,0.000973561,0.000966075,1,0.968748,0.957996,0.0124385,0.00286094,0.0120117,0.00104908,0.00115289,0.000973561,0.00104908,0.00107569,0.000966075,0.000966075,0.00106006,0.36271,0.186707,0.714609,0.70773,0.462419,0.47955,0.499807,0.572488,0.623008,0.936796,0.597604,0.0843886,0.604643,0.680879,0.917907,0.360056,0.56996,0.428323,0.46103,0.283104,0.826692,0.189369,0.810001,0.393935,0.467736,0.312556,0.453171,0.374322
period12,0.999995,1,1,0.080531,0.0177956,1,0.989995,0.545553,0.1341,0.340044,0.00180118,0.00180118,0.00106348,0.00106348,0.000990363,0.000990363,0.000983116,1,0.980137,0.969137,0.0563565,0.0104296,0.044373,0.00106348,0.0011687,0.000990363,0.00106348,0.00109391,0.000983116,0.000983116,0.00107878,0.0591303,0.692012,0.387069,0.210662,0.502505,0.449205,0.314745,0.684787,0.219538,0.306683,0.949576,0.392259,0.657778,0.161483,0.655055,0.0726833,0.220044,0.306026,0.0921962,0.434799,0.150916,0.496672,0.529677,0.661894,0.623012,0.367245,0.783123,0.15648
period13,0.999995,1,1,0.137273,0.0961411,1,0.98965,0.587354,0.184177,0.408459,0.00182893,0.00182893,0.00109032,0.00109032,0.00101713,0.00101713,0.00100988,1,0.979456,0.96808,0.126077,0.0211187,0.134376,0.00109032,0.00119816,0.00101713,0.00109032,0.00112328,0.00100988,0.00100988,0.00110814,0.641491,0.157566,0.833673,0.166143,0.645964,0.248026,0.589556,0.0251496,0.349218,0.954648,0.825649,0.211561,0.14359,0.510048,0.495021,0.658255,0.515686,0.422602,0.734482,0.445083,0.157597,0.559247,0.39929,0.526908,0.523368,0.704836,0.636379,0.58319
period14,1,1,1,0.186598,0.129684,1,1,0.690541,0.244595,0.506626,0.0020007,0.0020007,0.00122894,0.00122894,0.00115255,0.00115255,0.001145,1,1,1,0.227754,0.0648011,0.209982,0.00122894,0.00135032,0.00115255,0.00122894,0.0012721,0.001145,0.001145,0.00125632,0.140292,0.554451,0.467949,1,0.408411,0.544844,0.270469,0.607322,0.649112,0.433987,0.541569,0.883347,0.670225,0.676612,0.470421,0.251229,0.279474,0.558903,0.404471,0.80249,0.572831,0.334095,0.690393,0.106368,0.699262,0.14798,0.562634,0.498973
period15,1,1,1,0.212941,0.192822,1,1,0.747619,0.287302,0.578511,0.0022217,0.0022217,0.00139603,0.00139603,0.00131443,0.00131443,0.00130637,1,1,1,0.267003,0.135586,0.291656,0.00139603,0.00153368,0.00131443,0.00139603,0.00145006,0.00130637,0.00130637,0.00143323,0.812707,0.397489,0.490956,1,0.4631,0.484225,0.546026,0.501855,0.205222,0.154635,0.228657,0.429988,0.559274,0.0288471,0.638785,0.405271,0.817203,0.547591,0.634419,0.507058,0.212046,0.530175,0.250407,0.926658,0.358713,0.590313,0.718296,0.558465
period16,1,1,1,0.264474,0.229265,1,1,0.783636,0.383636,0.590164,0.00243664,0.00243664,0.00155625,0.00155625,0.00146937,0.00146937,0.00146079,1,1,1,0.323015,0.203717,0.401917,0.00155625,0.00170945,0.00146937,0.00155625,0.00162037,0.00146079,0.00146079,0.00160248,0.602384,0.776426,0.477139,1,0.553392,0.254429,0.0788125,0.541348,0.272205,0.258416,0.640036,0.273755,0.359846,0.455674,0.919855,0.468883,0.292607,0.331697,0.336296,0.637765,0.880678,0.539965,0.707305,0.445421,0.682797,0.228948,0.707339,0.324881
period17,1,1,1,0.355385,0.284362,1,1,0.998557,0.513333,0.770686,0.00256575,0.00256575,0.00179109,0.00179109,0.00171481,0.00171481,0.0017073,1,1,1,1,0.635424,0.574941,0.00179109,0.00196699,0.00171481,0.00179109,0.00188841,0.0017073,0.0017073,0.00187275,0.310476,0.426744,0.456262,1,0.453645,0.123298,0.899131,0.302075,0.757903,0.296998,0.441742,0.262789,0.392622,0.246659,0.762353,0.833564,0.699358,0.579685,0.452328,0.567269,0.117978,0.0687691,0.384299,0.475724,0.656786,0.342857,0.274587,0.29851
period18,1,1,1,1,0.884,1,0.999999,0.99856,0.643589,0.795917,0.00294349,0.00294349,0.00210718,0.00210718,0.00202507,0.00202507,0.00201701,1,1,1,1,0.700918,0.657361,0.00210718,0.00231346,0.00202507,0.00210718,0.00222874,0.00201701,0.00201701,0.00221194,0.117559,0.690337,0.187189,1,0.517892,0.527683,0.619303,0.371336,0.795887,0.281066,0.785086,0.334492,0.135206,0.40205,0.10087,0.746645,0.542572,0.210976,0.607746,0.513355,0.641259,0.506801,0.530806,0.420557,0.173624,0.0858473,0.458986,0.479299
period19,1,1,1,1,0.926923,1,0.999999,0.99905,0.717142,0.783635,0.0343471,0.00312678,0.00226733,0.00226733,0.00218307,0.00218307,0.00217481,1,1,1,1,0.630734,0.697061,0.00364866,0.00386712,0.00218307,0.00226733,0.00240192,0.00217481,0.00217481,0.0023847,0.204932,0.56051,0.436276,1,0.404056,0.522337,0.182946,0.528768,0.128916,0.0489305,0.51013,0.670574,0.779812,0.046717,0.121865,0.26967,0.508847,0.0743309,0.288893,0.658072,0.605582,0.588945,0.457888,0.403963,0.318786,0.532043,0.212725,0.523329
period20,1,1,1,1,0.9625,1,0.999997,0.998882,0.74516,0.795669,0.141229,0.0723408,0.00473051,0.00473051,0.00284274,0.00284274,0.00265846,1,1,1,1,0.70073,0.700601,0.00508451,0.0055335,0.00284274,0.00473051,0.00329612,0.00265846,0.00265846,0.00289666,0.732086,0.158477,0.415472,1,0.443664,0.361251,0.43219,0.609129,0.164227,0.315897,0.464837,0.427417,0.43636,0.903662,0.732473,0.796216,0.289275,0.426404,0.738928,0.751014,0.546818,0.644094,0.348871,0.283942,0.792972,0.335643,0.495086,0.389979
period21,1,1,1,1,0.9625,1,0.999999,0.998795,0.769999,0.788344,0.217604,0.217604,0.0364961,0.0364961,0.00429533,0.00429533,0.00291879,1,1,1,1,0.695199,0.724396,0.00540979,0.00896355,0.00429533,0.00540979,0.00888291,0.00291879,0.00291879,0.00306437,1,0.312403,0.618554,1,0.455967,0.218454,0.314119,0.60734,0.498762,0.556514,0.172736,0.362273,0.263934,0.47773,0.0718099,0.751779,0.530752,0.404328,0.52201,0.445621,0.2203,0.659853,0.325263,0.586831,0.229857,0.546009,0.524116,0.433317
period22,1,1,1,1,0.959091,1,0.999998,0.999063,0.811537,0.803255,0.363667,0.283742,0.183444,0.0415726,0.00489754,0.0256839,0.00414983,1,1,1,1,0.706458,0.770141,0.00608411,0.0207168,0.0363532,0.00610484,0.00875069,0.0033329,0.00414983,0.00365634,1,0.446574,0.39535,1,0.443571,0.315544,0.658653,0.451812,0.520064,0.727087,0.466114,0.69737,0.475282,0.443344,0.565726,0.467245,0.485001,0.320386,0.802936,0.429564,0.639984,0.589772,0.358822,0.294747,0.575529,0.410034,0.453758,0.467814
period23,1,1,1,1,0.957143,1,0.999996,0.998966,0.837497,0.829586,0.438687,0.438687,0.285704,0.245823,0.00641244,0.146883,0.0059845,1,1,1,1,0.767817,0.793566,0.0464201,0.0272467,0.256419,0.00653948,0.020058,0.00374621,0.0353611,0.0054282,1,0.472804,0.479998,1,0.0869295,0.367855,0.774821,0.347681,0.451952,0.601149,0.323411,0.0847945,0.173857,0.35177,0.412106,0.629864,0.280606,0.482037,0.507409,0.559622,0.256056,0.357163,0.322241,0.469007,0.397359,0.39042,0.563959,0.537182
period24,1,1,1,1,0.952632,1,0.999975,0.99935,0.90498,0.904419,0.50468,0.50468,0.420421,0.420421,0.00742409,0.301719,0.00726289,1,1,1,1,0.823536,0.862641,0.0992616,0.0392425,0.301719,0.00750165,0.0212595,0.00441862,0.158122,0.00748697,1,0.735233,0.485329,1,0.728771,0.122163,0.425738,0.542327,0.542719,0.251193,0.495346,0.191134,0.343216,0.397726,0.205271,0.490797,0.311855,0.664067,0.589558,0.380788,0.429614,0.34938,0.317719,0.18406,0.374304,0.593863,0.161124,0.440973
period25,1,1,1,1,1,1,0.999984,0.999257,0.904987,0.904338,0.654524,0.654524,0.568353,0.47485,0.007599,0.352944,0.00751636,1,1,1,1,0.871067,0.862697,0.287843,0.0377349,0.357211,0.0540844,0.092535,0.00457683,0.282029,0.0079937,1,0.496713,0.772164,1,0.141063,0.237648,0.659737,0.484009,0.506465,0.420395,0.176727,0.136546,0.297673,0.322217,0.292059,0.621274,0.0893568,0.462773,0.362386,0.31167,0.291276,0.479523,0.470412,0.384392,0.397785,0.446693,0.4249,0.446836
