period7,1,1,1,0.984324,0.573514,0.0494524,0.0405621,0.0234928,0.0494524,0.00100013,0.162944,0.0948174,0.00121296,0.00100013,0.00107858,0.000628294,0.422162,0.446088,0.000958329,0.00100013,0.00060712,0.00060712,0.000570125,0.000628294,0.000628294,0.000614924,0.000900144,0.000602961,0.249641,0.153769,0.12194,0.491202,0.480543,0.338924,0.399052,0.451128,0.848299,0.517841,0.459943,0.622747,0.556411,0.199613,0.299437,0.178311,0.551727,0.456298,0.212913
period8,1,1,1,0.98973,0.573514,0.0493293,0.0404624,0.0369239,0.290527,0.00630667,0.213706,0.140161,0.00108987,0.00630667,0.00106528,0.000616048,0.432973,0.504924,0.000957274,0.00102437,0.00082232,0.00397565,0.000568906,0.000616048,0.000616048,0.000613602,0.000919829,0.000602856,0.759558,0.261772,0.582238,0.462498,0.613234,0.747643,0.632709,0.729891,0.562535,0.328342,0.324777,0.655577,0.575787,0.365051,0.602529,0.631236,0.318725,0.441539,0.455977
period9,1,1,1,0.963684,0.726842,0.0481537,0.0443262,0.0364125,0.35144,0.156063,0.315228,0.201153,0.00109199,0.0165204,0.00105991,0.000616259,0.447895,0.508313,0.00538422,0.00101572,0.0211459,0.00918018,0.000568927,0.000616259,0.000616259,0.000613067,0.000914418,0.000776668,0.649729,0.634009,0.299505,0.61612,0.226634,0.225012,0.480417,0.517659,0.600899,0.39365,0.529694,0.497876,0.381159,0.23058,0.146595,0.627025,0.276123,0.674963,0.78805
period10,1,1,1,0.953646,0.901563,0.0632739,0.0447981,0.0367945,0.389702,0.318928,0.548731,0.272859,0.00109718,0.0266513,0.00106493,0.000616776,0.448437,0.60732,0.00543587,0.00101301,0.208567,0.0142768,0.000568979,0.000616776,0.000616776,0.000613567,0.000918461,0.000779224,0.623183,0.571178,0.688304,0.445648,0.369013,0.422764,0.399168,0.359028,0.413283,0.531651,0.620398,0.444673,0.534939,0.424112,0.431,0.275515,0.326188,0.531942,0.859731
period11,1,1,1,0.953886,0.933161,0.181518,0.0514311,0.0383793,0.398052,0.363342,0.665482,0.535413,0.00107255,0.0367346,0.00108124,0.000614325,0.446114,0.851744,0.0150015,0.00101195,0.293702,0.0285171,0.000568735,0.000614325,0.000614325,0.000615189,0.00093523,0.000882768,0.378442,0.364961,0.717504,0.129013,0.20246,0.316093,0.644503,0.603856,0.675226,0.577333,0.723622,0.169452,0.629706,0.631018,0.58339,0.255823,0.571382,0.253354,0.426381
period12,1,1,1,1,0.947619,0.506505,0.110709,0.0412902,0.406479,0.355417,0.999178,1,0.00110847,0.0427412,0.0011425,0.000639361,0.455556,0.896082,0.0211614,0.00105106,0.335861,0.0342469,0.000592698,0.000639361,0.000639361,0.000642746,0.000988454,0.00095233,0.687197,0.51923,0.669758,0.53622,0.167278,0.339009,0.643107,0.0450219,0.672235,0.511529,0.422301,0.286474,0.364268,0.528351,0.416789,0.358858,0.511384,0.627532,0.228065
period13,1,1,1,1,0.997746,0.988844,0.987437,1,0.538251,0.401993,0.999246,1,0.000576839,0.04499,0.00117896,0.000586479,0.455556,0.965065,0.0787855,0.00105114,0.365026,0.0410186,0.000587438,0.000586479,0.000586479,0.000646372,0.0111111,0.00149098,0.275474,0.0160521,0.664487,0.558957,0.917917,0.93772,0.473064,0.909134,0.521436,0.58698,0.66045,0.437621,0.478481,0.550619,0.513896,0.533467,0.44953,0.479828,0.0787693
period14,1,1,1,1,0.997646,0.98862,0.987427,1,0.76544,0.414018,0.999284,1,0.000577783,0.061585,0.00104898,0.000586573,0.455556,0.976054,0.235628,0.0010106,0.393286,0.0420971,0.000587447,0.000586573,0.000586573,0.000633444,0.0111111,0.00140577,0.451924,0.377639,0.403668,0.693012,0.828439,0.896242,0.0788675,0.635241,0.344495,0.408141,0.420685,0.368989,0.331106,0.747266,0.126345,0.278625,0.620471,0.695746,0.430715
period15,1,1,1,1,0.998272,0.991413,0.989863,1,0.832516,0.414404,0.999252,1,0.000623009,0.0896635,0.00105563,0.000639975,0.474566,0.987011,0.549829,0.00109796,0.392209,0.0571763,0.000641662,0.000639975,0.000639975,0.000682987,0.00909091,0.0688722,0.49442,0.651071,0.0985144,0.823464,0.419277,0.423364,0.52602,0.544436,0.63415,0.547207,0.660912,0.617916,0.528712,0.480597,0.459455,0.626539,0.683277,0.62815,0.335756
period16,1,1,1,1,0.998587,0.992645,0.992124,1,0.869793,0.417675,0.999248,1,0.0253082,0.166538,0.00145653,0.00111156,0.485455,0.986911,0.674476,0.0746587,0.406775,0.0844678,0.000716543,0.00111156,0.00111156,0.000750831,0.00714286,0.127159,0.224342,0.959921,0.951607,0.110336,0.437959,0.248053,0.612743,0.196504,0.735809,0.744574,0.802228,0.456673,0.385472,0.856477,0.541318,0.197741,0.538304,0.436235,0.494679
period17,1,1,1,1,0.999223,0.999049,0.999983,1,0.888207,0.525527,0.99926,1,0.16827,0.328147,0.00161352,0.00122166,1,0.975096,1,0.217122,0.398436,0.201764,0.000742525,0.00122166,0.00122166,0.000781468,0.00588235,0.184146,0.517352,0.409509,0.292818,0.268996,0.55192,0.0710908,0.866955,0.673038,0.61771,0.452299,0.842931,0.736133,0.548645,0.599776,0.396967,0.702324,0.612446,0.694786,0.565601
period18,1,1,1,1,0.999164,0.998998,0.999981,1,0.904769,0.62254,0.999226,1,0.265848,0.473996,0.00177766,0.00799058,1,0.979536,1,0.278188,0.389606,0.321799,0.00107899,0.00134439,0.00134439,0.000856829,0.00588235,0.206024,0.391766,0.267027,0.158548,0.155674,0.684409,0.6868,0.328305,0.6894,0.11594,0.598803,0.518573,0.222029,0.382415,0.647987,0.1589,0.427397,0.714946,0.843769,0.877079
period19,1,1,1,1,0.999161,0.998983,0.999982,1,0.91975,0.70394,0.999182,1,0.321712,0.60255,0.0018434,0.0157426,1,0.985388,1,0.327349,0.432442,0.525098,0.00650135,0.00144426,0.00144426,0.000912922,0.00434783,0.198765,0.181656,0.771998,0.807973,0.839629,0.499324,0.277489,0.363953,0.129395,0.265118,0.540676,0.314652,0.766574,0.271313,0.545188,0.246604,0.462801,0.817981,0.28718,0.0840641
period20,1,1,1,1,0.999038,0.998874,0.999983,1,0.906061,0.729937,0.999071,1,0.402273,0.687597,0.0020761,0.026834,1,0.98291,1,0.357351,0.429604,0.60545,0.00823301,0.0100726,0.0100726,0.00106054,0.0305556,0.132895,0.290554,0.0492592,0.288305,0.145313,0.288664,0.446815,0.511501,0.328595,0.455972,0.331756,0.611392,0.83267,0.295277,0.126992,0.21978,0.632848,0.509025,0.609304,0.395022
period21,1,1,1,1,0.998961,0.998799,0.999984,1,0.915973,0.769796,0.999023,1,0.49585,0.732787,0.0022816,0.0477639,1,0.981326,1,0.381201,0.432595,0.670539,0.00969027,0.0110343,0.0385815,0.00116061,0.087234,0.122973,0.498928,0.47353,0.492713,0.467839,0.300499,0.223529,0.339449,0.170784,0.460598,0.267299,0.21896,0.48422,0.0996436,0.554292,0.467805,0.80403,0.157925,0.665643,0.53656
period22,1,1,1,1,0.999893,0.998857,0.999986,1,0.943719,0.785169,0.999013,1,0.534239,0.74742,0.00228514,0.114359,1,1,1,0.388807,0.431885,0.711955,0.0194257,0.020633,0.0674961,0.00117872,0.122414,0.122973,0.185566,0.515205,0.354843,0.651489,0.220444,0.094133,0.453261,0.498032,0.627301,0.199247,0.388319,0.703801,0.526219,0.240862,0.455497,0.477527,0.374214,0.44522,0.300433
period23,1,1,1,1,0.999888,0.99883,1,1,0.950409,0.822346,0.99895,1,0.546414,0.802337,0.00236798,0.190763,1,1,1,0.412169,0.447886,0.754841,0.0305798,0.0318059,0.131154,0.00124451,0.185,0.110959,0.1933,0.804822,0.390781,0.544351,0.751809,0.39031,0.557313,0.493192,0.344977,0.496488,0.133779,0.382584,0.419987,0.799817,0.456745,0.414152,0.591506,0.580494,0.379895
period24,1,1,1,1,0.99988,0.998802,1,1,0.94721,0.832259,1,1,0.603165,0.853545,0.00242658,0.22435,1,1,1,0.406547,0.476244,0.781962,0.073481,0.0338763,0.17144,0.00131532,0.225862,0.0986111,0.391502,0.406232,0.179122,0.351822,0.483509,0.878821,0.390472,0.289822,0.851848,0.440585,0.516994,0.37361,0.614398,0.526297,0.649736,0.231492,0.548081,0.0567272,0.0233969
period25,1,1,1,1,0.999863,0.998693,1,1,0.976988,0.884014,1,1,0.699918,0.895929,0.00268671,0.358277,1,1,1,0.455093,0.473942,0.863043,0.0832678,0.0498387,0.215921,0.00147025,0.312069,0.0859155,0.0995375,0.595814,0.563159,0.112161,0.027311,0.463317,0.500389,0.679944,0.837749,0.0851054,0.579665,0.574696,0.595869,0.554486,0.597958,0.902194,0.156635,0.413398,0.416628
