period3,0.232308,1,1,0.518966,0.0534483,0.00551911,0.00208188,0.00174345,0.00551911,0.00208188,0.0016129,0.00169727,0.00551911,0.00208188,0.00228476,0.00208188,0.00172414,0.00551911,0.00174345,0.00208188,0.00174345,0.00174345,0.00174345,0.00208188,0.00208188,0.00176342,0.00171012,0.00171012,0.44062,0.233525,0.47229,0.198046,0.545201,0.48586,0.374068,0.445212,0.612289,0.649642,0.659163,0.438955,0.640677,0.223214,0.558774,0.549401,0.49816,0.577638,0.309108
period4,0.693846,1,1,0.901667,0.501667,0.0116765,0.00268815,0.00180314,0.0116765,0.00268815,0.0016129,0.00169727,0.0116765,0.00268815,0.00294714,0.00268815,0.00166667,0.0348818,0.00180314,0.00268815,0.00180314,0.00180314,0.00180314,0.00268815,0.00268815,0.00182864,0.001716,0.001716,0.66747,0.257734,0.40328,0.378181,0.66352,0.143014,0.279196,0.0692112,0.135819,0.474066,0.425506,0.483259,0.579133,0.312032,0.370648,0.636184,0.695382,0.533882,0.598488
period5,0.755385,1,1,0.919672,0.739344,0.0264014,0.00284132,0.00181822,0.0139905,0.00291599,0.0016129,0.00169727,0.0139905,0.00291599,0.00319102,0.00291599,0.0508197,0.349084,0.00181822,0.00291599,0.00182557,0.00182557,0.00182557,0.00291599,0.00291599,0.00185265,0.00171749,0.00171749,0.280171,0.45947,0.548556,0.095616,0.832714,0.364695,0.492212,0.464019,0.440179,0.172468,0.698483,0.590657,0.398955,0.592973,0.494682,0.646592,0.770772,0.446312,0.410187
period6,0.816923,1,1,0.952459,0.870492,0.0684853,0.0302909,0.00254892,0.14899,0.00290175,0.0177419,0.00242188,0.0148155,0.00290175,0.00399598,0.00299722,0.0508197,0.632018,0.00254892,0.00290175,0.00182417,0.00182417,0.00183357,0.00299722,0.00299722,0.00193191,0.00178943,0.00178943,0.326715,0.589815,0.0707366,0.27589,0.551635,0.463967,0.798966,0.499294,0.157078,0.765842,0.629326,0.587409,0.470325,0.238891,0.228699,0.47796,0.256483,0.488938,0.672496
period7,0.847692,1,1,0.952459,0.903279,0.132857,0.0768071,0.0284211,0.22857,0.00297142,0.066129,0.0160793,0.0371445,0.060114,0.00472793,0.00336169,0.0508197,0.734481,0.00281877,0.0315427,0.00183103,0.00274308,0.00186946,0.00336169,0.00336169,0.00200398,0.00248956,0.001816,0.551357,0.435683,0.654608,0.484362,0.204515,0.561764,0.629054,0.400797,0.197276,0.300382,0.571277,0.652255,0.55856,0.540679,0.476808,0.424602,0.541357,0.653499,0.339095
period8,0.847692,1,1,1,0.903279,0.160204,0.0903672,0.0544711,0.406322,0.0590501,0.130645,0.0610413,0.0371445,0.199161,0.0047566,0.00336169,0.0508197,0.7755,0.0157423,0.0730612,0.00272354,0.09584,0.00186946,0.00336169,0.0219339,0.0020068,0.00263947,0.00232502,0.352231,0.863202,0.416766,0.414779,0.511316,0.739808,0.363076,0.386728,0.531753,0.575085,0.438052,0.259138,0.496739,0.529597,0.45687,0.47136,0.314509,0.596019,0.33262
period9,0.909231,1,1,1,0.952459,0.159127,0.13317,0.109416,0.482044,0.207534,0.179032,0.152206,0.0270245,0.295178,0.00434092,0.0028715,0.0508197,0.819639,0.0428307,0.163712,0.0721154,0.213813,0.00182119,0.0028715,0.0163837,0.00196588,0.00277816,0.00261459,0.53424,0.331926,0.2092,0.626999,0.226746,0.521337,0.506272,0.737935,0.39086,0.411918,0.480882,0.564273,0.285722,0.262028,0.291918,0.571982,0.669776,0.488656,0.2249
period10,0.924615,1,1,1,0.952459,0.219179,0.149112,0.138459,0.517708,0.343243,0.21129,0.184132,0.025136,0.461576,0.00427835,0.00278003,0.0508197,0.831162,0.111348,0.22491,0.246124,0.334784,0.00181219,0.00278003,0.015348,0.00195971,0.00282516,0.0151682,0.516805,0.329201,0.529984,0.533258,0.421648,0.801564,0.274443,0.47232,0.477037,0.408581,0.268452,0.297407,0.564761,0.610294,0.121996,0.726085,0.396593,0.160638,0.787787
period11,0.924615,1,1,1,0.985246,0.264185,0.208478,0.155826,0.592733,0.373506,0.259677,0.18634,0.0252411,0.477234,0.0043811,0.0154056,0.0836066,0.906347,0.11413,0.269778,0.319047,0.393495,0.00230871,0.00278511,0.0154056,0.00196983,0.00286183,0.0281845,0.318721,0.517057,0.420798,0.362734,0.231366,0.474992,0.494818,0.385196,0.701549,0.432951,0.687716,0.326428,0.599391,0.525464,0.446079,0.242416,0.462035,0.465247,0.409767
period12,0.924615,1,1,1,0.985246,0.338855,0.20927,0.184313,0.652469,0.373783,0.324194,0.219175,0.0252411,0.566558,0.00437995,0.0154056,0.1,0.906347,0.114556,0.314468,0.348034,0.453399,0.00230871,0.00278511,0.0154056,0.00196972,0.00288515,0.0282832,0.718814,0.591026,0.448545,0.232192,0.725377,0.488088,0.412629,0.657106,0.683016,0.460892,0.496646,0.611396,0.605669,0.560433,0.350203,0.122412,0.549892,0.290322,0.756858
period13,0.924615,1,1,1,0.985246,0.413525,0.23932,0.18597,0.697271,0.373966,0.356452,0.282009,0.0252411,0.62617,0.0044213,0.0154056,0.1,0.906347,0.143737,0.418472,0.348202,0.571003,0.00230871,0.00278511,0.0154056,0.00197379,0.0028938,0.0420645,0.187512,0.615297,0.183002,0.829323,0.35264,0.17981,0.744173,0.331818,0.547029,0.491004,0.426056,0.820649,0.663172,0.559151,0.513233,0.549817,0.535508,0.58359,0.48722
period14,0.924615,1,1,1,0.985246,0.458327,0.283936,0.187535,0.786875,0.389138,0.420968,0.330463,0.0252411,0.700919,0.00448052,0.0154056,0.116393,0.906347,0.187535,0.448525,0.363321,0.645631,0.00230871,0.00278511,0.0154056,0.00197962,0.0162973,0.0698787,0.336008,0.237484,0.554929,0.201197,0.287624,0.458018,0.280303,0.0814919,0.337024,0.521591,0.126177,0.507681,0.704175,0.360325,0.411602,0.479207,0.728208,0.229081,0.754766
period15,0.924615,1,1,1,0.985246,0.532997,0.358368,0.203685,0.816743,0.404097,0.477778,0.372926,0.0252411,0.760494,0.00457438,0.0154056,0.116393,0.906347,0.246689,0.478347,0.378245,0.690543,0.00230871,0.00278511,0.0154056,0.00198886,0.0164983,0.0988745,0.522829,0.32264,0.674797,0.346581,0.433839,0.139201,0.597655,0.387661,0.294612,0.363935,0.429563,0.189586,0.309153,0.489117,0.386587,0.279783,0.478614,0.44242,0.248318
period16,0.991781,1,1,1,0.99847,0.635721,0.416209,0.249681,0.895465,0.434387,0.493651,0.41955,0.0188279,0.866129,0.00433955,0.0118884,0.14918,1,0.295926,0.56231,0.421913,0.758686,0.00213835,0.00247448,0.0118884,0.00196574,0.0323742,0.136177,0.290743,0.678802,0.476919,0.222728,0.474146,0.563692,0.724345,0.339914,0.449563,0.395284,0.518743,0.527096,0.408967,0.24679,0.522847,0.455225,0.277247,0.355481,0.273156
period17,1,1,1,1,0.996802,0.688276,0.435129,0.298307,0.900709,0.452956,1,1,0.018295,0.887227,0.00433239,0.0115961,1,1,0.344928,0.565545,0.424758,0.842409,0.00212419,0.00244866,0.0115961,0.00196504,0.0328476,0.197982,1,0.700769,0.488112,0.0351515,0.664108,0.782081,0.45247,0.411802,0.437413,0.314622,0.16078,0.510866,0.620996,0.374901,0.474955,0.512644,0.367314,0.679879,0.638123
period18,1,1,1,1,0.996802,0.737299,0.531848,0.300237,0.91705,0.453011,1,1,0.018295,0.887404,0.00441343,0.0115961,1,1,0.409735,0.58172,0.42481,0.858421,0.00212419,0.00244866,0.0115961,0.00197301,0.0330461,0.245837,1,0.296602,0.61587,0.526606,0.891322,0.421949,0.403467,0.395917,0.662184,0.515198,0.463315,0.440005,0.534543,0.380481,0.254328,0.216156,0.38507,0.608852,0.429088
period19,1,1,1,1,0.996802,0.75364,0.612226,0.348364,0.91705,0.453011,1,1,0.050977,0.903492,0.0050157,0.0155494,1,1,0.458251,0.58172,0.440431,0.874448,0.00231567,0.00280511,0.0155494,0.00203232,0.0333226,0.293258,1,0.65144,0.478975,0.905877,0.147242,0.618549,0.433512,0.585435,0.238913,0.170396,0.498839,0.359183,0.359416,0.500321,0.462228,0.785998,0.643444,0.459232,0.602487
