period5,1,1,1,1,0.739344,0.0224171,0.00264833,0.00179922,0.00598725,0.00212798,0.0016129,0.00169727,0.00598725,0.00212798,0.00238728,0.00212798,0.0508197,0.449594,0.00179922,0.00212798,0.00174799,0.00174799,0.00174799,0.00212798,0.00212798,0.00177352,0.00171562,0.00171562,0.280171,0.45947,0.548556,0.095616,0.832714,0.365359,0.492212,0.46409,0.440245,0.172468,0.698483,0.590657,0.398955,0.592973,0.494682,0.646592,0.770772,0.446312,0.410187
period6,1,1,1,1,0.910169,0.953312,1,0.0333333,0.177939,0.00311228,0.0177419,0.00242188,0.00620884,0.00311228,0.0337473,0.00214979,0.0508197,0.796167,0.0333333,0.00311228,0.0018449,0.0018449,0.00175013,0.00214979,0.00214979,0.00486127,0.00482051,0.00482051,0.326715,0.589815,0.0707366,0.267411,0.563115,0.367374,0.816952,0.219446,0.222114,0.765842,0.629326,0.587409,0.470325,0.238891,0.228699,0.476328,0.256779,0.493149,0.670401
period7,1,1,1,1,0.930472,0.981386,1,0.35,0.257848,0.00309585,1,1,0.02523,0.0675578,0.0187692,0.00278458,0.0508197,0.872624,0.0166667,0.0353268,0.00184328,0.00287975,0.00181264,0.00278458,0.00278458,0.0033865,0.0126984,0.00317949,0.391475,0.386321,0.290125,0.480998,0.202412,0.380411,0.633469,0.604243,0.388213,0.365121,0.590419,0.669919,0.558077,0.158633,0.308557,0.423914,0.541135,0.654798,0.338919
period8,1,1,1,1,0.943196,0.984524,1,0.585714,0.478963,0.0691236,1,1,0.0242074,0.234283,0.0163606,0.00273505,0.0508197,0.933718,0.157143,0.0856396,0.0029085,0.112395,0.00180776,0.00273505,0.0148388,0.00314936,0.0123934,0.00917411,0.0936945,0.51882,0.0912941,0.417561,0.511593,0.1429,0.364743,0.041971,0.111507,0.59124,0.434302,0.287821,0.50496,0.155549,0.410527,0.471346,0.314502,0.595331,0.332926
period9,1,1,1,1,0.985195,0.989034,1,1,0.536753,0.230744,1,1,0.0191083,0.328335,0.0117197,0.00248806,0.0508197,0.920812,0.31,0.181948,0.0799612,0.237581,0.00178344,0.00248806,0.0120422,0.00269241,0.0111111,0.0088629,0.229076,0.250853,0.107975,0.634999,0.229251,0.351902,0.512682,0.394634,0.36533,0.437495,0.481629,0.620498,0.265835,0.213515,0.358139,0.571789,0.669807,0.488928,0.224787
period10,1,1,1,1,0.992575,0.990302,1,1,0.573922,0.380163,1,1,0.0187531,0.511345,0.0107957,0.00247086,0.0508197,0.927212,0.736364,0.248981,0.272342,0.370565,0.00178175,0.00247086,0.0118474,0.00260143,0.00909091,0.0904625,0.756145,0.368887,0.475508,0.550419,0.426524,0.412202,0.267835,0.382696,0.380512,0.439202,0.263592,0.318954,0.560531,0.498186,0.455546,0.727625,0.397295,0.16382,0.785564
period11,1,1,1,1,0.994597,0.993129,1,1,0.63806,0.401775,1,1,0.0184757,0.513436,0.00839106,0.0116953,0.0836066,0.980463,0.54,0.290114,0.343004,0.423114,0.00212899,0.00245742,0.0116953,0.00236466,0.00833333,0.126807,0.33749,0.297946,0.406449,0.363149,0.231079,0.249435,0.497389,0.319131,0.684844,0.436109,0.687206,0.35273,0.599185,0.425466,0.353806,0.242408,0.462038,0.465459,0.409664
period12,1,1,1,1,0.995772,0.993255,1,1,0.703993,0.402941,1,1,0.0183794,0.610939,0.00838207,0.0116424,0.1,0.981503,1,0.338942,0.374988,0.488626,0.00212643,0.00245275,0.0116424,0.00236377,0.00714286,0.233333,0.743615,0.502042,0.33345,0.231373,0.729745,0.540126,0.416118,0.619659,0.068206,0.413385,0.505326,0.626675,0.602376,0.549292,0.338779,0.122916,0.549621,0.290015,0.757007
period13,1,1,1,1,0.996523,0.99419,1,1,0.753457,0.403676,1,1,0.0183178,0.676203,0.00760638,0.0116087,0.1,0.982167,1,0.451769,0.375667,0.616281,0.0021248,0.00244977,0.0116087,0.0022874,0.00714286,0.281818,0.107423,0.62601,0.0141122,0.834017,0.352843,0.402232,0.748049,0.439308,0.372902,0.468952,0.426604,0.820043,0.663014,0.669859,0.450643,0.549874,0.535503,0.584973,0.487544
period14,1,1,1,1,0.996863,0.995151,1,1,0.851733,0.420579,1,1,0.0182899,0.758058,0.00673754,0.0115934,0.116393,0.982469,1,0.484861,0.392468,0.69781,0.00212405,0.00244842,0.0115934,0.00220185,0.0785714,0.364286,0.53402,0.168344,0.286561,0.201141,0.284949,0.74806,0.280167,0.204197,0.451672,0.486657,0.130813,0.506516,0.70427,0.217342,0.370947,0.478115,0.727914,0.229093,0.754765
period15,1,1,1,1,0.997298,0.996233,1,1,0.884759,0.436993,1,1,0.0182543,0.823069,0.00575241,0.0115738,0.116393,0.982854,1,0.517425,0.408821,0.746775,0.00212311,0.00244669,0.0115738,0.00210485,0.0733333,0.394444,0.554499,0.588295,0.672706,0.348073,0.435151,0.120166,0.602791,0.224161,0.25313,0.363515,0.429356,0.292018,0.289417,0.359313,0.429171,0.28033,0.478542,0.442417,0.248317
period16,1,1,1,1,0.997554,0.996594,1,1,0.901314,0.437158,1,1,0.0182333,0.87172,0.0054595,0.0115623,0.14918,0.98308,1,0.565917,0.424588,0.763525,0.00212255,0.00244567,0.0115623,0.00207601,0.123529,0.455,0.579768,0.697775,0.305219,0.222956,0.474046,0.462926,0.723754,0.327647,0.355252,0.505704,0.472319,0.522627,0.408963,0.261152,0.659326,0.455202,0.27724,0.35554,0.27316
period17,1,1,1,1,0.995173,0.996645,1,1,0.899402,0.452313,1,1,0.0184284,0.885953,0.00534845,0.0116693,0.146774,0.980973,1,0.564738,0.424159,0.841214,0.00212773,0.00245513,0.0116693,0.00206508,0.105,0.569565,1,0.700769,0.488112,0.0356172,0.663518,0.86036,0.452148,0.404684,0.805719,0.314622,0.16078,0.510866,0.620996,0.374901,0.474955,0.512963,0.367213,0.679726,0.638166
period18,1,1,1,1,0.995388,0.996236,1,1,0.915892,0.452453,1,1,0.0184108,0.886296,0.00472811,0.0116597,0.146774,0.981163,1,0.580999,0.424289,0.857363,0.00212727,0.00245427,0.0116597,0.002004,0.105,0.596296,1,0.296602,0.61587,0.526284,0.890764,1,0.403379,0.324973,0.582671,0.515198,0.463315,0.440005,0.534543,0.380481,0.254328,0.216347,0.385115,0.609026,0.42917
period19,1,1,1,1,0.995513,0.996793,1,1,0.915994,0.452502,1,1,0.0510403,0.902465,0.0042661,0.0155667,0.146774,0.981274,1,0.581063,0.439939,0.873466,0.00231651,0.00280659,0.0155667,0.00195851,0.0913043,0.636667,1,0.65144,0.478975,0.90509,0.147479,1,0.433126,0.447398,0.245829,0.170396,0.498839,0.359183,0.359416,0.500321,0.462228,0.785891,0.643397,0.459047,0.602586
period20,1,1,1,1,0.995819,0.999883,1,1,0.930412,0.434508,1,1,0.0527408,0.899714,0.0218985,0.0160825,0.151667,0.981046,1,0.617267,0.421553,0.869747,0.00239109,0.00289729,0.0160825,0.00267251,0.084,0.639394,1,0.374029,0.422619,0.0935299,0.313066,1,0.389594,0.469217,0.706173,0.511997,0.514632,0.457839,0.527886,0.532815,0.323237,0.573718,0.754488,0.687514,0.479964
period21,1,1,1,1,0.995779,0.999533,1,1,0.930378,0.434493,1,1,0.0527427,0.899682,0.039288,0.016083,0.151667,0.981011,1,0.617246,0.421538,0.869717,0.00239111,0.00289733,0.016083,0.00288454,0.0724138,0.679412,1,0.4152,0.450899,0.78623,0.402141,1,0.886829,0.574326,0.451655,0.530797,0.434354,0.775223,0.416897,0.623449,0.208942,0.338704,0.340007,0.443823,0.439606
period22,1,1,1,1,0.99994,0.999388,1,1,0.998174,0.465243,1,1,0.0694934,0.998866,0.038648,0.0168657,1,1,1,0.679138,0.45118,1,0.00242898,0.002967,0.0168657,0.0157469,1,0.759459,1,0.885165,1,0.26062,0.645678,1,1,0.675383,0.463209,0.279216,0.563637,0.333479,0.265402,0.487367,0.655982,0.288781,0.268714,0.540859,0.361624
period23,1,1,1,1,0.999957,0.998167,1,1,0.998478,0.45722,1,1,0.0694928,0.998995,0.0385515,0.0168656,1,1,1,0.70246,0.443446,1,0.00242898,0.00296699,0.0168656,0.0157117,1,0.771795,1,0.691087,1,0.403313,0.636051,1,1,0.566923,0.549517,0.270618,0.44177,0.197107,0.417584,0.102361,0.529456,0.700928,0.584806,0.320155,0.342096
period24,1,1,1,1,0.999957,0.997209,1,1,0.998358,0.435157,1,1,0.0927276,0.998915,0.0346675,0.0186802,1,1,1,0.680037,0.420408,1,0.00262594,0.00322559,0.0186802,0.014405,1,0.792105,1,0.585859,1,0.486533,0.927661,1,1,0.800349,0.479898,0.183149,0.599928,0.505242,0.722232,0.419357,0.415443,0.377178,0.455407,0.343648,0.739144
period25,1,1,1,1,0.999985,0.999144,1,1,0.998919,0.54506,1,1,0.212279,0.998922,0.183175,0.0359672,1,1,1,0.702784,0.462438,1,0.00289019,0.0196381,0.0196381,0.157627,1,0.897917,1,0.784248,1,0.820124,0.745446,1,1,0.451192,0.429733,0.54864,0.483352,0.772837,0.599464,0.4941,0.211217,0.343342,0.721333,0.384356,0.574386
