period5,1,0.939899,0.000502513,1,0.0200402,1,1,0.000869565,0.000869565,0.000589032,0.00056112,0.000558343,0.000558343,0.000558343,0.000589032,0.000616832,0.000589032,0.000647588,0.00056112,0.000558066,0.00056112,0.00056112,0.000619102,0.000619102,0.000558066,0.564259,0.15714,0.302611,0.0478306,0.78358,0.87376,0.303622,0.827618,0.762086,0.450388,0.135075,0.0498147,0.545755,0.337171,0.135325,0.271946,0.301888,0.34434,0.240491,0.439679,0.55091,0.455074,0.310176,0.68569
period6,1,0.990404,0.000502513,1,0.00718952,1,1,0.0122093,0.00639535,0.000821588,0.000584259,0.000560645,0.000560645,0.000560645,0.000821588,0.000642189,0.000908393,0.000911681,0.000584259,0.000558295,0.000584259,0.000584259,0.000623696,0.000623696,0.000558295,0.520551,0.818876,0.653402,0.752902,0.550052,0.785847,0.798924,0.336666,0.401177,0.249402,0.318281,0.362049,0.631914,0.0274365,0.513166,0.471626,0.526564,0.442655,0.192068,0.102414,0.168325,0.750554,0.214117,0.516605
period7,1,0.995455,0.000502513,1,0.00504774,1,1,0.0782383,0.31658,0.00100585,0.000602592,0.000562469,0.000562469,0.000562469,0.00100585,0.000662486,0.0303293,0.00225344,0.000602592,0.000558477,0.000602592,0.000602592,0.000627356,0.000627356,0.000558477,0.292108,0.516109,0.663221,0.530664,0.929006,0.12941,0.624641,0.229324,0.979158,0.37143,0.529091,0.830713,0.696142,0.405071,0.410234,0.718523,0.472731,0.41389,0.311027,0.422667,0.640125,0.748016,0.447023,0.406675
period8,1,0.995455,0.00552764,1,0.00437766,1,1,0.152792,0.731472,0.000992696,0.000601283,0.000562339,0.000562339,0.000562339,0.00603733,0.000863519,0.0798545,0.00219453,0.000601283,0.000558464,0.000803868,0.000803868,0.000666883,0.000666883,0.000558464,0.857828,0.285925,0.600774,0.376388,0.476672,0.276036,0.5865,0.450068,0.110334,0.484998,0.254557,0.469785,0.576922,0.152407,0.403115,0.819253,0.435314,0.519451,0.68023,0.300431,0.183515,0.667908,0.674263,0.499076
period9,1,0.995455,0.0256281,1,0.0115623,1,1,0.325381,0.858376,0.000977008,0.000599722,0.000562183,0.000562183,0.000562183,0.339278,0.00105887,0.171199,0.00200908,0.000599722,0.000558448,0.00598887,0.0459039,0.000906386,0.000906386,0.000558448,0.227815,0.771841,0.512484,0.966939,0.495032,0.872373,0.800674,0.532079,0.571467,0.488565,0.435255,0.545066,0.600516,0.404199,0.512027,0.746497,0.291624,0.568927,0.432495,0.497049,0.818498,0.697318,0.483544,0.493483
period10,1,0.995455,0.307035,1,0.0146185,1,1,0.670558,0.914213,0.0009566,0.000597692,0.000561981,0.000561981,0.000561981,0.687879,0.00105668,0.29342,0.0131854,0.000597692,0.000558428,0.0662707,0.548288,0.00108012,0.00108012,0.000558428,0.785696,0.391558,0.674531,0.388696,0.896246,0.344211,0.527396,0.541254,0.373701,0.379166,0.816563,0.442922,0.465658,0.394449,0.240578,0.51023,0.583095,0.310785,0.483392,0.684459,0.303909,0.750169,0.445045,0.764639
period11,1,0.995455,0.568342,1,0.0322023,1,1,0.99906,0.934518,0.00599314,0.000801681,0.000582278,0.000582278,0.000582278,0.773813,0.00107355,1,0.0514301,0.000801681,0.000560448,0.126613,0.674312,0.00109535,0.00109535,0.000560448,0.44986,0.516703,0.0557007,0.563479,0.666439,0.92742,0.125718,0.214574,0.509907,0.571482,0.265692,0.377415,0.503001,0.689005,0.516325,0.543791,0.390963,0.299905,0.327138,0.179844,0.455534,0.719378,0.614475,0.814593
period12,1,0.995455,0.688945,1,0.0981642,1,1,0.999319,0.970051,0.0160366,0.000902938,0.000592353,0.000592353,0.000592353,0.809255,0.00108113,1,0.194295,0.000902938,0.00056145,0.232208,0.734851,0.00110305,0.00110305,0.00056145,0.479985,0.42762,0.302416,0.568205,0.254182,0.375531,0.283689,0.686658,0.797835,0.412155,0.487901,0.20638,0.432336,0.508273,0.655102,0.441592,0.825377,0.490564,0.388974,0.693387,0.666438,0.535265,0.469455,0.539679
period13,1,0.995455,0.769347,1,0.144823,1,1,0.999409,0.970051,0.0311937,0.000947596,0.000596796,0.000596796,0.000596796,0.839569,0.00108273,1,0.383198,0.000947596,0.000561892,0.332795,0.765148,0.00110565,0.00110565,0.000561892,0.583399,0.187529,0.552035,0.42996,0.444676,0.292102,0.431147,0.327631,0.708336,0.256447,0.438958,0.710521,0.655083,0.473056,0.493028,0.49853,0.559086,0.578917,0.477029,0.210683,0.701158,0.432622,0.294028,0.56317
period14,1,0.995455,0.824623,1,0.21124,1,1,1,0.975127,0.117067,0.0107451,0.000860329,0.000860329,0.000860329,0.874938,0.00141438,1,0.457276,0.000989447,0.000588113,0.363027,0.785411,0.00113897,0.00113897,0.000588113,0.589999,0.0732086,0.634108,0.281984,0.31515,0.591861,0.651023,0.646021,0.700307,0.0872956,0.249415,0.254111,0.331454,0.678422,0.6493,0.32699,0.569685,0.256105,0.320116,0.30771,0.274589,0.430119,0.346936,0.443888
period15,1,0.995455,0.864824,1,0.245539,1,1,1,0.998324,0.186757,0.0312886,0.0054187,0.000948903,0.000948903,0.900584,0.00161157,1,1,0.00100367,0.000773249,0.402316,0.82945,0.00116286,0.00116286,0.000596926,0.584013,0.230835,0.498052,0.783096,0.447507,0.191717,0.687684,0.272247,0.664557,0.895646,0.780416,0.458863,0.412628,0.0206507,0.196646,0.7006,0.250079,0.240408,0.828078,0.443315,0.401004,0.765734,0.521804,0.465539
period16,1,0.995431,0.879293,1,0.264145,1,1,1,0.998299,0.262988,0.107214,0.0107384,0.00586509,0.0107384,0.906222,0.00233265,1,1,0.00100711,0.00444215,0.43101,0.850841,0.00123726,0.00123726,0.000862673,0.706078,0.293406,0.356712,0.525349,0.402353,0.278376,0.350837,0.55086,0.361516,0.297282,0.251039,0.323326,0.34606,0.551307,0.513977,0.456617,0.528931,0.425646,0.524328,0.70194,0.373487,0.541377,0.576842,0.537631
period17,1,0.995408,0.898985,1,0.287393,1,1,1,0.998885,0.335221,0.168622,0.0555571,0.00596235,0.0109218,0.906748,0.00740209,1,1,0.00101153,0.00560049,0.446646,0.856476,0.0016141,0.0016141,0.00451189,0.640605,0.555463,0.689797,0.386371,0.463792,0.333499,0.633565,0.218351,0.45871,0.698916,0.47435,0.413896,0.578001,0.475651,0.438283,0.607122,0.511049,0.411354,0.818187,0.694424,0.277414,0.463958,0.289296,0.830561
period18,1,0.995408,0.919289,1,0.312855,1,1,1,0.998983,0.42794,0.23536,0.111175,0.0310531,0.0260454,0.922283,0.0169969,1,1,0.00101126,0.0154924,0.446714,0.861741,0.003971,0.00217078,0.00528226,0.0392664,0.824577,0.0475282,0.241752,0.538554,0.155171,0.947883,0.694495,0.319363,0.111877,0.395688,0.295961,0.480427,0.473067,0.546503,0.410344,0.645658,0.486264,0.868262,0.31241,0.450215,0.40696,0.629082,0.601555
period19,1,0.995385,0.929082,1,0.35558,1,1,1,1,0.513472,0.319367,0.163233,0.0466388,0.0466388,0.938342,0.0270406,1,1,0.00101505,0.0653089,0.459786,0.872244,0.00878499,0.00473432,0.0149678,0.532567,0.779128,0.684932,0.515819,0.109386,0.726795,0.313575,0.432773,0.43013,0.185575,0.712891,0.528915,0.794499,0.887118,0.483361,0.246232,0.541561,0.410909,0.415951,0.503761,0.265756,0.517914,0.325972,0.47976
period20,1,0.995337,0.928351,1,0.380015,1,1,1,1,0.62356,0.416728,0.211963,0.0627637,0.0987772,0.942932,0.0327528,1,1,0.00621789,0.107001,0.480209,0.881346,0.0117595,0.00956619,0.0207643,0.641044,0.214237,0.47422,0.549481,0.513182,0.798988,0.744285,0.927381,0.438806,0.737946,0.138291,0.471773,0.558781,0.407942,0.492849,0.783451,0.305765,0.59675,0.775641,0.462942,0.629587,0.572395,0.630714,0.34336
period21,1,0.995288,0.927604,1,0.399622,1,1,1,1,0.698942,0.46874,0.287489,0.0739518,0.115618,0.942328,0.0334163,1,1,0.00628249,0.149912,0.490528,0.885358,0.0143604,0.00982291,0.031184,0.441588,0.638106,0.219855,0.516351,0.339975,0.534758,0.378982,0.551844,0.371986,0.407812,0.437584,0.60362,0.413088,0.169486,0.162311,0.580741,0.38561,0.298953,0.632953,0.241388,0.393324,0.401682,0.167738,0.650587
period22,1,0.995238,0.942632,1,0.427298,1,1,1,1,0.759893,0.569623,0.359697,0.0801602,0.148726,0.947059,0.0380602,1,1,0.00634555,0.214779,0.495751,0.894793,0.0150838,0.0103259,0.0574516,0.0668319,0.373863,0.58682,0.208584,0.656381,0.542412,0.578639,0.440362,0.302819,0.641567,0.69228,0.343302,0.487524,0.423031,0.468076,0.496834,0.45879,0.644005,0.279192,0.431816,0.760022,0.255251,0.561975,0.475063
period23,1,0.995161,0.941711,1,0.445065,1,1,1,1,0.78973,0.688706,0.438844,0.118515,0.203936,0.941081,0.0488699,1,1,0.0064224,0.276001,0.506486,0.893674,0.0187639,0.0112274,0.0951815,0.5455,0.954152,0.851483,0.15072,0.705065,0.134392,0.894833,0.177283,0.119727,0.627748,0.496408,0.795015,0.0884372,0.222986,0.250243,0.534999,0.653097,0.561588,0.200127,0.46645,0.54313,0.375294,0.534554,0.563439
period24,1,0.995109,0.957297,1,0.460904,1,1,1,1,0.831148,0.718123,0.530215,0.136057,0.244046,0.945902,0.0613381,1,1,0.00648724,0.338485,0.506563,0.892534,0.0196347,0.0112602,0.139009,0.215868,0.724798,0.743625,0.644409,0.714098,0.398271,0.455616,0.529533,0.239672,0.706914,1,0.780987,0.31195,0.84454,0.444226,0.329448,0.65947,0.353512,0.441852,0.381651,0.547262,0.469082,0.370925,0.681324
