period3,0.232308,1,1,0.518966,0.0534483,0.00551911,0.00208188,0.00174345,0.00551911,0.00208188,0.0016129,0.00169727,0.00551911,0.00208188,0.00228476,0.00208188,0.00172414,0.00551911,0.00174345,0.00208188,0.00174345,0.00174345,0.00174345,0.00208188,0.00208188,0.00176342,0.00171012,0.00171012,0.44062,0.233525,0.47229,0.198046,0.545201,0.48586,0.374068,0.445212,0.612289,0.649642,0.659163,0.438955,0.640677,0.223214,0.558774,0.549401,0.49816,0.577638,0.309108
period4,0.693846,1,1,0.901667,0.501667,0.0116765,0.00268815,0.00180314,0.0116765,0.00268815,0.0016129,0.00169727,0.0116765,0.00268815,0.00294714,0.00268815,0.00166667,0.0348818,0.00180314,0.00268815,0.00180314,0.00180314,0.00180314,0.00268815,0.00268815,0.00182864,0.001716,0.001716,0.66747,0.257734,0.40328,0.378181,0.66352,0.143014,0.279196,0.0692112,0.135819,0.474066,0.425506,0.483259,0.579133,0.312032,0.370648,0.636184,0.695382,0.533882,0.598488
period5,0.755385,1,1,0.919672,0.739344,0.0264014,0.00284132,0.00181822,0.0139905,0.00291599,0.0016129,0.00169727,0.0139905,0.00291599,0.00319102,0.00291599,0.0508197,0.349084,0.00181822,0.00291599,0.00182557,0.00182557,0.00182557,0.00291599,0.00291599,0.00185265,0.00171749,0.00171749,0.280171,0.45947,0.548556,0.095616,0.832714,0.364695,0.492212,0.464019,0.440179,0.172468,0.698483,0.590657,0.398955,0.592973,0.494682,0.646592,0.770772,0.446312,0.410187
period6,0.816923,1,1,1,0.870492,0.0684853,0.0302909,0.00254892,0.14899,0.00290175,0.0177419,0.00242188,0.0148155,0.00290175,0.00399598,0.00299722,1,0.632018,0.00254892,0.00290175,0.00182417,0.00182417,0.00183357,0.00299722,0.00299722,0.00193191,0.00178943,0.00178943,0.326715,0.589815,0.0707366,0.27589,0.551635,0.463967,0.798966,0.499294,0.157078,0.765842,0.629326,0.587409,0.470325,0.238891,0.228699,0.47796,0.256483,0.488938,0.672496
period7,0.847692,1,1,1,0.903279,0.132857,0.0768071,0.0284211,0.22857,0.00297142,0.066129,0.0160793,0.0371445,0.060114,0.00472793,0.00336169,1,0.734481,0.00281877,0.0315427,0.00183103,0.00274308,0.00186946,0.00336169,0.00336169,0.00200398,0.00248956,0.001816,0.551357,0.435683,0.654608,0.484362,0.204515,0.561764,0.629054,0.400797,0.197276,0.300382,0.571277,0.652255,0.55856,0.540679,0.476808,0.424602,0.541357,0.653499,0.339095
period8,0.847692,1,1,1,0.903279,0.160204,0.0903672,0.0544711,0.406322,0.0590501,0.130645,0.0610413,0.0371445,0.199161,0.0047566,0.00336169,1,0.7755,0.0157423,0.0730612,0.00272354,0.09584,0.00186946,0.00336169,0.0219339,0.0020068,0.00263947,0.00232502,0.352231,0.863202,0.416766,0.414779,0.511316,0.739808,0.363076,0.386728,0.531753,0.575085,0.438052,0.259138,0.496739,0.529597,0.45687,0.47136,0.314509,0.596019,0.33262
period9,1,1,1,1,0.952459,0.165425,0.138369,0.113618,0.520579,0.223882,0.179032,0.152206,0.0201348,0.318533,0.00403099,0.00253778,1,0.891877,0.044433,0.176557,0.0776417,0.230555,0.00178834,0.00253778,0.0126052,0.00193536,0.00281747,0.00265206,0.53424,0.331926,0.2092,0.626999,0.226746,0.520051,0.506272,0.735876,0.390707,0.411918,0.480882,0.564273,0.285722,0.262028,0.291918,0.571982,0.669776,0.488656,0.2249
period10,1,1,1,1,0.952459,0.229206,0.155844,0.144628,0.552074,0.365814,0.21129,0.184132,0.0193424,0.492002,0.00403628,0.0024994,1,0.891085,0.116292,0.239625,0.262152,0.356658,0.00178456,0.0024994,0.0121706,0.00193588,0.00287002,0.0157639,0.516805,0.329201,0.529984,0.533258,0.421648,0.796502,0.274443,0.471611,0.476273,0.408581,0.268452,0.297407,0.564761,0.610294,0.121996,0.726085,0.396593,0.160638,0.787787
period11,1,1,1,1,0.985246,0.277667,0.219011,0.163599,0.633002,0.39862,0.259677,0.18634,0.0192421,0.509396,0.00412911,0.0121156,1,0.972185,0.119797,0.287845,0.340331,0.419808,0.00214935,0.00249454,0.0121156,0.00194502,0.00291222,0.0294969,0.318721,0.517057,0.420798,0.362734,0.231366,0.47082,0.494818,0.384317,0.701326,0.432951,0.687716,0.326428,0.599391,0.525464,0.446079,0.242416,0.462035,0.465247,0.409767
period12,1,1,1,1,0.985246,0.358425,0.221222,0.194728,0.697608,0.399328,0.324194,0.219175,0.0192421,0.60544,0.00414031,0.0121156,1,0.972185,0.120987,0.335909,0.371648,0.484261,0.00214935,0.00249454,0.0121156,0.00194612,0.00293951,0.0297724,0.718814,0.591026,0.448545,0.232192,0.725377,0.489645,0.412629,0.65654,0.673723,0.460892,0.496646,0.611396,0.605669,0.560433,0.350203,0.122412,0.549892,0.290322,0.756858
period13,1,1,1,1,0.985246,0.439183,0.254006,0.197257,0.746063,0.399766,0.356452,0.282009,0.0192421,0.669618,0.00418529,0.0121156,1,0.972185,0.152432,0.447387,0.372053,0.610322,0.00214935,0.00249454,0.0121156,0.00195055,0.00295271,0.0444991,0.187512,0.615297,0.183002,0.829323,0.35264,0.189639,0.744173,0.333893,0.543667,0.491004,0.426056,0.820649,0.663172,0.559151,0.513233,0.549817,0.535508,0.58359,0.48722
period14,1,1,1,1,0.998482,0.492846,0.305105,0.201355,0.852954,0.421171,0.995507,1,0.0181572,0.759134,0.00419744,0.0115206,1,1,0.201355,0.485545,0.393017,0.698792,0.00212053,0.00244199,0.0115206,0.00195175,0.0173566,0.0748865,0.532483,0.168881,0.288643,0.201133,0.284576,0.476668,0.280148,0.0851195,0.340414,0.486928,0.130777,0.506525,0.70427,0.218451,0.371262,0.477963,0.727873,0.229095,0.754765
period15,1,1,1,1,0.99969,0.984269,0.982443,0.554141,0.886641,0.437903,0.995999,1,0.0180582,0.824801,0.00569174,0.0114663,1,1,0.985607,0.518506,0.409667,0.74833,0.0021179,0.0024372,0.0114663,0.00209888,0.0415112,1,0.554257,0.586259,0.672722,0.348369,0.435411,0.120658,0.60381,0.228635,0.254265,0.363518,0.429358,0.291233,0.289568,0.360308,0.428845,0.280438,0.478528,0.442417,0.248317
period16,1,1,1,1,0.999972,0.996708,1,1,1,0.483929,1,1,0.018035,0.966071,0.00544041,0.0114536,1,1,0.998028,0.626786,0.469732,0.845182,0.00211728,0.00243607,0.0114536,0.00207413,0.123529,1,1,0.697775,0.305219,0.222356,0.474308,0.462894,0.725314,0.327647,0.355252,0.505704,0.472319,0.522627,0.408963,0.300692,0.651969,0.455262,0.27726,0.355383,0.273149
period17,1,1,1,1,0.999946,0.996909,1,1,1,0.501786,1,1,0.0180373,0.983929,0.00531074,0.0114548,1,1,0.998911,0.626786,0.470257,0.933136,0.00211734,0.00243618,0.0114548,0.00206136,0.105,1,1,0.700769,0.488112,0.0342522,0.665246,0.860427,0.453092,0.404684,0.805719,0.314622,0.16078,0.510866,0.620996,0.374901,0.474955,0.512028,0.367508,0.680174,0.638041
period18,1,1,1,1,0.99995,0.997553,1,1,1,0.492982,1,1,0.0180369,0.966667,0.00469182,0.0114546,1,1,0.9987,0.633333,0.462054,0.934202,0.00211733,0.00243616,0.0114546,0.00200042,0.105,1,1,0.296602,0.61587,0.527323,0.892565,0.38252,0.403662,0.324973,0.582671,0.515198,0.463315,0.440005,0.534543,0.380481,0.254328,0.215729,0.384972,0.608466,0.428906
period19,1,1,1,1,0.999951,0.997903,1,1,1,0.492982,1,1,0.0508221,0.984211,0.00425941,0.015507,1,1,0.998518,0.633333,0.479053,0.951579,0.00231362,0.00280148,0.015507,0.00195785,0.0913043,1,1,0.65144,0.478975,0.9078,0.146664,0.566162,0.434454,0.447398,0.245829,0.170396,0.498839,0.359183,0.359416,0.500321,0.462228,0.78626,0.643557,0.459684,0.602245
period20,1,1,1,1,0.999952,0.997971,1,1,1,0.466071,1,1,0.0525447,0.966071,0.0218271,0.0160289,1,1,0.998917,0.6625,0.451979,0.933075,0.00238849,0.00289271,0.0160289,0.00266905,0.084,1,1,0.374029,0.422619,0.0922004,0.313707,0.74705,0.39013,0.469217,0.706173,0.511997,0.514632,0.457839,0.527886,0.532815,0.323237,0.573614,0.754483,0.687989,0.480026
period21,1,1,1,1,0.999952,0.998119,1,1,1,0.466071,1,1,0.0525447,0.966071,0.0391499,0.0160289,1,1,0.998683,0.6625,0.451979,0.933075,0.00238849,0.00289271,0.0160289,0.00288016,0.0724138,1,1,0.4152,0.450899,0.787715,0.402911,0.768072,0.889552,0.574326,0.451655,0.530797,0.434354,0.775223,0.416897,0.623449,0.208942,0.33837,0.339967,0.443548,0.43955
period22,1,1,1,1,0.999955,0.998454,1,1,1,0.466071,1,1,0.0694929,0.983929,0.0386477,0.0168656,1,1,0.998664,0.680357,0.451979,0.950746,0.00242898,0.00296699,0.0168656,0.0157468,0.065625,1,1,0.885165,0.333562,0.260623,0.645685,0.374352,0.372855,0.675383,0.463209,0.234034,0.556322,0.333479,0.265402,0.487367,0.655982,0.28878,0.268714,0.540859,0.361624
period23,1,1,1,1,0.999956,0.998576,1,1,1,0.457895,1,1,0.0694929,0.984211,0.0385515,0.0168656,1,1,0.998655,0.703509,0.444097,0.951629,0.00242898,0.00296699,0.0168656,0.0157117,0.065625,1,1,0.691087,0.606998,0.403313,0.636051,0.529447,0.471437,0.566923,0.549517,0.259496,0.447744,0.197107,0.417584,0.102361,0.529456,0.700928,0.584806,0.320155,0.342096
period24,1,1,1,1,0.999954,0.998768,1,1,1,0.435849,1,1,0.0927276,0.983019,0.0346675,0.0186802,1,1,0.998625,0.681132,0.421072,0.948021,0.00262594,0.00322559,0.0186802,0.014405,0.07,1,1,0.585859,0.546428,0.486533,0.927659,0.305823,0.726536,0.800349,0.479898,0.260259,0.616017,0.505242,0.722232,0.419357,0.415443,0.377178,0.455407,0.343648,0.739144
period25,1,1,1,1,0.999956,0.998863,1,1,1,0.545614,1,1,0.212276,0.984211,0.183172,0.0359667,1,1,0.998839,0.703509,0.462867,0.969197,0.00289018,0.0196378,0.0196378,0.157625,0.1275,1,1,0.784248,0.36668,0.820109,0.745427,0.242262,0.495399,0.451192,0.429733,0.262163,0.472901,0.772837,0.599464,0.4941,0.211217,0.343339,0.721333,0.384357,0.574386
