period3,0.232308,1,1,0.518966,0.0534483,0.00551911,0.00208188,0.00174345,0.00551911,0.00208188,0.0016129,0.00169727,0.00551911,0.00208188,0.00228476,0.00208188,0.00172414,0.00551911,0.00174345,0.00208188,0.00174345,0.00174345,0.00174345,0.00208188,0.00208188,0.00176342,0.00171012,0.00171012,0.44062,0.233525,0.47229,0.198046,0.545201,0.48586,0.374068,0.445212,0.612289,0.649642,0.659163,0.438955,0.640677,0.223214,0.558774,0.549401,0.49816,0.577638,0.309108
period4,0.693846,1,1,0.901667,0.501667,0.0116765,0.00268815,0.00180314,0.0116765,0.00268815,0.0016129,0.00169727,0.0116765,0.00268815,0.00294714,0.00268815,0.00166667,0.0348818,0.00180314,0.00268815,0.00180314,0.00180314,0.00180314,0.00268815,0.00268815,0.00182864,0.001716,0.001716,0.66747,0.257734,0.40328,0.378181,0.66352,0.143014,0.279196,0.0692112,0.135819,0.474066,0.425506,0.483259,0.579133,0.312032,0.370648,0.636184,0.695382,0.533882,0.598488
period5,0.755385,1,1,0.919672,0.739344,0.0264014,0.00284132,0.00181822,0.0139905,0.00291599,0.0016129,0.00169727,0.0139905,0.00291599,0.00319102,0.00291599,0.0508197,0.349084,0.00181822,0.00291599,0.00182557,0.00182557,0.00182557,0.00291599,0.00291599,0.00185265,0.00171749,0.00171749,0.280171,0.45947,0.548556,0.095616,0.832714,0.364695,0.492212,0.464019,0.440179,0.172468,0.698483,0.590657,0.398955,0.592973,0.494682,0.646592,0.770772,0.446312,0.410187
period6,0.816923,1,1,0.952459,0.870492,0.0684853,0.0302909,0.00254892,0.14899,0.00290175,0.0177419,0.00242188,0.0148155,0.00290175,0.00399598,0.00299722,0.0508197,0.632018,0.00254892,0.00290175,0.00182417,0.00182417,0.00183357,0.00299722,0.00299722,0.00193191,0.00178943,0.00178943,0.326715,0.589815,0.0707366,0.27589,0.551635,0.463967,0.798966,0.499294,0.157078,0.765842,0.629326,0.587409,0.470325,0.238891,0.228699,0.47796,0.256483,0.488938,0.672496
period7,0.847692,1,1,0.952459,0.903279,0.132857,0.0768071,0.0284211,0.22857,0.00297142,0.066129,0.0160793,0.0371445,0.060114,0.00472793,0.00336169,0.0508197,0.734481,0.00281877,0.0315427,0.00183103,0.00274308,0.00186946,0.00336169,0.00336169,0.00200398,0.00248956,0.001816,0.551357,0.435683,0.654608,0.484362,0.204515,0.561764,0.629054,0.400797,0.197276,0.300382,0.571277,0.652255,0.55856,0.540679,0.476808,0.424602,0.541357,0.653499,0.339095
period8,1,1,1,1,0.903279,0.172585,0.0972106,0.0584678,0.462924,0.0668995,0.130645,0.0610413,0.0274151,0.226529,0.00435684,0.00289042,0.0508197,0.898434,0.0168061,0.0828624,0.00286766,0.10874,0.00182306,0.00289042,0.016598,0.00196744,0.00271285,0.00237655,0.352231,0.863202,0.416766,0.414779,0.511316,0.730843,0.363076,0.384135,0.528592,0.575085,0.438052,0.259138,0.496739,0.529597,0.45687,0.47136,0.314509,0.596019,0.33262
period9,1,1,1,1,0.952459,0.165425,0.138369,0.113618,0.520579,0.223882,0.179032,0.152206,0.0201348,0.318533,0.00403099,0.00253778,0.0508197,0.891877,0.044433,0.176557,0.0776417,0.230555,0.00178834,0.00253778,0.0126052,0.00193536,0.00281747,0.00265206,0.53424,0.331926,0.2092,0.626999,0.226746,0.520051,0.506272,0.735876,0.390707,0.411918,0.480882,0.564273,0.285722,0.262028,0.291918,0.571982,0.669776,0.488656,0.2249
period10,1,1,1,1,0.952459,0.229206,0.155844,0.144628,0.552074,0.365814,0.21129,0.184132,0.0193424,0.492002,0.00403628,0.0024994,0.0508197,0.891085,0.116292,0.239625,0.262152,0.356658,0.00178456,0.0024994,0.0121706,0.00193588,0.00287002,0.0157639,0.516805,0.329201,0.529984,0.533258,0.421648,0.796502,0.274443,0.471611,0.476273,0.408581,0.268452,0.297407,0.564761,0.610294,0.121996,0.726085,0.396593,0.160638,0.787787
period11,1,1,1,1,0.985246,0.277667,0.219011,0.163599,0.633002,0.39862,0.259677,0.18634,0.0192421,0.509396,0.00412911,0.0121156,0.0836066,0.972185,0.119797,0.287845,0.340331,0.419808,0.00214935,0.00249454,0.0121156,0.00194502,0.00291222,0.0294969,0.318721,0.517057,0.420798,0.362734,0.231366,0.47082,0.494818,0.384317,0.701326,0.432951,0.687716,0.326428,0.599391,0.525464,0.446079,0.242416,0.462035,0.465247,0.409767
period12,1,1,1,1,0.998482,0.361897,0.223343,0.196575,0.705637,0.403872,0.324194,0.219175,0.0181572,0.612355,0.00409675,0.0115206,0.1,1,0.122128,0.339723,0.375848,0.48975,0.00212053,0.00244199,0.0115206,0.00194183,0.00294916,0.0300366,0.718814,0.591026,0.448545,0.231162,0.730869,0.489921,0.417016,0.65644,0.672075,0.460892,0.496646,0.611396,0.605669,0.560433,0.350203,0.123045,0.549551,0.289936,0.757045
period13,1,1,1,1,0.999646,0.994296,1,0.770588,0.755506,0.404759,1,0.786957,0.0180618,0.678027,0.00758229,0.0114683,1,1,0.594118,0.452983,0.376668,0.617931,0.00211799,0.00243737,0.0114683,0.00228503,0.00594538,0.168171,0.107423,0.62601,0.0141122,0.835318,0.3529,0.402272,0.749123,0.439308,0.372902,0.468952,0.426604,0.820043,0.663014,0.669859,0.450643,0.54989,0.535501,0.585356,0.487633
period14,1,1,1,1,0.999681,0.995251,1,1,0.853858,0.421609,1,0.781481,0.018059,0.75993,0.0067156,0.0114667,1,1,0.655,0.486051,0.393423,0.699519,0.00211792,0.00243723,0.0114667,0.00219969,0.0785714,0.239271,1,0.168344,0.286561,0.201127,0.2843,0.748113,0.280134,0.204197,0.451672,0.486657,0.130813,0.506516,0.70427,0.227993,0.369289,0.47785,0.727843,0.229096,0.754765
period15,1,1,1,1,0.999725,0.996329,1,1,0.886669,0.437916,1,0.777419,0.0180553,0.824826,0.00573331,0.0114647,1,1,0.684,0.518523,0.40968,0.748354,0.00211782,0.00243705,0.0114647,0.00210297,0.0733333,0.270458,1,0.588295,0.672706,0.348374,0.435415,0.120162,0.603825,0.224161,0.25313,0.363515,0.429356,0.292018,0.289417,0.507608,0.385541,0.28044,0.478528,0.442417,0.248317
period16,1,1,1,1,0.999972,0.996708,1,1,1,0.483929,1,1,0.018035,0.966071,0.00544041,0.0114536,1,1,1,0.626786,0.469732,0.845182,0.00211728,0.00243607,0.0114536,0.00207413,0.123529,0.455,1,0.697775,0.305219,0.222356,0.474308,0.462894,0.725314,0.327647,0.355252,0.505704,0.472319,0.522627,0.408963,0.300692,0.651969,0.455262,0.27726,0.355383,0.273149
period17,1,1,1,1,0.999946,0.996909,1,1,1,0.501786,1,1,0.0180373,0.983929,0.00531074,0.0114548,1,1,1,0.626786,0.470257,0.933136,0.00211734,0.00243618,0.0114548,0.00206136,0.105,0.569565,1,0.700769,0.488112,0.0342522,0.665246,0.860427,0.453092,0.404684,0.805719,0.314622,0.16078,0.510866,0.620996,0.374901,0.474955,0.512028,0.367508,0.680174,0.638041
period18,1,1,1,1,0.99995,0.997553,1,1,1,0.492982,1,1,0.0180369,0.966667,0.00469182,0.0114546,1,1,1,0.633333,0.462054,0.934202,0.00211733,0.00243616,0.0114546,0.00200042,0.105,0.596296,1,0.296602,0.61587,0.527323,0.892565,0.38252,0.403662,0.324973,0.582671,0.515198,0.463315,0.440005,0.534543,0.380481,0.254328,0.215729,0.384972,0.608466,0.428906
period19,1,1,1,1,0.999951,0.997903,1,1,1,0.492982,1,1,0.0508221,0.984211,0.00425941,0.015507,1,1,1,0.633333,0.479053,0.951579,0.00231362,0.00280148,0.015507,0.00195785,0.0913043,0.636667,1,0.65144,1,0.9078,0.146664,0.566162,0.434454,0.447398,0.245829,0.267858,0.498749,0.359183,0.359416,0.500321,0.462228,0.78626,0.643557,0.459684,0.602245
period20,1,1,1,1,0.999952,0.997971,1,1,1,0.466071,1,1,0.0525447,0.966071,0.0218271,0.0160289,1,1,1,0.6625,0.451979,0.933075,0.00238849,0.00289271,0.0160289,0.00266905,0.084,0.639394,1,0.374029,1,0.0922004,0.313707,0.74705,0.39013,0.469217,0.706173,0.500219,0.507989,0.457839,0.527886,0.532815,0.323237,0.573614,0.754483,0.687989,0.480026
period21,1,1,1,1,0.999952,0.998119,1,1,1,0.466071,1,1,0.0525447,0.966071,0.0391499,0.0160289,1,1,1,0.6625,0.451979,0.933075,0.00238849,0.00289271,0.0160289,0.00288016,0.0724138,0.679412,1,0.4152,1,0.787715,0.402911,0.768072,0.889552,0.574326,0.451655,0.627198,0.411325,0.775223,0.416897,0.623449,0.208942,0.33837,0.339967,0.443548,0.43955
period22,1,1,1,1,0.999955,0.998454,1,1,1,0.466071,1,1,0.0694929,0.983929,0.0386477,0.0168656,1,1,1,0.680357,0.451979,0.950746,0.00242898,0.00296699,0.0168656,0.0157468,0.065625,0.759459,1,0.885165,1,0.260623,0.645685,0.374352,0.372855,0.675383,0.463209,0.279216,0.563637,0.333479,0.265402,0.487367,0.655982,0.28878,0.268714,0.540859,0.361624
period23,1,1,1,1,0.999956,0.998576,1,1,1,0.457895,1,1,0.0694929,0.984211,0.0385515,0.0168656,1,1,1,0.703509,0.444097,0.951629,0.00242898,0.00296699,0.0168656,0.0157117,0.065625,0.771795,1,0.691087,1,0.403313,0.636051,0.529447,0.471437,0.566923,0.549517,0.270618,0.44177,0.197107,0.417584,0.102361,0.529456,0.700928,0.584806,0.320155,0.342096
period24,1,1,1,1,0.999954,0.998768,1,1,1,0.435849,1,1,0.0927276,0.983019,0.0346675,0.0186802,1,1,1,0.681132,0.421072,0.948021,0.00262594,0.00322559,0.0186802,0.014405,0.07,0.792105,1,0.585859,1,0.486533,0.927659,0.305823,0.726536,0.800349,0.479898,0.183149,0.599928,0.505242,0.722232,0.419357,0.415443,0.377178,0.455407,0.343648,0.739144
period25,1,1,1,1,0.999956,0.998863,1,1,1,0.545614,1,1,0.212276,0.984211,0.183172,0.0359667,1,1,1,0.703509,0.462867,0.969197,0.00289018,0.0196378,0.0196378,0.157625,0.1275,0.897917,1,0.784248,1,0.820109,0.745427,0.242262,0.495399,0.451192,0.429733,0.54864,0.483352,0.772837,0.599464,0.4941,0.211217,0.343339,0.721333,0.384357,0.574386
