period4,0.693846,1,1,1,0.501667,0.0116765,0.00268815,0.00180314,0.0116765,0.00268815,0.0016129,0.00169727,0.0116765,0.00268815,0.00294714,0.00268815,0.00166667,0.0348818,0.00180314,0.00268815,0.00180314,0.00180314,0.00180314,0.00268815,0.00268815,0.00182864,0.001716,0.001716,0.66747,0.257734,0.40328,0.378181,0.66352,0.143014,0.279196,0.0692112,0.135819,0.474066,0.425506,0.483259,0.579133,0.312032,0.370648,0.636184,0.695382,0.533882,0.598488
period5,0.755385,1,1,1,0.739344,0.0264014,0.00284132,0.00181822,0.0139905,0.00291599,0.0016129,0.00169727,0.0139905,0.00291599,0.00319102,0.00291599,0.0508197,0.349084,0.00181822,0.00291599,0.00182557,0.00182557,0.00182557,0.00291599,0.00291599,0.00185265,0.00171749,0.00171749,0.280171,0.45947,0.548556,0.095616,0.832714,0.364695,0.492212,0.464019,0.440179,0.172468,0.698483,0.590657,0.398955,0.592973,0.494682,0.646592,0.770772,0.446312,0.410187
period6,0.816923,1,1,1,0.870492,0.0684853,0.0302909,0.00254892,0.14899,0.00290175,0.0177419,0.00242188,0.0148155,0.00290175,0.00399598,0.00299722,1,0.632018,0.00254892,0.00290175,0.00182417,0.00182417,0.00183357,0.00299722,0.00299722,0.00193191,0.00178943,0.00178943,0.326715,0.589815,0.0707366,0.27589,0.551635,0.463967,0.798966,0.499294,0.157078,0.765842,0.629326,0.587409,0.470325,0.238891,0.228699,0.47796,0.256483,0.488938,0.672496
period7,0.847692,1,1,1,0.903279,0.132857,0.0768071,0.0284211,0.22857,0.00297142,0.066129,0.0160793,0.0371445,0.060114,0.00472793,0.00336169,1,0.734481,0.00281877,0.0315427,0.00183103,0.00274308,0.00186946,0.00336169,0.00336169,0.00200398,0.00248956,0.001816,0.551357,0.435683,0.654608,0.484362,0.204515,0.561764,0.629054,0.400797,0.197276,0.300382,0.571277,0.652255,0.55856,0.540679,0.476808,0.424602,0.541357,0.653499,0.339095
period8,0.847692,1,1,1,0.903279,0.160204,0.0903672,0.0544711,0.406322,0.0590501,0.130645,0.0610413,0.0371445,0.199161,0.0047566,0.00336169,1,0.7755,0.0157423,0.0730612,0.00272354,0.09584,0.00186946,0.00336169,0.0219339,0.0020068,0.00263947,0.00232502,0.352231,0.863202,0.416766,0.414779,0.511316,0.739808,0.363076,0.386728,0.531753,0.575085,0.438052,0.259138,0.496739,0.529597,0.45687,0.47136,0.314509,0.596019,0.33262
period9,0.909231,1,1,1,0.952459,0.159127,0.13317,0.109416,0.482044,0.207534,0.179032,0.152206,0.0270245,0.295178,0.00434092,0.0028715,1,0.819639,0.0428307,0.163712,0.0721154,0.213813,0.00182119,0.0028715,0.0163837,0.00196588,0.00277816,0.00261459,0.53424,0.331926,0.2092,0.626999,0.226746,0.521337,0.506272,0.737935,0.39086,0.411918,0.480882,0.564273,0.285722,0.262028,0.291918,0.571982,0.669776,0.488656,0.2249
period10,0.924615,1,1,1,0.952459,0.219179,0.149112,0.138459,0.517708,0.343243,0.21129,0.184132,0.025136,0.461576,0.00427835,0.00278003,1,0.831162,0.111348,0.22491,0.246124,0.334784,0.00181219,0.00278003,0.015348,0.00195971,0.00282516,0.0151682,0.516805,0.329201,0.529984,0.533258,0.421648,0.801564,0.274443,0.47232,0.477037,0.408581,0.268452,0.297407,0.564761,0.610294,0.121996,0.726085,0.396593,0.160638,0.787787
period11,0.924615,1,1,1,0.985246,0.264185,0.208478,0.155826,0.592733,0.373506,0.259677,0.18634,0.0252411,0.477234,0.0043811,0.0154056,1,0.906347,0.11413,0.269778,0.319047,0.393495,0.00230871,0.00278511,0.0154056,0.00196983,0.00286183,0.0281845,0.318721,0.517057,0.420798,0.362734,0.231366,0.474992,0.494818,0.385196,0.701549,0.432951,0.687716,0.326428,0.599391,0.525464,0.446079,0.242416,0.462035,0.465247,0.409767
period12,0.924615,1,1,1,0.985246,0.338855,0.20927,0.184313,0.652469,0.373783,0.324194,0.219175,0.0252411,0.566558,0.00437995,0.0154056,1,0.906347,0.114556,0.314468,0.348034,0.453399,0.00230871,0.00278511,0.0154056,0.00196972,0.00288515,0.0282832,0.718814,0.591026,0.448545,0.232192,0.725377,0.488088,0.412629,0.657106,0.683016,0.460892,0.496646,0.611396,0.605669,0.560433,0.350203,0.122412,0.549892,0.290322,0.756858
period13,0.924615,1,1,1,0.985246,0.413525,0.23932,0.18597,0.697271,0.373966,0.356452,0.282009,0.0252411,0.62617,0.0044213,0.0154056,1,0.906347,0.143737,0.418472,0.348202,0.571003,0.00230871,0.00278511,0.0154056,0.00197379,0.0028938,0.0420645,0.187512,0.615297,0.183002,0.829323,0.35264,0.17981,0.744173,0.331818,0.547029,0.491004,0.426056,0.820649,0.663172,0.559151,0.513233,0.549817,0.535508,0.58359,0.48722
period14,0.924615,1,1,1,0.985246,0.458327,0.283936,0.187535,0.786875,0.389138,0.420968,0.330463,0.0252411,0.700919,0.00448052,0.0154056,1,0.906347,0.187535,0.448525,0.363321,0.645631,0.00230871,0.00278511,0.0154056,0.00197962,0.0162973,0.0698787,0.336008,0.237484,0.554929,0.201197,0.287624,0.458018,0.280303,0.0814919,0.337024,0.521591,0.126177,0.507681,0.704175,0.360325,0.411602,0.479207,0.728208,0.229081,0.754766
period15,0.991781,1,1,1,0.99847,0.570785,0.383539,0.21782,0.879231,0.434319,0.506719,0.395343,0.0188279,0.817984,0.00430777,0.0118884,1,1,0.263845,0.514249,0.406336,0.742205,0.00213835,0.00247448,0.0118884,0.00196261,0.0175071,0.105606,1,0.337362,0.674681,0.348218,0.435279,0.137648,0.603291,0.381247,0.292985,0.363912,0.429551,0.195263,0.30806,0.438727,0.311594,0.280383,0.478535,0.442417,0.248317
period16,0.991781,1,1,1,0.99847,0.635721,0.416209,0.249681,0.895465,0.434387,0.984383,0.833695,0.0188279,0.866129,0.00433955,0.0118884,1,1,0.295926,0.56231,0.421913,0.758686,0.00213835,0.00247448,0.0118884,0.00196574,0.0323742,0.136177,1,0.69719,0.310515,0.222728,0.474146,0.563692,0.724345,0.339914,0.449563,0.502298,0.473751,0.522765,0.408963,0.29756,0.647514,0.455225,0.277247,0.355481,0.273156
period17,0.991767,1,1,1,0.996776,0.683429,0.432096,0.296245,0.894113,0.449712,0.995687,1,0.0189635,0.880803,0.00436088,0.0119628,1,1,0.342541,0.561476,0.421736,0.836382,0.00214195,0.00248104,0.0119628,0.00196784,0.0326357,0.196629,1,0.701494,0.489684,0.0351588,0.664099,0.780851,0.452465,0.411841,0.435435,0.314868,0.160866,0.510916,0.621013,0.375475,0.474522,0.512649,0.367312,0.679876,0.638124
period18,1,1,1,1,0.999519,0.995546,0.996429,0.55977,0.919278,0.454085,0.995825,1,0.0180722,0.889532,0.00469293,0.011474,1,1,1,0.583106,0.42581,0.860457,0.00211827,0.00243787,0.011474,0.00200053,0.0597329,0.596296,1,0.29775,0.614719,0.527225,0.892395,0.382824,0.403635,0.325514,0.583277,0.515418,0.46326,0.44018,0.534522,0.380124,0.253921,0.215787,0.384985,0.608519,0.428931
period19,1,1,1,1,0.999941,0.995948,0.996885,0.564913,0.998462,0.492241,0.998446,1,0.0508226,0.982714,0.00426545,0.0155071,1,1,1,1,0.478337,0.950149,0.00231363,0.0028015,0.0155071,0.00195844,0.0525909,0.636667,1,0.651445,1,0.907794,0.146666,0.566581,0.434451,0.448507,0.245774,0.267858,0.498749,0.359184,0.359416,0.500545,0.461806,0.786259,0.643557,0.459682,0.602246
period20,1,1,1,1,0.999943,0.997959,0.999982,1,0.998658,0.465463,0.999225,1,0.0525451,0.964792,0.0218269,0.016029,1,1,1,1,0.451392,0.931854,0.0023885,0.00289272,0.016029,0.00266905,0.084,0.639394,1,0.374077,1,0.092203,0.313705,0.747042,0.390129,0.469221,0.706175,0.500219,0.507989,0.457856,0.527883,0.532556,0.323334,0.573614,0.754483,0.687988,0.480026
period21,1,1,1,1,0.999985,0.998108,0.999982,1,0.998664,0.465466,0.997544,1,0.0525431,0.964798,0.0391482,0.0160284,1,1,1,1,0.451395,0.931859,0.00238847,0.00289267,0.0160284,0.00288011,0.0724138,0.679412,1,0.415077,1,0.787727,0.402917,0.768066,1,0.574324,0.451651,0.627198,0.411325,0.775248,0.416898,0.623571,0.209016,0.338367,0.339966,0.443545,0.43955
period22,1,1,1,1,0.999941,0.998441,0.999981,1,0.998693,0.465479,0.999064,1,0.0694933,0.982659,0.0386474,0.0168657,1,1,1,1,0.451407,0.949535,0.00242898,0.002967,0.0168657,0.0157467,0.065625,0.759459,1,0.884389,1,0.26062,0.645679,0.374349,1,0.675376,0.463209,0.279216,0.563637,0.333459,0.265406,0.487237,0.656012,0.288781,0.268714,0.540859,0.361624
period23,1,1,1,1,0.999961,0.998564,0.999979,1,0.998945,0.457427,0.960377,1,0.0694927,0.983188,0.0385509,0.0168655,1,1,1,1,0.443646,0.950655,0.00242898,0.00296699,0.0168655,0.0157115,0.065625,0.771795,1,0.690143,1,0.403313,0.636053,0.529449,1,0.56692,0.549516,0.270618,0.44177,0.197588,0.417383,0.126842,0.526553,0.700928,0.584806,0.320155,0.342096
period24,1,1,1,1,0.999964,0.998758,0.999976,1,0.998828,0.435355,0.990414,1,0.0927275,0.981884,0.034667,0.0186802,1,1,1,1,0.420598,0.946943,0.00262594,0.00322559,0.0186802,0.0144048,0.07,0.792105,1,0.584083,1,0.486535,0.927666,0.305827,1,0.800337,0.479897,0.183149,0.599928,0.504653,0.722189,0.419676,0.41445,0.377179,0.455407,0.343649,0.739144
period25,1,1,1,1,0.999986,0.99885,0.999965,1,0.999236,0.545223,0.994481,1,0.212279,0.983484,0.18317,0.0359673,1,1,1,1,0.462564,0.968506,0.00289019,0.0196381,0.0196381,0.157623,0.1275,0.897917,1,0.782403,1,0.820124,0.745447,0.242261,1,0.451185,0.429723,0.54864,0.483352,0.771979,0.599291,0.493215,0.212496,0.343342,0.721333,0.384356,0.574386
