period3,1,0.0939394,0.000502513,0.000502513,0.000602485,0.00307903,0.0959799,0.00482831,0.00482831,0.000982917,0.00060031,0.000562242,0.000562242,0.000562242,0.000982917,0.00065951,0.000982917,0.0010801,0.00060031,0.000558454,0.00060031,0.00060031,0.000626855,0.000626855,0.000558454,0.329521,0.0825462,0.376766,0.347713,0.608039,0.0366498,0.440758,0.390424,0.495877,0.898838,0.247239,0.504368,0.839056,0.0322169,0.301314,0.455399,0.59986,0.499582,0.429251,0.174882,0.627382,0.246198,0.752682,0.332974
period4,1,0.919048,0.000502513,0.00552764,0.000828501,0.000957527,0.121106,0.00119897,0.00119897,0.000621807,0.000564381,0.000558667,0.000558667,0.000558667,0.000621807,0.000620383,0.000621807,0.00068359,0.000564381,0.000558099,0.000564381,0.000564381,0.000619747,0.000619747,0.000558099,0.435909,0.0366392,0.623881,0.601332,0.29159,0.888345,0.0324066,0.64528,0.24741,0.183558,0.676079,0.591666,0.228522,0.118937,0.409671,0.431746,0.530546,0.630553,0.288433,0.447891,0.627775,0.483019,0.461091,0.651133
period5,1,0.939899,0.000502513,0.020603,0.000964107,0.0173993,0.573367,0.00100648,0.00100648,0.000602654,0.000562475,0.000558477,0.000558477,0.000558477,0.000602654,0.000618308,0.000602654,0.000662556,0.000562475,0.00055808,0.000562475,0.000562475,0.00061937,0.00061937,0.00055808,0.564259,0.15714,0.302611,0.0478313,0.78357,0.87376,0.303622,0.827518,0.762077,0.450383,0.135075,0.0498147,0.545694,0.337138,0.13532,0.271946,0.30186,0.344334,0.240472,0.439682,0.550848,0.455079,0.310147,0.685716
period6,1,0.990404,0.000502513,0.0658291,0.00102221,0.0526981,0.859799,0.0110168,0.00601798,0.00080291,0.0005824,0.00056046,0.00056046,0.00056046,0.00080291,0.000640156,0.000869249,0.000889132,0.0005824,0.000558277,0.0005824,0.0005824,0.000623327,0.000623327,0.000558277,0.520551,0.818876,0.653402,0.752914,0.550061,0.785847,0.798924,0.336737,0.401182,0.249405,0.318281,0.362049,0.632347,0.0270282,0.513318,0.471651,0.526713,0.442688,0.192098,0.102426,0.168338,0.750549,0.214146,0.516612
period7,1,0.995455,0.000502513,0.0959799,0.00103189,0.0777689,0.965327,0.0761034,0.306181,0.000996608,0.000601673,0.000562377,0.000562377,0.000562377,0.000996608,0.000661476,0.0295166,0.00220564,0.000601673,0.000558468,0.000601673,0.000601673,0.000627173,0.000627173,0.000558468,0.292108,0.516109,0.663221,0.530668,0.929014,0.12941,0.624641,0.225583,0.979166,0.371432,0.529091,0.830713,0.695963,0.404998,0.409638,0.718827,0.473529,0.413926,0.31132,0.422694,0.641117,0.747952,0.446492,0.406957
period8,1,0.995455,0.00552764,0.126131,0.00129601,0.117419,0.985427,0.151294,0.721541,0.0010039,0.000602398,0.00056245,0.00056245,0.00056245,0.00598005,0.000860796,0.0790774,0.00219707,0.000602398,0.000558475,0.000801033,0.000801033,0.000666344,0.000666344,0.000558475,0.857828,0.285925,0.600774,0.376385,0.476667,0.276036,0.5865,0.447793,0.110329,0.485014,0.254557,0.469785,0.577157,0.152353,0.401543,0.819418,0.437589,0.519327,0.676233,0.299639,0.186726,0.666943,0.671305,0.498254
period9,1,0.995455,0.0256281,0.231658,0.00366987,0.158723,0.985427,0.321368,0.846595,0.00100935,0.00060294,0.000562504,0.000562504,0.000562504,0.334667,0.0010559,0.169097,0.00206228,0.00060294,0.00055848,0.00591778,0.0452904,0.000902578,0.000902578,0.00055848,0.227815,0.771841,0.512484,0.966911,0.495019,0.872373,0.800674,0.532181,0.571065,0.486179,0.435255,0.545066,0.601431,0.405611,0.50635,0.74882,0.293817,0.569373,0.431842,0.496996,0.811925,0.696901,0.482452,0.492908
period10,1,0.995455,0.307035,0.613568,0.0101429,0.444971,0.985427,0.661515,0.901619,0.00101593,0.000603595,0.000562569,0.000562569,0.000562569,0.678476,0.00106532,0.289483,0.0131662,0.000603595,0.000558487,0.0653865,0.540815,0.00107514,0.00107514,0.000558487,0.785696,0.391558,0.674531,0.388679,0.896199,0.344211,0.527396,0.541859,0.378186,0.380556,0.816563,0.442922,0.465107,0.395416,0.244426,0.509925,0.582693,0.310586,0.481099,0.68481,0.306745,0.750338,0.44363,0.76527
period11,1,0.995455,0.568342,0.859799,0.0295333,0.785836,0.985427,0.801576,0.921628,0.00600243,0.00080214,0.000582324,0.000582324,0.000582324,0.763232,0.00108972,0.503859,0.0270272,0.00080214,0.000560452,0.124912,0.665121,0.0010914,0.0010914,0.000560452,0.44986,0.516703,0.0557007,0.563475,0.666434,0.92742,0.125718,0.220465,0.505907,0.575219,0.265692,0.377415,0.435045,0.713762,0.513197,0.545143,0.391092,0.299848,0.326153,0.179762,0.454447,0.719295,0.611873,0.813561
period12,1,0.995455,0.688945,0.894975,0.0898449,0.861001,0.985427,0.846595,0.956643,0.0159878,0.000901741,0.000592234,0.000592234,0.000592234,0.798243,0.0011024,0.683266,0.133547,0.000901741,0.000561438,0.229082,0.724885,0.00110055,0.00110055,0.000561438,0.479985,0.42762,0.302416,0.568224,0.254183,0.375531,0.283689,0.679593,0.797098,0.418317,0.487901,0.20638,0.421042,0.545158,0.647689,0.438856,0.819866,0.489627,0.387608,0.69395,0.662897,0.533928,0.463791,0.544244
period13,1,0.995455,0.769347,0.91005,0.133329,0.886078,0.985427,0.901619,0.956643,0.0309353,0.000944039,0.000596442,0.000596442,0.000596442,0.828138,0.00111015,0.753195,0.28926,0.000944039,0.000561857,0.328305,0.754771,0.00110505,0.00110505,0.000561857,0.583399,0.187529,0.552035,0.42998,0.444629,0.292102,0.431147,0.330841,0.701324,0.25499,0.438958,0.710521,0.662104,0.473231,0.492508,0.498715,0.553031,0.578583,0.474042,0.209553,0.695618,0.434378,0.293436,0.563417
period14,1,0.995455,0.824623,0.920101,0.195797,0.89613,0.985427,0.916626,0.961645,0.115646,0.0106215,0.000856274,0.000856274,0.000856274,0.863039,0.00144974,0.832957,0.38144,0.000984334,0.00058771,0.358142,0.774782,0.00113964,0.00113964,0.00058771,0.589999,0.0732086,0.634108,0.281087,0.314911,0.591863,0.651023,0.645741,0.698882,0.0942074,0.249415,0.254111,0.361759,0.67783,0.645195,0.328902,0.567139,0.257091,0.319486,0.307821,0.276918,0.429112,0.344638,0.443698
period15,1,0.995455,0.864824,0.925126,0.228858,0.911158,0.985427,0.921628,0.961645,0.18042,0.0302478,0.00525569,0.000934574,0.000934574,0.868022,0.00170784,0.862867,0.427334,0.000990432,0.00076518,0.387914,0.799604,0.00116608,0.00116608,0.0005955,0.584013,0.230835,0.498052,0.786271,0.446927,0.191731,0.687684,0.27428,0.646162,0.878059,0.780416,0.458863,0.383003,0.0749143,0.201107,0.700415,0.249848,0.240262,0.807395,0.437039,0.391305,0.76427,0.513627,0.46503
period16,1,0.995431,0.879293,0.939899,0.250978,0.915817,0.990404,0.92651,0.971757,0.256528,0.104597,0.0104901,0.00573572,0.0104901,0.882659,0.00241127,0.872446,0.50793,0.000999086,0.00435123,0.419921,0.828837,0.00124174,0.00124174,0.000854522,0.706078,0.293406,0.356712,0.523265,0.402499,0.278366,0.350837,0.546703,0.360008,0.297799,0.251039,0.323326,0.379564,0.549668,0.50453,0.458153,0.51936,0.421635,0.518083,0.703039,0.372147,0.542688,0.571017,0.538395
period17,1,0.995408,0.898985,0.94467,0.273212,0.930573,0.998889,0.999398,0.98422,0.330666,0.166341,0.0548139,0.00588996,0.0107823,0.893803,0.00738009,1,0.663158,0.00100808,0.00553277,0.440337,0.844316,0.00161236,0.00161236,0.00446082,0.640605,0.555463,0.689797,0.385972,0.4648,0.333341,0.633565,0.219663,0.456953,0.698843,0.47435,0.413896,0.577854,0.475525,0.434519,0.606914,0.50766,0.40993,0.808671,0.696567,0.276008,0.463919,0.289031,0.831697
period18,1,0.995408,0.919289,0.954822,0.300157,0.940736,0.999818,0.999466,0.998915,0.427913,0.235344,0.111168,0.0310511,0.0260438,0.922221,0.0169962,1,1,0.00101125,0.0154915,0.446685,0.861684,0.00397084,0.00217074,0.00528196,0.0392664,0.824577,0.0475282,0.24175,0.538566,0.15517,0.947883,0.694453,0.31936,0.111892,0.395688,0.295961,0.48037,0.473102,0.546474,0.410329,0.645626,0.486269,0.868211,0.312437,0.450201,0.406952,0.629047,0.601555
period19,1,0.995385,0.929082,0.954592,0.340886,0.945512,0.999822,0.999466,0.998987,0.512977,0.319061,0.163077,0.0465947,0.0465947,0.937417,0.0270214,1,1,0.00101506,0.065247,0.459339,0.871391,0.00877789,0.00473129,0.0149542,0.532567,0.779128,0.684932,0.515897,0.109336,0.726816,0.313575,0.432591,0.429979,0.185733,0.712891,0.528915,0.794364,0.886981,0.48307,0.246292,0.541207,0.410736,0.415768,0.503719,0.265585,0.517902,0.325869,0.47976
