period3,0.232308,1,1,0.518966,0.0534483,0.00551911,0.00208188,0.00174345,0.00551911,0.00208188,0.0016129,0.00169727,0.00551911,0.00208188,0.00228476,0.00208188,0.00172414,0.00551911,0.00174345,0.00208188,0.00174345,0.00174345,0.00174345,0.00208188,0.00208188,0.00176342,0.00171012,0.00171012,0.44062,0.233525,0.47229,0.198046,0.545201,0.48586,0.374068,0.445212,0.612289,0.649642,0.659163,0.438955,0.640677,0.223214,0.558774,0.549401,0.49816,0.577638,0.309108
period4,0.693846,1,1,0.901667,0.501667,0.0116765,0.00268815,0.00180314,0.0116765,0.00268815,0.0016129,0.00169727,0.0116765,0.00268815,0.00294714,0.00268815,0.00166667,0.0348818,0.00180314,0.00268815,0.00180314,0.00180314,0.00180314,0.00268815,0.00268815,0.00182864,0.001716,0.001716,0.66747,0.257734,0.40328,0.378181,0.66352,0.143014,0.279196,0.0692112,0.135819,0.474066,0.425506,0.483259,0.579133,0.312032,0.370648,0.636184,0.695382,0.533882,0.598488
period5,0.755385,1,1,0.919672,0.739344,0.0264014,0.00284132,0.00181822,0.0139905,0.00291599,0.0016129,0.00169727,0.0139905,0.00291599,0.00319102,0.00291599,0.0508197,0.349084,0.00181822,0.00291599,0.00182557,0.00182557,0.00182557,0.00291599,0.00291599,0.00185265,0.00171749,0.00171749,0.280171,0.45947,0.548556,0.095616,0.832714,0.364695,0.492212,0.464019,0.440179,0.172468,0.698483,0.590657,0.398955,0.592973,0.494682,0.646592,0.770772,0.446312,0.410187
period6,0.816923,1,1,0.952459,0.870492,0.0684853,0.0302909,0.00254892,0.14899,0.00290175,0.0177419,0.00242188,0.0148155,0.00290175,0.00399598,0.00299722,0.0508197,0.632018,0.00254892,0.00290175,0.00182417,0.00182417,0.00183357,0.00299722,0.00299722,0.00193191,0.00178943,0.00178943,0.326715,0.589815,0.0707366,0.27589,0.551635,0.463967,0.798966,0.499294,0.157078,0.765842,0.629326,0.587409,0.470325,0.238891,0.228699,0.47796,0.256483,0.488938,0.672496
period7,0.847692,1,1,1,0.903279,0.132857,0.0768071,0.0284211,0.22857,0.00297142,0.066129,0.0160793,0.0371445,0.060114,0.00472793,0.00336169,0.0508197,0.734481,0.00281877,0.0315427,0.00183103,0.00274308,0.00186946,0.00336169,0.00336169,0.00200398,0.00248956,0.001816,0.551357,0.435683,0.654608,0.484362,0.204515,0.561764,0.629054,0.400797,0.197276,0.300382,0.571277,0.652255,0.55856,0.540679,0.476808,0.424602,0.541357,0.653499,0.339095
period8,0.847692,1,1,1,0.903279,0.160204,0.0903672,0.0544711,0.406322,0.0590501,0.130645,0.0610413,0.0371445,0.199161,0.0047566,0.00336169,0.0508197,0.7755,0.0157423,0.0730612,0.00272354,0.09584,0.00186946,0.00336169,0.0219339,0.0020068,0.00263947,0.00232502,0.352231,0.863202,0.416766,0.414779,0.511316,0.739808,0.363076,0.386728,0.531753,0.575085,0.438052,0.259138,0.496739,0.529597,0.45687,0.47136,0.314509,0.596019,0.33262
period9,0.909231,1,1,1,0.952459,0.159127,0.13317,0.109416,0.482044,0.207534,0.179032,0.152206,0.0270245,0.295178,0.00434092,0.0028715,0.0508197,0.819639,0.0428307,0.163712,0.0721154,0.213813,0.00182119,0.0028715,0.0163837,0.00196588,0.00277816,0.00261459,0.53424,0.331926,0.2092,0.626999,0.226746,0.521337,0.506272,0.737935,0.39086,0.411918,0.480882,0.564273,0.285722,0.262028,0.291918,0.571982,0.669776,0.488656,0.2249
period10,0.924615,1,1,1,0.952459,0.219179,0.149112,0.138459,0.517708,0.343243,0.21129,0.184132,0.025136,0.461576,0.00427835,0.00278003,0.0508197,0.831162,0.111348,0.22491,0.246124,0.334784,0.00181219,0.00278003,0.015348,0.00195971,0.00282516,0.0151682,0.516805,0.329201,0.529984,0.533258,0.421648,0.801564,0.274443,0.47232,0.477037,0.408581,0.268452,0.297407,0.564761,0.610294,0.121996,0.726085,0.396593,0.160638,0.787787
period11,0.924615,1,1,1,0.985246,0.264185,0.208478,0.155826,0.592733,0.373506,0.259677,0.18634,0.0252411,0.477234,0.0043811,0.0154056,0.0836066,0.906347,0.11413,0.269778,0.319047,0.393495,0.00230871,0.00278511,0.0154056,0.00196983,0.00286183,0.0281845,0.318721,0.517057,0.420798,0.362734,0.231366,0.474992,0.494818,0.385196,0.701549,0.432951,0.687716,0.326428,0.599391,0.525464,0.446079,0.242416,0.462035,0.465247,0.409767
period12,0.991781,1,1,1,0.99847,0.359742,0.222027,0.195429,0.700657,0.401054,0.324194,0.219175,0.0188279,0.608066,0.00412365,0.0118884,0.1,1,0.12142,0.337358,0.373243,0.486345,0.00213835,0.00247448,0.0118884,0.00194448,0.00294317,0.0298727,0.718814,0.591026,0.448545,0.231163,0.730864,0.489749,0.417012,0.656502,0.673098,0.460892,0.496646,0.611396,0.605669,0.560433,0.350203,0.123045,0.549551,0.289936,0.757045
period13,0.991781,1,1,1,0.99847,0.440913,0.254996,0.198017,0.749359,0.401509,0.356452,0.282009,0.0188279,0.672554,0.00416888,0.0118884,0.1,1,0.153018,0.44934,0.373664,0.612978,0.00213835,0.00247448,0.0118884,0.00194894,0.00295668,0.0446632,0.187512,0.615297,0.183002,0.834828,0.352878,0.190301,0.748719,0.334033,0.54344,0.491004,0.426056,0.820649,0.663172,0.559151,0.513233,0.549884,0.535502,0.585212,0.487599
period14,0.991781,1,1,1,0.99847,0.489615,0.303124,0.200061,0.846763,0.41817,1,1,0.0188279,0.75368,0.00422432,0.0118884,0.116393,1,0.200061,0.482076,0.390235,0.693812,0.00213835,0.00247448,0.0118884,0.00195439,0.0172574,0.0744178,0.53402,0.168344,0.286561,0.201133,0.284579,0.474923,0.280149,0.08478,0.340097,0.486657,0.130813,0.506516,0.70427,0.217342,0.370947,0.477964,0.727874,0.229095,0.754765
period15,0.991781,1,1,1,0.99847,0.570785,0.383539,0.21782,0.879231,0.434319,1,1,0.0188279,0.817984,0.00430777,0.0118884,0.116393,1,0.263845,0.514249,0.406336,0.742205,0.00213835,0.00247448,0.0118884,0.00196261,0.0175071,0.105606,1,0.588295,0.672706,0.348218,0.435279,0.137648,0.603291,0.381247,0.292985,0.363515,0.429356,0.292018,0.289417,0.507608,0.385541,0.280383,0.478535,0.442417,0.248317
period16,1,1,1,1,0.999751,0.99666,0.999938,1,0.903079,0.437995,1,1,0.0180532,0.873408,0.00544204,0.0114635,1,1,0.997988,0.567006,0.425395,0.764986,0.00211777,0.00243695,0.0114635,0.00207429,0.123529,1,1,0.697775,0.305219,0.222411,0.474284,0.462908,0.725171,0.327648,0.355262,0.505704,0.472319,0.522627,0.408963,0.300692,0.651969,0.455257,0.277258,0.355397,0.27315
period17,1,1,1,1,0.999508,0.996876,0.999983,1,0.902883,0.454025,1,1,0.0180731,0.889344,0.00531416,0.0114745,1,1,1,0.566886,0.425754,0.844395,0.0021183,0.00243792,0.0114745,0.0020617,0.105,1,1,0.700769,0.488112,0.0343774,0.665088,0.860419,0.453006,0.404685,0.805708,0.314622,0.16078,0.510866,0.620996,0.374901,0.474955,0.512114,0.367481,0.680133,0.638052
period18,1,1,1,1,0.99954,0.997519,0.99998,1,0.919295,0.454093,1,1,0.0180705,0.889549,0.00469506,0.011473,1,1,1,0.583117,0.425818,0.860472,0.00211822,0.00243779,0.011473,0.00200074,0.105,1,1,0.296602,0.61587,0.52723,0.892403,0.382525,0.403637,0.324976,0.582674,0.515198,0.463315,0.440005,0.534543,0.380481,0.254328,0.215785,0.384985,0.608517,0.42893
period19,1,1,1,1,0.999552,0.997869,0.999979,1,0.919305,0.454098,1,1,0.0508417,0.905686,0.00426006,0.0155124,1,1,1,0.583123,0.44148,0.876544,0.00231388,0.00280194,0.0155124,0.00195791,0.0913043,1,1,0.65144,0.478975,0.907556,0.146738,0.566169,0.434335,0.447406,0.245829,0.170396,0.498839,0.359183,0.359416,0.500321,0.462228,0.786227,0.643543,0.459627,0.602276
period20,1,1,1,1,0.999548,0.997936,0.999982,1,0.933522,0.435919,1,1,0.0525638,0.902679,0.0218338,0.0160341,1,1,1,0.619289,0.422913,0.872577,0.00238875,0.00289316,0.0160341,0.00266938,0.084,1,1,0.374029,0.422619,0.0923302,0.313644,0.747025,0.390078,0.469221,0.706175,0.511997,0.514632,0.457839,0.527886,0.532815,0.323237,0.573624,0.754483,0.687943,0.48002
period21,1,1,1,1,0.99955,0.998084,0.999982,1,0.933523,0.435919,1,1,0.0525637,0.902681,0.0391626,0.0160341,1,1,1,0.61929,0.422913,0.872579,0.00238875,0.00289315,0.0160341,0.00288056,0.0724138,1,1,0.4152,0.450899,0.787572,0.402837,0.768052,0.88929,0.574324,0.451651,0.530797,0.434354,0.775223,0.416897,0.623449,0.208942,0.338402,0.339971,0.443574,0.439555
period22,1,1,1,1,0.999579,0.998415,0.999981,1,0.933547,0.43593,1,1,0.0695044,0.919374,0.0386532,0.0168681,1,1,1,0.635976,0.422924,0.889189,0.0024291,0.0029672,0.0168681,0.0157488,0.065625,1,1,0.885165,0.333562,0.260556,0.645514,0.374343,0.372873,0.675376,0.463209,0.234034,0.556322,0.333479,0.265402,0.487367,0.655982,0.2888,0.268707,0.540876,0.361632
period23,1,1,1,1,0.999585,0.998535,0.999979,1,0.950495,0.435934,1,1,0.0695042,0.936194,0.0385569,0.016868,1,1,1,0.669389,0.422927,0.905899,0.0024291,0.0029672,0.016868,0.0157136,0.065625,1,1,0.691087,0.606998,0.403287,0.635899,0.529453,0.471395,0.56692,0.549516,0.259496,0.447744,0.197107,0.417584,0.102361,0.529456,0.700966,0.584816,0.320147,0.342095
period24,1,1,1,1,0.999564,0.998729,1,1,0.946904,0.413466,1,1,0.0927304,0.931583,0.0346685,0.0186807,1,1,1,0.645725,0.39959,0.899164,0.00262597,0.00322564,0.0186807,0.0144053,0.07,1,1,0.585859,0.546428,0.48643,0.927385,0.305838,0.726439,0.800349,0.479898,0.260259,0.616017,0.505242,0.722232,0.419357,0.415443,0.377141,0.455408,0.343639,0.739142
period25,1,1,1,1,0.999569,0.998801,1,1,0.98383,0.53733,1,1,0.212232,0.968834,0.183135,0.0359598,1,1,1,0.692672,0.456436,0.954576,0.00288996,0.0196342,0.0196342,0.157597,0.1275,1,1,0.784248,0.36668,0.819919,0.745169,0.242258,0.495249,0.451192,0.429733,0.262163,0.472901,0.772837,0.599464,0.4941,0.211217,0.343299,0.72134,0.384368,0.574386
period25,1,1,1,1,0.999569,0.998801,1,1,0.98383,0.53733,1,1,0.212232,0.968834,0.183135,0.0359598,1,1,1,0.692672,0.456436,0.954576,0.00288996,0.0196342,0.0196342,0.157597,0.1275,1,1,0.784248,0.36668,0.819919,0.745169,0.242258,0.495249,0.451192,0.429733,0.262163,0.472901,0.772837,0.599464,0.4941,0.211217,0.343299,0.72134,0.384368,0.574386
period25,1,1,1,1,0.999569,0.998801,1,1,0.98383,0.53733,1,1,0.212232,0.968834,0.183135,0.0359598,1,1,1,0.692672,0.456436,0.954576,0.00288996,0.0196342,0.0196342,0.157597,0.1275,1,1,0.784248,0.36668,0.819919,0.745169,0.242258,0.495249,0.451192,0.429733,0.262163,0.472901,0.772837,0.599464,0.4941,0.211217,0.343299,0.72134,0.384368,0.574386
period25,1,1,1,1,0.999569,0.998801,1,1,0.98383,0.53733,1,1,0.212232,0.968834,0.183135,0.0359598,1,1,1,0.692672,0.456436,0.954576,0.00288996,0.0196342,0.0196342,0.157597,0.1275,1,1,0.784248,0.36668,0.819919,0.745169,0.242258,0.495249,0.451192,0.429733,0.262163,0.472901,0.772837,0.599464,0.4941,0.211217,0.343299,0.72134,0.384368,0.574386
period25,1,1,1,1,0.999569,0.998801,1,1,0.98383,0.53733,1,1,0.212232,0.968834,0.183135,0.0359598,1,1,1,0.692672,0.456436,0.954576,0.00288996,0.0196342,0.0196342,0.157597,0.1275,1,1,0.784248,0.36668,0.819919,0.745169,0.242258,0.495249,0.451192,0.429733,0.262163,0.472901,0.772837,0.599464,0.4941,0.211217,0.343299,0.72134,0.384368,0.574386
