period2,0.000502513,0.000552511,0.000502513,0.000502513,0.000602485,0.000602485,0.000502513,0.000602485,0.000602485,0.000562458,0.000558476,0.000558079,0.000558079,0.000558079,0.000562458,0.000613952,0.000562458,0.000618289,0.000558476,0.00055804,0.000558476,0.000558476,0.000618579,0.000618579,0.00055804,0.568757,0.388199,0.554493,0.780246,0.292995,0.607261,0.230702,0.20763,0.436402,0.400342,0.952121,0.377407,0.405173,0.818174,0.444903,0.463803,0.570795,0.679621,0.609023,0.333393,0.811128,0.842436,0.766422,0.32374
period3,0.161307,0.0156552,0.000502513,0.000502513,0.000602485,0.00104077,0.0959799,0.00181104,0.00181104,0.000682707,0.00057044,0.00055927,0.00055927,0.00055927,0.000682707,0.000626982,0.000682707,0.000750444,0.00057044,0.000558159,0.00057044,0.00057044,0.000620946,0.000620946,0.000558159,0.329521,0.0825462,0.376766,0.347788,0.608191,0.0366496,0.440758,0.391304,0.495996,0.899078,0.530572,0.559755,0.841297,0.0320113,0.301924,0.455604,0.601375,0.49958,0.430249,0.174618,0.628981,0.245602,0.754661,0.332937
period4,0.734171,0.67524,0.000502513,0.00552764,0.000828501,0.00134872,0.121106,0.00454041,0.00454041,0.000954272,0.00059746,0.000561958,0.000561958,0.000561958,0.000954272,0.000656406,0.000954272,0.00104578,0.00059746,0.000558426,0.00059746,0.00059746,0.000626292,0.000626292,0.000558426,0.435909,0.0366392,0.623881,0.601165,0.291527,0.888342,0.0324066,0.643456,0.247361,0.18353,0.630202,0.583965,0.228092,0.118874,0.408635,0.432371,0.529106,0.630548,0.287802,0.447841,0.626009,0.483555,0.459883,0.651797
period5,0.990452,0.931402,0.000502513,0.020603,0.000964107,0.0177204,0.573367,0.00174797,0.00174797,0.000676431,0.000569816,0.000559208,0.000559208,0.000559208,0.000676431,0.000626302,0.000676431,0.000742994,0.000569816,0.000558152,0.000569816,0.000569816,0.000620822,0.000620822,0.000558152,0.564259,0.15714,0.302611,0.0478352,0.78352,0.873759,0.303622,0.826978,0.762028,0.450357,0.134773,0.0510781,0.545363,0.336962,0.135294,0.271946,0.30171,0.3443,0.240368,0.439699,0.550513,0.455103,0.309991,0.685856
period6,0.990452,0.981425,0.000502513,0.0658291,0.00102221,0.0527037,0.859799,0.0117995,0.00684836,0.00084401,0.000586489,0.000560867,0.000560867,0.000560867,0.00084401,0.000644629,0.00089494,0.00093263,0.000586489,0.000558317,0.000586489,0.000586489,0.000624138,0.000624138,0.000558317,0.520551,0.818876,0.653402,0.752887,0.550042,0.785847,0.798924,0.336581,0.40117,0.249399,0.316251,0.359743,0.632063,0.0272962,0.512984,0.471596,0.526384,0.442616,0.192031,0.102399,0.168308,0.75056,0.214082,0.516597
period7,0.990452,0.986428,0.000502513,0.0959799,0.00103189,0.0775495,0.965327,0.0763151,0.304196,0.000994845,0.000601497,0.00056236,0.00056236,0.00056236,0.000994845,0.000661283,0.0295971,0.00220057,0.000601497,0.000558466,0.000601497,0.000601497,0.000627138,0.000627138,0.000558466,0.292108,0.516109,0.663221,0.530668,0.929015,0.12941,0.624641,0.224869,0.979168,0.371432,0.5253,0.824239,0.695981,0.405005,0.409524,0.718885,0.473681,0.413932,0.311376,0.4227,0.641306,0.74794,0.446391,0.407011
period8,0.998961,0.994472,0.00552764,1,0.00437766,1,0.985427,0.15124,0.720895,0.00100463,0.000602471,0.000562457,0.000562457,0.000562457,0.00597632,0.000860619,0.0790494,0.00219737,0.000602471,0.000558476,0.000800848,0.000800848,0.000666309,0.000666309,0.000558476,0.857828,0.285925,0.600774,0.376385,0.476667,0.276036,0.5865,0.447644,0.110328,0.485016,0.254443,0.469443,0.577165,0.152351,0.401441,0.819429,0.437737,0.519319,0.675973,0.299588,0.186935,0.666881,0.671112,0.4982
period9,0.99956,0.995038,0.0256281,1,0.0115623,1,0.997677,0.997023,0.856166,0.000983073,0.000600326,0.000562243,0.000562243,0.000562243,0.338413,0.00105831,1,0.00491905,0.000600326,0.000558454,0.00597553,0.0457889,0.000905672,0.000905672,0.000558454,0.227815,0.771841,0.512484,0.966934,0.49503,0.872373,0.800674,0.532098,0.571392,0.488117,0.435138,0.544889,0.447323,0.167893,0.510962,0.746932,0.292035,0.56901,0.432373,0.497039,0.817265,0.69724,0.483339,0.493375
period10,0.999795,0.99526,0.307035,1,0.0146185,1,0.998828,0.998249,0.913034,0.000962154,0.000598244,0.000562036,0.000562036,0.000562036,0.686999,0.00105749,1,0.04067,0.000598244,0.000558434,0.066188,0.547589,0.00107965,0.00107965,0.000558434,0.785696,0.391558,0.674531,0.388695,0.896242,0.344211,0.527396,0.54131,0.374121,0.379296,0.816436,0.442871,0.485624,0.359398,0.240938,0.510201,0.583057,0.310766,0.483177,0.684492,0.304174,0.750185,0.444913,0.764698
period11,0.999865,0.995327,0.568342,1,0.0322023,1,0.999021,0.998986,0.933539,0.00599385,0.000801716,0.000582281,0.000582281,0.000582281,0.77301,0.00107478,1,0.0513879,0.000801716,0.000560448,0.126484,0.673614,0.00109505,0.00109505,0.000560448,0.44986,0.516703,0.0557007,0.563478,0.666439,0.92742,0.125718,0.215021,0.509603,0.571766,0.265679,0.377388,0.502975,0.689015,0.516087,0.543893,0.390973,0.299901,0.327063,0.179838,0.455451,0.719372,0.614277,0.814515
period12,0.999878,0.995339,0.688945,1,0.0981642,1,0.999072,0.999247,0.969091,0.0160331,0.000902853,0.000592344,0.000592344,0.000592344,0.808467,0.00108266,1,0.194136,0.000902853,0.000561449,0.231984,0.734137,0.00110287,0.00110287,0.000561449,0.479985,0.42762,0.302416,0.568207,0.254182,0.375531,0.283689,0.686152,0.797783,0.412595,0.487854,0.206371,0.432331,0.50829,0.654572,0.441396,0.824982,0.490497,0.388877,0.693427,0.666185,0.535169,0.46905,0.540006
period13,1,0.995455,0.769347,1,0.144823,1,0.999096,0.999313,0.969219,0.0311777,0.000947376,0.000596774,0.000596774,0.000596774,0.83886,0.00108443,1,0.382898,0.000947376,0.00056189,0.332516,0.764504,0.00110562,0.00110562,0.00056189,0.583399,0.187529,0.552035,0.429961,0.444673,0.292102,0.431147,0.32783,0.707901,0.256357,0.438958,0.710521,0.65509,0.473056,0.492996,0.498542,0.55871,0.578896,0.476843,0.210613,0.700814,0.432731,0.293992,0.563185
period14,1,0.995455,0.824623,1,0.21124,1,0.999102,0.999374,0.974296,0.11698,0.0107374,0.000860079,0.000860079,0.000860079,0.874205,0.00141656,1,0.456929,0.000989132,0.000588088,0.362726,0.784756,0.00113902,0.00113902,0.000588088,0.589999,0.0732086,0.634108,0.281928,0.315136,0.591861,0.651023,0.646003,0.700219,0.0877216,0.249415,0.254111,0.331682,0.678418,0.649047,0.327108,0.569528,0.256166,0.320078,0.307717,0.274732,0.430057,0.346794,0.443876
period15,1,0.995455,0.864824,1,0.245539,1,0.999103,0.999394,0.974297,0.182606,0.0306068,0.00531192,0.000939516,0.000939516,0.879254,0.00167463,1,0.494236,0.000994999,0.000767964,0.392881,0.809899,0.00116497,0.00116497,0.000595992,0.584013,0.230835,0.498052,0.785175,0.447127,0.191726,0.687684,0.273579,0.652507,0.884125,0.780416,0.458863,0.412399,0.02107,0.199568,0.700479,0.249928,0.240313,0.814529,0.439204,0.39465,0.764775,0.516448,0.465206
period16,1,0.995431,0.879293,1,0.264145,1,0.998894,0.999398,0.97923,0.258347,0.105334,0.01056,0.00577214,0.01056,0.889294,0.00238913,1,0.58126,0.00100135,0.00437683,0.423043,0.835032,0.00124048,0.00124048,0.000856817,0.706078,0.293406,0.356712,0.523852,0.402458,0.278369,0.350837,0.547873,0.360433,0.297654,0.251039,0.323326,0.346334,0.551293,0.50719,0.457721,0.522055,0.422764,0.519841,0.70273,0.372525,0.542319,0.572657,0.53818
period17,1,0.995408,0.898985,1,0.287393,1,1,1,1,0.335567,0.168795,0.0556135,0.00596786,0.0109324,0.907732,0.00740376,1,0.672989,0.00101179,0.00560564,0.447126,0.8574,0.00161423,0.00161423,0.00451577,0.640605,0.555463,0.689797,0.386402,0.463715,0.333511,0.633565,0.218251,0.458844,0.698921,0.47435,0.413896,0.578001,0.475651,0.438569,0.607138,0.511307,0.411462,0.81891,0.694261,0.27752,0.463961,0.289316,0.830475
period18,1,0.995408,0.919289,1,0.312855,1,1,1,1,0.428351,0.235584,0.111281,0.0310821,0.0260696,0.923196,0.0170073,1,0.737714,0.00101139,0.0155066,0.447151,0.862589,0.00397342,0.00217138,0.00528669,0.0392664,0.824577,0.0475282,0.241781,0.538373,0.155194,0.947883,0.695116,0.319396,0.111662,0.395688,0.295961,0.480427,0.473067,0.546924,0.410564,0.646128,0.48619,0.86901,0.312002,0.450412,0.407081,0.629612,0.601554
