period5,0.755385,1,0.969355,0.892102,0.7173,0.0260382,0.00282372,0.00181649,0.0139974,0.00291666,1,1,0.0139974,0.00291666,0.00319001,0.00291666,0.0498752,0.3391,0.00181649,0.00291666,0.00182564,0.00182564,0.00182564,0.00291666,0.00291666,0.00185255,0.00171732,0.00171732,0.1,0.1,0.1,0.102187,0.825571,0.364755,0.49057,0.464026,0.440185,0.320403,0.64962,0.717088,0.379779,0.1,0.1,0.64453,0.770604,0.444982,0.410093
period6,0.816923,1,0.969355,0.923884,0.844428,0.0677076,0.0299656,0.00253859,0.145802,0.00287856,1,1,0.0156448,0.00287856,0.0040667,0.00307887,0.0498752,0.614368,0.00253859,0.00287856,0.00182189,0.00182189,0.00184161,0.00307887,0.00307887,0.00193887,0.00178841,0.00178841,0.132574,0.123746,0.14219,0.28146,0.544094,0.464052,0.787151,0.499388,0.157057,0.711752,0.61111,0.76388,0.417391,0.132758,0.125694,0.479032,0.256289,0.486172,0.673872
period7,0.847692,1,0.969355,0.923884,0.87621,0.131462,0.0760188,0.0281466,0.224307,0.0029533,1,1,0.0386173,0.0590299,0.0047898,0.00343303,0.0498752,0.715057,0.00280695,0.0309916,0.00182925,0.00272317,0.00187648,0.00343303,0.00343303,0.00201007,0.00248084,0.00181484,0.391475,0.386321,0.290125,0.487711,0.206609,0.562063,0.624659,0.400624,0.197113,0.365121,0.590419,0.669919,0.558077,0.158633,0.308557,0.425286,0.541578,0.652206,0.33927
period8,0.847692,1,0.969355,0.923884,0.87621,0.157989,0.089143,0.0537561,0.396732,0.0577202,1,1,0.0386173,0.194524,0.00481465,0.00343303,0.0498752,0.754847,0.015552,0.0714006,0.00269912,0.0936542,0.00187648,0.00343303,0.0227417,0.00201252,0.00262634,0.0023158,0.0936945,0.51882,0.0912941,0.412892,0.511128,0.741412,0.361946,0.387192,0.532319,0.59124,0.434302,0.287821,0.50496,0.155549,0.410527,0.47137,0.314513,0.596485,0.332412
period9,0.909231,1,0.969355,0.923884,0.923884,0.155762,0.130393,0.107171,0.468991,0.201996,1,1,0.027623,0.287267,0.00434559,0.00290049,0.0498752,0.796458,0.0419746,0.159361,0.0702435,0.208143,0.00182405,0.00290049,0.016712,0.00196634,0.00275716,0.00259457,0.229076,0.250853,0.107975,0.620016,0.22456,0.522024,0.500677,0.739035,0.390942,0.437495,0.481629,0.620498,0.265835,0.213515,0.358139,0.57215,0.669748,0.488419,0.224998
period10,0.924615,1,0.969355,0.923884,0.923884,0.213574,0.145348,0.13501,0.503145,0.333679,1,1,0.0253518,0.448683,0.00425838,0.00279048,0.0498752,0.807196,0.108583,0.218674,0.239333,0.325515,0.00181322,0.00279048,0.0154664,0.00195775,0.00280007,0.0148351,0.756145,0.368887,0.475508,0.521034,0.418174,0.804395,0.279151,0.472717,0.477464,0.439202,0.263592,0.318954,0.560531,0.498186,0.455546,0.724988,0.396094,0.158371,0.789371
period11,0.924615,1,0.969355,0.939775,0.955666,0.259075,0.204485,0.152879,0.577758,0.364167,1,1,0.0273045,0.465275,0.00446574,0.0165373,0.0816573,0.881957,0.111982,0.26306,0.311132,0.38371,0.00236353,0.00288506,0.0165373,0.00197817,0.00284273,0.027687,0.33749,0.297946,0.406449,0.361419,0.232277,0.476573,0.486686,0.38553,0.701633,0.436109,0.687206,0.35273,0.599185,0.425466,0.353806,0.242441,0.462028,0.464578,0.410094
period12,0.924615,1,0.999348,1,0.984616,0.338698,0.209175,0.18423,0.652112,0.373581,1,1,0.025285,0.566251,0.00438166,0.0154297,0.0999478,0.905828,0.114505,0.314299,0.347847,0.453155,0.00230988,0.00278724,0.0154297,0.00196989,0.00288472,0.0282713,0.743615,0.502042,0.33345,0.232241,0.725116,0.488076,0.41242,0.657111,0.68309,0.413385,0.505326,0.626675,0.602376,0.549292,0.338779,0.122382,0.549908,0.290341,0.756849
period13,0.924615,1,0.999348,1,0.984616,0.413321,0.239203,0.18588,0.696885,0.373762,1,1,0.025285,0.625827,0.00442299,0.0154297,0.0999478,0.905828,0.143668,0.418244,0.348014,0.570692,0.00230988,0.00278724,0.0154297,0.00197396,0.00289333,0.0420451,0.107423,0.62601,0.0141122,0.829061,0.352628,0.179732,0.743957,0.331801,0.547055,0.468952,0.426604,0.820043,0.663014,0.669859,0.450643,0.549814,0.535509,0.583513,0.487202
period14,0.924615,1,1,1,0.985246,0.458327,0.283936,0.187535,0.786875,0.389138,1,1,0.0252411,0.700919,0.00448052,0.0154056,0.116393,0.906347,0.187535,0.448525,0.363321,0.645631,0.00230871,0.00278511,0.0154056,0.00197962,0.0162973,0.0698787,0.53402,0.168344,0.286561,0.201197,0.287624,0.458018,0.280303,0.0814919,0.337024,0.486657,0.130813,0.506516,0.70427,0.217342,0.370947,0.479207,0.728208,0.229081,0.754766
period15,0.924615,1,1,1,0.985246,0.532997,0.358368,0.203685,0.816743,0.404097,1,1,0.0252411,0.760494,0.00457438,0.0154056,0.116393,0.906347,0.246689,0.478347,0.378245,0.690543,0.00230871,0.00278511,0.0154056,0.00198886,0.0164983,0.0988745,0.554499,0.588295,0.672706,0.346581,0.433839,0.139201,0.597655,0.387661,0.294612,0.363515,0.429356,0.292018,0.289417,0.359313,0.429171,0.279783,0.478614,0.44242,0.248318
period16,1,1,1,1,0.985246,0.633002,0.414445,0.248634,0.891427,0.432473,1,1,0.0192421,0.862268,0.00435712,0.0121156,1,0.972185,0.294683,0.559819,0.420065,0.755345,0.00214935,0.00249454,0.0121156,0.00196747,0.032247,0.135614,0.579768,0.697775,0.305219,0.226011,0.472715,0.564451,0.715815,0.339951,0.449847,0.505704,0.472319,0.522627,0.408963,0.261152,0.659326,0.454896,0.277138,0.356339,0.273216
period17,1,1,1,1,0.969355,0.672078,0.424991,0.291418,0.878662,0.442113,1,1,0.0205447,0.865754,0.0044284,0.01283,1,0.958117,0.336953,0.551946,0.414655,0.822263,0.00218395,0.00255763,0.01283,0.00197449,0.0321393,0.193459,0.42137,0.700769,0.488112,0.0430024,0.654169,0.777969,0.447038,0.41193,0.430803,0.314622,0.16078,0.510866,0.620996,0.198465,0.437653,0.518018,0.36562,0.6773,0.638843
period18,1,1,1,1,0.969355,0.719751,0.519309,0.293232,0.894553,0.442171,1,1,0.0205447,0.865906,0.00451951,0.01283,1,0.958117,0.400148,0.567722,0.414708,0.837868,0.00218395,0.00255763,0.01283,0.00198346,0.0323258,0.240145,0.362211,0.296602,0.61587,0.520352,0.880483,0.424608,0.401767,0.397817,0.664314,0.515198,0.463315,0.440005,0.534543,0.363652,0.25803,0.219876,0.385928,0.612218,0.430673
period19,1,1,1,1,0.969355,0.735643,0.597731,0.340204,0.894553,0.442171,1,1,0.0523268,0.8816,0.00510421,0.0159184,1,0.958117,0.447489,0.567722,0.429956,0.853529,0.00233355,0.00283668,0.0159184,0.00204103,0.0325965,0.286436,0.504464,0.65144,0.478975,0.889118,0.152278,0.622409,0.425301,0.590595,0.238654,0.170396,0.498839,0.359183,0.359416,0.351202,0.459329,0.783721,0.642454,0.455295,0.604597
period20,1,1,1,1,0.968333,0.75978,0.61732,0.383003,0.907492,0.424112,1,1,0.0540452,0.877858,0.0161,0.016439,1,0.956729,0.509632,0.602369,0.411532,0.848889,0.00240834,0.00292772,0.016439,0.00239194,0.0337543,0.327438,0.358392,0.374029,0.422619,0.102371,0.308807,0.577888,0.386029,0.544432,0.747782,0.511997,0.514632,0.457839,0.527886,0.47666,0.345715,0.574411,0.754524,0.684356,0.479549
period21,1,1,1,1,0.968333,0.75978,0.665816,0.446982,0.907492,0.424112,1,1,0.0540452,0.877858,0.0286101,0.016439,1,0.956729,0.526246,0.602369,0.411532,0.848889,0.00240834,0.00292772,0.016439,0.00254611,0.0339477,0.359117,0.613219,0.4152,0.450899,0.776461,0.397077,0.625006,0.86892,0.537017,0.369907,0.530797,0.434354,0.775223,0.416897,0.646654,0.199507,0.340902,0.340268,0.445637,0.439974
period22,1,1,1,1,0.968333,0.825429,0.731281,0.495903,0.907492,0.424112,1,1,0.0704576,0.894063,0.0307531,0.0170762,1,0.956729,0.57539,0.618575,0.411532,0.865053,0.00243917,0.00298465,0.0170762,0.0128651,0.0341189,0.438558,0.882582,0.885165,0.333562,0.254986,0.63132,0.335134,0.374407,0.582677,0.465751,0.234034,0.556322,0.333479,0.265402,0.451681,0.655054,0.290497,0.268109,0.542298,0.362336
period23,1,1,1,1,0.968333,0.841842,0.763832,0.496376,0.923904,0.424138,1,1,0.0704576,0.910403,0.0318193,0.0170762,1,0.956729,0.607768,0.651062,0.411556,0.881336,0.00243917,0.00298465,0.0170762,0.0132543,0.0341485,0.470641,0.00935286,0.691087,0.606998,0.401111,0.623147,0.553369,0.467852,0.540005,0.536894,0.259496,0.447744,0.197107,0.417584,0.479229,0.423956,0.704128,0.5857,0.31948,0.342041
period24,1,1,1,1,0.966071,0.883396,0.782495,0.496567,0.918526,0.401503,1,1,0.092974,0.904092,0.0305826,0.0187249,1,0.953656,0.632653,0.626801,0.388109,0.873052,0.0026281,0.00322924,0.0187249,0.0129143,0.0364378,0.502797,0.180685,0.585859,0.546428,0.477637,0.903811,0.350566,0.718061,0.683792,0.473612,0.260259,0.616017,0.505242,0.722232,0.128041,0.340933,0.373934,0.455425,0.342862,0.738987
period25,1,1,1,1,0.967241,0.921307,0.874303,0.6468,0.955245,0.522687,1,1,0.208603,0.941654,0.163602,0.0353812,1,0.955245,0.77877,0.673515,0.445068,0.928731,0.00287169,0.0193348,0.0193348,0.143232,0.084233,0.701114,0.180047,0.784248,0.36668,0.804055,0.723662,0.23767,0.482714,0.425661,0.395022,0.262163,0.472901,0.772837,0.599464,0.144404,0.155787,0.339931,0.721869,0.38528,0.574367
period25,1,1,1,1,0.996571,0.946211,0.897396,0.663507,0.981178,0.535972,1,1,0.211896,0.966313,0.167648,0.0359061,1,1,0.798963,0.690895,0.455382,0.952179,0.00288826,0.0196064,0.0196064,0.146208,0.0862796,0.719077,0.180047,0.784248,0.36668,0.818448,0.743174,0.239145,0.494086,0.430351,0.401399,0.262163,0.472901,0.772837,0.599464,0.144404,0.155787,0.342986,0.721389,0.384453,0.574384
period25,1,1,1,1,0.996571,0.946211,0.897396,0.663507,0.981178,0.535972,1,1,0.211896,0.966313,0.167648,0.0359061,1,1,0.798963,0.690895,0.455382,0.952179,0.00288826,0.0196064,0.0196064,0.146208,0.0862796,0.719077,0.180047,0.784248,0.36668,0.818448,0.743174,0.239145,0.494086,0.430351,0.401399,0.262163,0.472901,0.772837,0.599464,0.144404,0.155787,0.342986,0.721389,0.384453,0.574384
period25,1,1,1,1,0.996571,0.946211,0.897396,0.663507,0.981178,0.535972,1,1,0.211896,0.966313,0.167648,0.0359061,1,1,0.798963,0.690895,0.455382,0.952179,0.00288826,0.0196064,0.0196064,0.146208,0.0862796,0.719077,0.180047,0.784248,0.36668,0.818448,0.743174,0.239145,0.494086,0.430351,0.401399,0.262163,0.472901,0.772837,0.599464,0.144404,0.155787,0.342986,0.721389,0.384453,0.574384
period25,1,1,1,1,0.996571,0.946211,0.897396,0.663507,0.981178,0.535972,1,1,0.211896,0.966313,0.167648,0.0359061,1,1,0.798963,0.690895,0.455382,0.952179,0.00288826,0.0196064,0.0196064,0.146208,0.0862796,0.719077,0.180047,0.784248,0.36668,0.818448,0.743174,0.239145,0.494086,0.430351,0.401399,0.262163,0.472901,0.772837,0.599464,0.144404,0.155787,0.342986,0.721389,0.384453,0.574384
period25,1,1,1,1,0.996571,0.946211,0.897396,0.663507,0.981178,0.535972,1,1,0.211896,0.966313,0.167648,0.0359061,1,1,0.798963,0.690895,0.455382,0.952179,0.00288826,0.0196064,0.0196064,0.146208,0.0862796,0.719077,0.180047,0.784248,0.36668,0.818448,0.743174,0.239145,0.494086,0.430351,0.401399,0.262163,0.472901,0.772837,0.599464,0.144404,0.155787,0.342986,0.721389,0.384453,0.574384
