period5,1,0.939899,0.000502513,1,0.0200402,0.82,1,0.000869565,0.000869565,0.000589032,0.00056112,0.000558343,0.000558343,0.000558343,0.000589032,0.000616832,0.000589032,0.000647588,0.00056112,0.000558066,0.00056112,0.00056112,0.000619102,0.000619102,0.000558066,0.564259,0.15714,0.302611,0.0478306,0.78358,0.87376,0.303622,0.827618,0.762086,0.450388,0.135075,0.0498147,0.545755,0.337171,0.135325,0.271946,0.301888,0.34434,0.240491,0.439679,0.55091,0.455074,0.310176,0.68569
period6,1,0.990404,0.000502513,1,0.00718952,0.792857,1,0.0122093,0.00639535,0.000821588,0.000584259,0.000560645,0.000560645,0.000560645,0.000821588,0.000642189,0.000908393,0.000911681,0.000584259,0.000558295,0.000584259,0.000584259,0.000623696,0.000623696,0.000558295,0.520551,0.818876,0.653402,0.752902,0.550052,0.785847,0.798924,0.336666,0.401177,0.249402,0.318281,0.362049,0.631914,0.0274365,0.513166,0.471626,0.526564,0.442655,0.192068,0.102414,0.168325,0.750554,0.214117,0.516605
period7,1,0.995455,0.000502513,1,0.00504774,0.805,1,0.0782383,0.31658,0.00100585,0.000602592,0.000562469,0.000562469,0.000562469,0.00100585,0.000662486,0.0303293,0.00225344,0.000602592,0.000558477,0.000602592,0.000602592,0.000627356,0.000627356,0.000558477,0.292108,0.516109,0.663221,0.530664,0.929006,0.12941,0.624641,0.229324,0.979158,0.37143,0.529091,0.830713,0.696142,0.405071,0.410234,0.718523,0.472731,0.41389,0.311027,0.422667,0.640125,0.748016,0.447023,0.406675
period8,1,0.995455,0.00552764,1,0.00437766,0.926923,1,0.152792,0.731472,0.000992696,0.000601283,0.000562339,0.000562339,0.000562339,0.00603733,0.000863519,0.0798545,0.00219453,0.000601283,0.000558464,0.000803868,0.000803868,0.000666883,0.000666883,0.000558464,0.857828,0.285925,0.600774,0.376388,0.476672,0.276036,0.5865,0.450068,0.110334,0.484998,0.254557,0.469785,0.576922,0.152407,0.403115,0.819253,0.435314,0.519451,0.68023,0.300431,0.183515,0.667908,0.674263,0.499076
period9,1,0.995455,0.0256281,1,0.0115623,1,1,0.325381,0.858376,0.000977008,0.000599722,0.000562183,0.000562183,0.000562183,0.339278,0.00105887,0.171199,0.00200908,0.000599722,0.000558448,0.00598887,0.0459039,0.000906386,0.000906386,0.000558448,0.227815,0.771841,0.512484,0.966939,0.495032,0.872373,0.800674,0.532079,0.571467,0.488565,0.435255,0.545066,0.600516,0.404199,0.512027,0.746497,0.291624,0.568927,0.432495,0.497049,0.818498,0.697318,0.483544,0.493483
period10,1,0.995455,0.307035,1,0.0146185,1,1,0.670558,0.914213,0.0009566,0.000597692,0.000561981,0.000561981,0.000561981,0.687879,0.00105668,0.29342,0.0131854,0.000597692,0.000558428,0.0662707,0.548288,0.00108012,0.00108012,0.000558428,0.785696,0.391558,0.674531,0.388696,0.896246,0.344211,0.527396,0.541254,0.373701,0.379166,0.816563,0.442922,0.465658,0.394449,0.240578,0.51023,0.583095,0.310785,0.483392,0.684459,0.303909,0.750169,0.445045,0.764639
period11,1,0.995455,0.568342,1,0.0322023,1,1,0.99906,0.934518,0.00599314,0.000801681,0.000582278,0.000582278,0.000582278,0.773813,0.00107355,1,0.0514301,0.000801681,0.000560448,0.126613,0.674312,0.00109535,0.00109535,0.000560448,0.44986,0.516703,0.0557007,0.563479,0.666439,0.92742,0.125718,0.214574,0.509907,0.571482,0.265692,0.377415,0.503001,0.689005,0.516325,0.543791,0.390963,0.299905,0.327138,0.179844,0.455534,0.719378,0.614475,0.814593
period12,1,0.995455,0.688945,1,0.0981642,1,1,0.999319,0.970051,0.0160366,0.000902938,0.000592353,0.000592353,0.000592353,0.809255,0.00108113,1,0.194295,0.000902938,0.00056145,0.232208,0.734851,0.00110305,0.00110305,0.00056145,0.479985,0.42762,0.302416,0.568205,0.254182,0.375531,0.283689,0.686658,0.797835,0.412155,0.487901,0.20638,0.432336,0.508273,0.655102,0.441592,0.825377,0.490564,0.388974,0.693387,0.666438,0.535265,0.469455,0.539679
period13,1,0.995455,0.769347,1,0.144823,1,1,0.999409,0.970051,0.0311937,0.000947596,0.000596796,0.000596796,0.000596796,0.839569,0.00108273,1,0.383198,0.000947596,0.000561892,0.332795,0.765148,0.00110565,0.00110565,0.000561892,0.583399,0.187529,0.552035,0.42996,0.444676,0.292102,0.431147,0.327631,0.708336,0.256447,0.438958,0.710521,0.655083,0.473056,0.493028,0.49853,0.559086,0.578917,0.477029,0.210683,0.701158,0.432622,0.294028,0.56317
period14,1,0.995455,0.824623,1,0.21124,1,1,0.999478,0.975127,0.117067,0.0107451,0.000860329,0.000860329,0.000860329,0.874938,0.00141438,1,0.457276,0.000989447,0.000588113,0.363027,0.785411,0.00113897,0.00113897,0.000588113,0.589999,0.0732086,0.634108,0.281984,0.31515,0.591861,0.651023,0.646021,0.700307,0.0872956,0.249415,0.254111,0.331644,0.678418,0.6493,0.32699,0.569685,0.256105,0.320116,0.30771,0.274589,0.430119,0.346936,0.443888
period15,1,0.995455,0.864824,1,0.245539,1,1,0.999501,0.975127,0.18275,0.0306304,0.00531561,0.000939841,0.000939841,0.879991,0.00167246,1,0.494629,0.000995298,0.000768146,0.393207,0.810574,0.0011649,0.0011649,0.000596024,0.584013,0.230835,0.498052,0.785104,0.447141,0.191726,0.687684,0.273533,0.652923,0.884523,0.780416,0.458863,0.412439,0.0209962,0.199467,0.700483,0.249933,0.240316,0.814997,0.439346,0.39487,0.764809,0.516633,0.465217
period16,1,0.995431,0.879293,1,0.264145,1,1,0.999468,0.980203,0.258583,0.10543,0.0105691,0.00577689,0.0105691,0.890158,0.00238625,1,0.581788,0.00100164,0.00438016,0.42345,0.835839,0.00124032,0.00124032,0.000857116,0.706078,0.293406,0.356712,0.523928,0.402453,0.278369,0.350837,0.548026,0.360488,0.297635,0.251039,0.323326,0.346302,0.551295,0.507537,0.457664,0.522406,0.422911,0.520071,0.70269,0.372574,0.542271,0.572871,0.538152
period17,1,0.995408,0.898985,1,0.287393,1,1,0.999468,0.985204,0.330972,0.166494,0.0548637,0.00589481,0.0107917,0.894671,0.00738156,1,0.663771,0.00100831,0.00553731,0.440761,0.845132,0.00161248,0.00161248,0.00446424,0.640605,0.555463,0.689797,0.385998,0.464732,0.333352,0.633565,0.219575,0.457071,0.698848,0.47435,0.413896,0.577871,0.475539,0.434772,0.606928,0.507887,0.410026,0.809309,0.696423,0.276102,0.463922,0.289049,0.831621
period18,1,0.995408,0.919289,1,0.312855,1,1,0.999479,0.985204,0.422383,0.232314,0.109746,0.0306598,0.025717,0.909906,0.0168563,1,0.727539,0.00100952,0.0153005,0.440794,0.850252,0.00393827,0.00216268,0.00522222,0.0392664,0.824577,0.0475282,0.241358,0.541003,0.154859,0.947883,0.686088,0.318914,0.114795,0.395688,0.295961,0.480372,0.473101,0.540797,0.40737,0.639294,0.487267,0.85812,0.317937,0.447538,0.405323,0.621905,0.601571
period19,1,0.995385,0.929082,1,0.35558,1,1,0.999479,0.985128,0.506207,0.314864,0.160942,0.0459916,0.0459916,0.924759,0.0267583,1,0.78378,0.00101527,0.0644006,0.453227,0.859714,0.00868068,0.00468985,0.0147676,0.532567,0.779128,0.684932,0.516961,0.10865,0.727108,0.313575,0.430105,0.427916,0.187894,0.712891,0.528915,0.794367,0.886984,0.479078,0.24711,0.536365,0.408376,0.413261,0.503143,0.263252,0.517748,0.324461,0.479756
period20,1,0.995337,0.928351,1,0.380015,1,1,0.999479,0.984974,0.614566,0.410737,0.208928,0.0618739,0.0973697,0.929139,0.0323906,1,0.828692,0.00614744,0.105478,0.473289,0.868558,0.0116112,0.00945057,0.0204766,0.641044,0.214237,0.47422,0.553039,0.514973,0.799939,0.744285,0.919282,0.440075,0.735573,0.138291,0.471773,0.55861,0.407946,0.488834,0.784722,0.30362,0.599216,0.767664,0.459564,0.623411,0.575875,0.624733,0.346758
period21,1,0.995288,0.927604,1,0.399622,1,1,0.999481,0.984817,0.688709,0.461902,0.283309,0.0728871,0.113945,0.9284,0.0330408,1,0.861625,0.00621491,0.147743,0.483383,0.872378,0.0141717,0.00970267,0.0307414,0.441588,0.638106,0.219855,0.515239,0.343952,0.536032,0.378982,0.550649,0.376629,0.407801,0.437584,0.60362,0.41297,0.169726,0.16402,0.579717,0.382552,0.299391,0.626472,0.241664,0.390369,0.403093,0.168137,0.650858
period22,1,0.995238,0.942632,1,0.427298,1,1,0.999481,0.984656,0.748617,0.561201,0.354397,0.0789929,0.146545,0.932911,0.0376148,1,0.8944,0.00628231,0.211627,0.48846,0.88154,0.0148828,0.0101975,0.0566181,0.0668319,0.373863,0.58682,0.2091,0.646824,0.542064,0.578639,0.438485,0.303594,0.634966,0.69228,0.343302,0.487497,0.422826,0.463462,0.500448,0.454443,0.642312,0.279178,0.429104,0.751242,0.260128,0.55731,0.474918
period23,1,0.995161,0.941711,1,0.445065,1,1,1,1,0.78973,0.688706,0.438844,0.118515,0.203936,0.941081,0.0488699,1,0.906471,0.0064224,0.276001,0.506486,0.893674,0.0187639,0.0112274,0.0951815,0.5455,0.954152,0.851483,0.15072,0.705065,0.134392,0.894833,0.177283,0.119727,0.627748,0.496408,0.795015,0.0884372,0.222986,0.250243,0.534999,0.653097,0.561588,0.200127,0.46645,0.54313,0.375294,0.534554,0.563439
period24,1,0.995109,0.957297,1,0.460904,1,1,1,1,0.831148,0.718123,0.530215,0.136057,0.244046,0.945902,0.0613381,1,0.900588,0.00648724,0.338485,0.506563,0.892534,0.0196347,0.0112602,0.139009,0.215868,0.724798,0.743625,0.644409,0.714098,0.398271,0.455616,0.529533,0.239672,0.706914,0.309496,0.780987,0.31195,0.84454,0.444226,0.329448,0.65947,0.353512,0.441852,0.381651,0.547262,0.469082,0.370925,0.681324
period25,1,0.995028,0.962088,1,0.66501,1,1,1,1,0.945,0.929432,0.770998,0.221038,0.639007,0.967222,0.174176,1,0.947647,0.089432,0.750217,0.575769,0.951604,0.101926,0.0427934,0.590946,0.624181,0.215281,0.759033,0.829739,0.619015,0.503907,0.444429,0.404632,0.717611,0.56635,0.371599,0.480516,0.714257,0.920748,0.50569,0.627969,0.239611,0.49126,0.560869,0.469704,0.822222,0.454483,0.466886,0.335665
period25,1,0.995028,0.962088,1,0.66501,1,1,1,1,0.945,0.929432,0.770998,0.221038,0.639007,0.967222,0.174176,1,0.947647,0.089432,0.750217,0.575769,0.951604,0.101926,0.0427934,0.590946,0.624181,0.215281,0.759033,0.829739,0.619015,0.503907,0.444429,0.404632,0.717611,0.56635,0.371599,0.480516,0.714257,0.920748,0.50569,0.627969,0.239611,0.49126,0.560869,0.469704,0.822222,0.454483,0.466886,0.335665
period25,1,0.995028,0.962088,1,0.66501,1,1,1,1,0.945,0.929432,0.770998,0.221038,0.639007,0.967222,0.174176,1,0.947647,0.089432,0.750217,0.575769,0.951604,0.101926,0.0427934,0.590946,0.624181,0.215281,0.759033,0.829739,0.619015,0.503907,0.444429,0.404632,0.717611,0.56635,0.371599,0.480516,0.714257,0.920748,0.50569,0.627969,0.239611,0.49126,0.560869,0.469704,0.822222,0.454483,0.466886,0.335665
