period3,0.161307,0.0156552,0.000502513,0.000502513,0.000602485,0.00104077,0.0959799,0.00181104,0.00181104,0.000682707,0.00057044,0.00055927,0.00055927,0.00055927,0.000682707,0.000626982,0.000682707,0.000750444,0.00057044,0.000558159,0.00057044,0.00057044,0.000620946,0.000620946,0.000558159,0.329521,0.0825462,0.376766,0.347788,0.608191,0.0366496,0.440758,0.391304,0.495996,0.899078,0.530572,0.559755,0.841297,0.0320113,0.301924,0.455604,0.601375,0.49958,0.430249,0.174618,0.628981,0.245602,0.754661,0.332937
period4,0.734171,0.67524,0.000502513,0.00552764,0.000828501,0.00134872,0.121106,0.00454041,0.00454041,0.000954272,0.00059746,0.000561958,0.000561958,0.000561958,0.000954272,0.000656406,0.000954272,0.00104578,0.00059746,0.000558426,0.00059746,0.00059746,0.000626292,0.000626292,0.000558426,0.435909,0.0366392,0.623881,0.601165,0.291527,0.888342,0.0324066,0.643456,0.247361,0.18353,0.630202,0.583965,0.228092,0.118874,0.408635,0.432371,0.529106,0.630548,0.287802,0.447841,0.626009,0.483555,0.459883,0.651797
period5,0.990452,0.931402,0.000502513,0.020603,0.000964107,0.0177204,0.573367,0.00174797,0.00174797,0.000676431,0.000569816,0.000559208,0.000559208,0.000559208,0.000676431,0.000626302,0.000676431,0.000742994,0.000569816,0.000558152,0.000569816,0.000569816,0.000620822,0.000620822,0.000558152,0.564259,0.15714,0.302611,0.0478352,0.78352,0.873759,0.303622,0.826978,0.762028,0.450357,0.134773,0.0510781,0.545363,0.336962,0.135294,0.271946,0.30171,0.3443,0.240368,0.439699,0.550513,0.455103,0.309991,0.685856
period6,0.990452,0.981425,0.000502513,0.0658291,0.00102221,0.0527037,0.859799,0.0117995,0.00684836,0.00084401,0.000586489,0.000560867,0.000560867,0.000560867,0.00084401,0.000644629,0.00089494,0.00093263,0.000586489,0.000558317,0.000586489,0.000586489,0.000624138,0.000624138,0.000558317,0.520551,0.818876,0.653402,0.752887,0.550042,0.785847,0.798924,0.336581,0.40117,0.249399,0.316251,0.359743,0.632063,0.0272962,0.512984,0.471596,0.526384,0.442616,0.192031,0.102399,0.168308,0.75056,0.214082,0.516597
period7,0.990452,0.986428,0.000502513,0.0959799,0.00103189,0.0775495,0.965327,0.0763151,0.304196,0.000994845,0.000601497,0.00056236,0.00056236,0.00056236,0.000994845,0.000661283,0.0295971,0.00220057,0.000601497,0.000558466,0.000601497,0.000601497,0.000627138,0.000627138,0.000558466,0.292108,0.516109,0.663221,0.530668,0.929015,0.12941,0.624641,0.224869,0.979168,0.371432,0.5253,0.824239,0.695981,0.405005,0.409524,0.718885,0.473681,0.413932,0.311376,0.4227,0.641306,0.74794,0.446391,0.407011
period8,0.990452,0.986428,0.00552764,0.126131,0.00129601,0.116835,0.985427,0.150797,0.7156,0.00101061,0.000603066,0.000562516,0.000562516,0.000562516,0.00594578,0.000859168,0.0788197,0.00219982,0.000603066,0.000558481,0.000799337,0.000799337,0.000666021,0.000666021,0.000558481,0.857828,0.285925,0.600774,0.376383,0.476665,0.276036,0.5865,0.446431,0.110325,0.485024,0.253507,0.466648,0.577235,0.152335,0.400602,0.819517,0.43895,0.519253,0.673841,0.299166,0.188647,0.666367,0.669535,0.497762
period9,1,0.995455,0.0256281,0.996815,0.0115295,1,1,1,1,0.000588235,0.00056104,0.000558335,0.000558335,0.000558335,0.394706,0.00109453,1,0.00454545,0.00056104,0.000558065,0.0068435,0.0532795,0.000952169,0.000952169,0.000558065,0.227815,0.771841,0.512484,0.967277,0.495186,0.872376,0.800674,0.530842,0.576299,0.517248,0.435255,0.545066,0.446644,0.166846,0.580274,0.718567,0.265251,0.563562,0.440348,0.497691,0.897523,0.702335,0.496672,0.500396
period10,1,0.995455,0.307035,0.998857,0.0146053,1,1,1,1,0.000552486,0.000557484,0.000557981,0.000557981,0.000557981,0.751934,0.000997836,1,0.04375,0.000557484,0.00055803,0.072294,0.599196,0.00111402,0.00111402,0.00055803,0.785696,0.391558,0.674531,0.388813,0.896568,0.344212,0.527396,0.537131,0.343154,0.369695,0.816563,0.442922,0.485731,0.359211,0.21437,0.512306,0.585832,0.312141,0.499008,0.68207,0.284586,0.749016,0.454686,0.760337
period11,1,0.995455,0.568342,0.999339,0.0321897,1,1,1,1,0.00594595,0.000799345,0.000582045,0.000582045,0.000582045,0.827568,0.00099144,1,0.0542553,0.000799345,0.000560425,0.135258,0.721003,0.00111545,0.00111545,0.000560425,0.44986,0.516703,0.0557007,0.563498,0.666463,0.927421,0.125718,0.184647,0.53023,0.552498,0.265692,0.377415,0.503325,0.688888,0.532211,0.536919,0.390308,0.300197,0.33214,0.180261,0.461057,0.719798,0.627689,0.819834
period12,1,0.995455,0.688945,0.99939,0.0981158,1,1,1,1,0.0161458,0.000905612,0.000592619,0.000592619,0.000592619,0.833854,0.00103364,1,0.199265,0.000905612,0.000561477,0.239188,0.75711,0.00110861,0.00110861,0.000561477,0.479985,0.42762,0.302416,0.568164,0.254179,0.375531,0.283689,0.702437,0.799482,0.39839,0.487901,0.20638,0.432386,0.508108,0.671662,0.447704,0.837685,0.492657,0.392026,0.692128,0.674347,0.53825,0.482108,0.529481
period13,1,0.995455,0.769347,0.999403,0.144747,1,1,1,1,0.0317708,0.000955542,0.000597587,0.000597587,0.000597587,0.865104,0.00102147,1,0.394,0.000955542,0.000561971,0.342824,0.788327,0.001107,0.001107,0.000561971,0.583399,0.187529,0.552035,0.429916,0.44478,0.292101,0.431147,0.320462,0.723999,0.259701,0.438958,0.710521,0.65504,0.473055,0.49419,0.498117,0.572609,0.579664,0.4837,0.213208,0.713533,0.428699,0.295352,0.562617
period14,1,0.995455,0.824623,0.999406,0.211125,1,1,1,1,0.119689,0.010973,0.00086781,0.00086781,0.00086781,0.896891,0.00134914,1,0.467665,0.000998881,0.000588857,0.372039,0.805021,0.00113775,0.00113775,0.000588857,0.589999,0.0732086,0.634108,0.283638,0.315592,0.591857,0.651023,0.646537,0.702935,0.0745436,0.249415,0.254111,0.331454,0.678422,0.656874,0.323461,0.57438,0.254286,0.32128,0.307505,0.270291,0.431978,0.351176,0.444238
period15,1,0.995455,0.864824,1,0.245539,1,1,1,1,0.187047,0.0313362,0.00542615,0.000949558,0.000949558,0.902073,0.00160717,1,0.506395,0.00100428,0.000773618,0.402974,0.830814,0.00116271,0.00116271,0.000596991,0.584013,0.230835,0.498052,0.78295,0.447534,0.191717,0.687684,0.272155,0.665398,0.896449,0.780416,0.458863,0.412628,0.0206507,0.196442,0.700608,0.25009,0.240415,0.829023,0.443602,0.401447,0.765801,0.522178,0.465562
period16,1,0.995431,0.879293,1,0.264145,1,1,1,1,0.263402,0.107382,0.0107544,0.00587338,0.0107544,0.907732,0.00232761,1,0.592529,0.00100763,0.00444798,0.43172,0.852251,0.00123698,0.00123698,0.000863196,0.706078,0.293406,0.356712,0.525483,0.402344,0.278377,0.350837,0.551127,0.361613,0.297249,0.251039,0.323326,0.34606,0.551307,0.514582,0.456519,0.529544,0.425903,0.524729,0.70187,0.373573,0.541293,0.577216,0.537582
period17,1,0.995408,0.898985,1,0.287393,1,1,1,1,0.335567,0.168795,0.0556135,0.00596786,0.0109324,0.907732,0.00740376,1,0.672989,0.00101179,0.00560564,0.447126,0.8574,0.00161423,0.00161423,0.00451577,0.640605,0.555463,0.689797,0.386402,0.463715,0.333511,0.633565,0.218251,0.458844,0.698921,1,0.413896,0.578001,0.475651,0.438569,0.607138,0.511307,0.411462,0.81891,0.694261,0.27752,0.463961,0.289316,0.830475
period18,1,0.995408,0.919289,1,0.312855,1,1,1,1,0.428351,0.235584,0.111281,0.0310821,0.0260696,0.923196,0.0170073,1,0.737714,0.00101139,0.0155066,0.447151,0.862589,0.00397342,0.00217138,0.00528669,0.0392664,0.824577,0.0475282,0.241781,0.538373,0.155194,0.947883,0.695116,0.319396,0.111662,1,0.295961,0.480427,0.473067,0.546924,0.410564,0.646128,0.48619,0.86901,0.312002,0.450412,0.407081,0.629612,0.601554
period19,1,0.995385,0.929082,1,0.35558,1,1,1,1,0.513472,0.319367,0.163233,0.0466388,0.0466388,0.938342,0.0270406,1,0.794857,0.00101505,0.0653089,0.459786,0.872244,0.00878499,0.00473432,0.0149678,0.532567,0.779128,0.684932,0.515819,0.109386,0.726795,0.313575,0.432773,0.43013,0.185575,1,0.528915,0.794499,1,0.483361,0.246232,0.541561,0.410909,0.415951,0.503761,0.265756,0.517914,0.325972,0.47976
period20,1,0.995337,0.928351,1,0.380015,1,1,1,1,0.62356,0.416728,0.211963,0.0627637,0.0987772,0.942932,0.0327528,1,0.840571,0.00621789,0.107001,0.480209,0.881346,0.0117595,0.00956619,0.0207643,0.641044,0.214237,0.47422,0.549481,0.513182,0.798988,0.744285,0.927381,0.438806,0.737946,1,0.471773,0.558781,1,0.492849,0.783451,0.305765,0.59675,0.775641,0.462942,0.629587,0.572395,0.630714,0.34336
period21,1,0.995288,0.927604,1,0.399622,1,1,1,1,0.698942,0.46874,0.287489,0.0739518,0.115618,0.942328,0.0334163,1,0.874138,0.00628249,0.149912,0.490528,0.885358,0.0143604,0.00982291,0.031184,0.441588,0.638106,0.219855,0.516351,0.339975,0.534758,0.378982,0.551844,0.371986,0.407812,1,0.60362,0.413088,1,0.162311,0.580741,0.38561,0.298953,0.632953,0.241388,0.393324,0.401682,0.167738,0.650587
period22,1,0.995238,0.942632,1,0.427298,1,1,1,1,0.759893,0.569623,0.359697,0.0801602,0.148726,0.947059,0.0380602,1,0.907558,0.00634555,0.214779,0.495751,0.894793,0.0150838,0.0103259,0.0574516,0.0668319,0.373863,0.58682,0.208584,0.656381,0.542412,0.578639,0.440362,0.302819,0.641567,1,0.343302,0.487524,1,0.468076,0.496834,0.45879,0.644005,0.279192,0.431816,0.760022,0.255251,0.561975,0.475063
period23,1,0.995161,0.941711,1,0.445065,1,1,1,1,0.78973,0.688706,0.438844,0.118515,0.203936,0.941081,0.0488699,1,1,0.0064224,0.276001,0.506486,0.893674,0.0187639,0.0112274,0.0951815,0.5455,0.954152,0.851483,0.15072,0.705065,0.134392,0.894833,1,0.119727,0.627748,1,0.795015,0.0884372,1,0.250243,0.534999,0.653097,0.561588,0.200127,0.46645,0.54313,0.375294,0.534554,0.563439
period24,1,0.995109,0.957297,1,0.460904,1,1,1,1,0.831148,0.718123,0.530215,0.136057,0.244046,0.945902,0.0613381,1,1,0.00648724,0.338485,0.506563,0.892534,0.0196347,0.0112602,0.139009,0.215868,0.724798,0.743625,0.644409,0.714098,0.398271,0.455616,1,0.239672,0.706914,1,0.780987,0.31195,1,0.444226,0.329448,0.65947,0.353512,0.441852,0.381651,0.547262,0.469082,0.370925,0.681324
period25,1,0.995028,1,1,1,1,1,1,1,1,0.983041,0.815056,0.233375,0.675453,1,0.188043,1,1,1,0.792952,0.594857,0.983429,0.110731,0.046327,0.624564,0.6288,0.205979,0.770196,0.844608,0.631306,0.521929,0.444429,1,0.731335,0.579572,1,0.480516,0.714257,1,0.504253,0.636188,0.232635,0.487537,0.558396,0.471481,0.827495,0.453661,0.469581,0.340668
