period3,0.232308,1,1,0.518966,0.0534483,0.00551911,0.00208188,0.00174345,0.00551911,0.00208188,0.0016129,0.00169727,0.00551911,0.00208188,0.00228476,0.00208188,0.00172414,0.00551911,0.00174345,0.00208188,0.00174345,0.00174345,0.00174345,0.00208188,0.00208188,0.00176342,0.00171012,0.00171012,0.44062,0.233525,0.47229,0.198046,0.545201,0.48586,0.374068,0.445212,0.612289,0.649642,0.659163,0.438955,0.640677,0.223214,0.558774,0.549401,0.49816,0.577638,0.309108
period4,0.693846,1,1,0.901667,0.501667,0.0116765,0.00268815,0.00180314,0.0116765,0.00268815,0.0016129,0.00169727,0.0116765,0.00268815,0.00294714,0.00268815,0.00166667,0.0348818,0.00180314,0.00268815,0.00180314,0.00180314,0.00180314,0.00268815,0.00268815,0.00182864,0.001716,0.001716,0.66747,0.257734,0.40328,0.378181,0.66352,0.143014,0.279196,0.0692112,0.135819,0.474066,0.425506,0.483259,0.579133,0.312032,0.370648,0.636184,0.695382,0.533882,0.598488
period5,0.755385,1,1,0.919672,0.739344,0.0264014,0.00284132,0.00181822,0.0139905,0.00291599,0.0016129,0.00169727,0.0139905,0.00291599,0.00319102,0.00291599,0.0508197,0.349084,0.00181822,0.00291599,0.00182557,0.00182557,0.00182557,0.00291599,0.00291599,0.00185265,0.00171749,0.00171749,0.280171,0.45947,0.548556,0.095616,0.832714,0.364695,0.492212,0.464019,0.440179,0.172468,0.698483,0.590657,0.398955,0.592973,0.494682,0.646592,0.770772,0.446312,0.410187
period6,0.816923,1,1,0.952459,0.870492,0.0684853,0.0302909,0.00254892,0.14899,0.00290175,0.0177419,0.00242188,0.0148155,0.00290175,0.00399598,0.00299722,0.0508197,0.632018,0.00254892,0.00290175,0.00182417,0.00182417,0.00183357,0.00299722,0.00299722,0.00193191,0.00178943,0.00178943,0.326715,0.589815,0.0707366,0.27589,0.551635,0.463967,0.798966,0.499294,0.157078,0.765842,0.629326,0.587409,0.470325,0.238891,0.228699,0.47796,0.256483,0.488938,0.672496
period7,0.847692,1,1,0.952459,0.903279,0.132857,0.0768071,0.0284211,0.22857,0.00297142,0.066129,0.0160793,0.0371445,0.060114,0.00472793,0.00336169,0.0508197,0.734481,0.00281877,0.0315427,0.00183103,0.00274308,0.00186946,0.00336169,0.00336169,0.00200398,0.00248956,0.001816,0.551357,0.435683,0.654608,0.484362,0.204515,0.561764,0.629054,0.400797,0.197276,0.300382,0.571277,0.652255,0.55856,0.540679,0.476808,0.424602,0.541357,0.653499,0.339095
period8,0.847692,1,1,1,0.903279,0.160204,0.0903672,0.0544711,0.406322,0.0590501,0.130645,0.0610413,0.0371445,0.199161,0.0047566,0.00336169,0.0508197,0.7755,0.0157423,0.0730612,0.00272354,0.09584,0.00186946,0.00336169,0.0219339,0.0020068,0.00263947,0.00232502,0.352231,0.863202,0.416766,0.414779,0.511316,0.739808,0.363076,0.386728,0.531753,0.575085,0.438052,0.259138,0.496739,0.529597,0.45687,0.47136,0.314509,0.596019,0.33262
period9,0.909231,1,1,1,0.952459,0.159127,0.13317,0.109416,0.482044,0.207534,0.179032,0.152206,0.0270245,0.295178,0.00434092,0.0028715,0.0508197,0.819639,0.0428307,0.163712,0.0721154,0.213813,0.00182119,0.0028715,0.0163837,0.00196588,0.00277816,0.00261459,0.53424,0.331926,0.2092,0.626999,0.226746,0.521337,0.506272,0.737935,0.39086,0.411918,0.480882,0.564273,0.285722,0.262028,0.291918,0.571982,0.669776,0.488656,0.2249
period10,0.924615,1,1,1,0.952459,0.219179,0.149112,0.138459,0.517708,0.343243,0.21129,0.184132,0.025136,0.461576,0.00427835,0.00278003,0.0508197,0.831162,0.111348,0.22491,0.246124,0.334784,0.00181219,0.00278003,0.015348,0.00195971,0.00282516,0.0151682,0.516805,0.329201,0.529984,0.533258,0.421648,0.801564,0.274443,0.47232,0.477037,0.408581,0.268452,0.297407,0.564761,0.610294,0.121996,0.726085,0.396593,0.160638,0.787787
period11,0.924615,1,1,1,0.985246,0.264185,0.208478,0.155826,0.592733,0.373506,0.259677,0.18634,0.0252411,0.477234,0.0043811,0.0154056,0.0836066,0.906347,0.11413,0.269778,0.319047,0.393495,0.00230871,0.00278511,0.0154056,0.00196983,0.00286183,0.0281845,0.318721,0.517057,0.420798,0.362734,0.231366,0.474992,0.494818,0.385196,0.701549,0.432951,0.687716,0.326428,0.599391,0.525464,0.446079,0.242416,0.462035,0.465247,0.409767
period12,0.991781,1,1,1,0.99847,0.359742,0.222027,0.195429,0.700657,0.401054,0.324194,0.219175,0.0188279,0.608066,0.00412365,0.0118884,0.1,1,0.12142,0.337358,0.373243,0.486345,0.00213835,0.00247448,0.0118884,0.00194448,0.00294317,0.0298727,0.718814,0.591026,0.448545,0.231163,0.730864,0.489749,0.417012,0.656502,0.673098,0.460892,0.496646,0.611396,0.605669,0.560433,0.350203,0.123045,0.549551,0.289936,0.757045
period13,0.991781,1,1,1,0.99847,0.440913,0.254996,0.198017,0.749359,0.401509,0.994693,1,0.0188279,0.672554,0.00416888,0.0118884,0.1,1,0.153018,0.44934,0.373664,0.612978,0.00213835,0.00247448,0.0118884,0.00194894,0.00295668,0.0446632,0.108083,0.625921,0.0155049,0.834828,0.352878,0.190301,0.748719,0.334033,0.54344,0.469134,0.4266,0.820048,0.663015,0.668946,0.451159,0.549884,0.535502,0.585212,0.487599
period14,0.991781,1,1,1,0.99847,0.489615,0.303124,0.200061,0.846763,0.41817,0.99838,1,0.0188279,0.75368,0.00422432,0.0118884,0.116393,1,0.200061,0.482076,0.390235,0.693812,0.00213835,0.00247448,0.0118884,0.00195439,0.0172574,0.0744178,1,0.168538,0.287312,0.201133,0.284579,0.474923,0.280149,0.08478,0.340097,0.486755,0.1308,0.506519,0.70427,0.227693,0.369239,0.477964,0.727874,0.229095,0.754765
period15,0.990625,1,1,1,0.998255,0.49765,0.334824,0.190463,0.878155,0.433799,0.996435,1,0.0189397,0.816994,0.00419709,0.0119497,0.116393,1,0.230642,0.513631,0.405852,0.741315,0.00214131,0.00247989,0.0119497,0.00195171,0.0155546,0.0925782,1,0.586481,0.67272,0.348192,0.435255,1,0.603199,0.393661,0.296134,0.363518,0.429358,0.291318,0.289551,0.50711,0.385006,0.280373,0.478536,0.442417,0.248317
period16,0.989599,1,1,1,0.998063,0.521007,0.341799,0.205501,0.893391,0.433404,0.999945,1,0.0190389,0.864146,0.0042037,0.0120042,0.14918,1,0.243479,0.561031,0.420964,0.75697,0.00214395,0.0024847,0.0120042,0.00195236,0.0270069,0.112428,1,0.697773,0.305238,0.222829,0.474102,1,0.724082,0.341477,0.461583,0.505692,0.472324,0.522628,0.408963,0.30068,0.651953,0.455215,0.277244,0.355507,0.273158
period17,0.99333,1,1,1,0.997389,0.753764,0.476117,0.326159,0.895853,0.450568,0.995687,1,0.0187869,0.882497,0.00443003,0.011866,0.146774,1,0.377171,0.562549,0.422533,0.837971,0.00213726,0.00247249,0.011866,0.00197465,0.0357115,0.216272,1,0.701494,0.489684,0.0349835,0.66432,1,0.452586,0.411286,0.464138,0.314868,0.160866,0.510916,0.621013,0.375475,0.474522,0.512529,0.36735,0.679934,0.638108
period18,0.989901,1,1,1,0.996044,0.66175,0.477864,0.270079,0.9082,0.448747,0.997689,1,0.0191743,0.878947,0.00442328,0.0120784,0.146774,1,0.368462,0.576213,0.420836,0.850336,0.00214755,0.00249125,0.0120784,0.00197398,0.029945,0.221332,1,0.297237,1,0.526434,0.891023,1,0.40342,0.404098,0.671354,0.441567,0.481542,0.440102,0.534531,0.380283,0.254103,0.216258,0.385094,0.608945,0.429132
period19,0.989919,1,1,1,0.996051,0.683063,0.555385,0.316365,0.90822,0.448757,0.998446,1,0.0515013,0.8949,0.00514925,0.0156927,0.146774,1,0.41605,0.576226,0.436319,0.866238,0.00232261,0.00281737,0.0156927,0.00204546,0.0304754,0.266507,1,0.651445,1,0.905419,0.14738,1,0.433288,0.605669,0.237899,0.267858,0.498749,0.359184,0.359416,0.500545,0.461806,0.785936,0.643416,0.459124,0.602545
period20,0.99842,1,1,1,0.999384,0.985223,0.798747,0.494389,0.932071,0.435261,0.999225,1,0.0526459,0.901297,0.01878,0.0160566,0.151667,1,0.658235,0.618346,0.422279,0.871258,0.00238983,0.00289507,0.0160566,0.00252161,0.0428251,0.421974,1,0.374077,1,0.0923828,0.313619,1,0.390056,0.508773,0.728055,0.500219,0.507989,0.457856,0.527883,0.532556,0.323334,0.573628,0.754483,0.687924,0.480017
period21,0.996924,1,1,1,0.998797,0.939512,0.821929,0.550719,0.930342,0.434477,0.997544,1,0.0527434,0.899647,0.0334966,0.0160832,0.151667,1,0.648568,0.617222,0.421522,0.869684,0.00239112,0.00289735,0.0160832,0.00270098,0.0411633,0.441816,1,0.415077,1,0.787304,0.402698,1,0.888799,0.554446,0.408096,0.627198,0.411325,0.775248,0.416898,0.623571,0.209016,0.338462,0.339978,0.443624,0.439565
period22,0.999434,1,1,1,0.999751,0.933834,0.826311,0.559623,0.998034,0.465179,0.999064,1,0.0695162,0.998795,0.0334921,0.0168707,0.151667,1,0.64944,0.679044,0.451119,1,0.00242923,0.00296742,0.0168707,0.0138649,0.0381015,0.494522,1,0.884389,1,0.260586,0.645592,1,1,0.615462,0.464852,0.279216,0.563637,0.333459,0.265406,0.487237,0.656012,0.288791,0.268711,0.540868,0.361628
period23,0.998621,1,1,1,0.999592,0.832554,0.755497,0.491028,0.998117,0.457059,0.960377,1,0.0695457,0.998813,0.0314958,0.0168771,0.151667,1,0.601204,0.702211,0.443291,1,0.00242954,0.00296796,0.0168771,0.0131362,0.0338142,0.465602,1,0.690143,1,0.403288,0.635902,1,1,0.539055,0.536448,0.270618,0.44177,0.197588,0.417383,0.126842,0.526553,0.700965,0.584816,0.320147,0.342095
