period4,1,0.000456621,0.956769,0.000436681,0.000480159,1,0.000456621,0.627461,0.00056356,0.000859256,0.000859256,0.000859256,0.000522232,0.000522232,0.000488676,0.000488676,0.000485335,1,0.000482144,0.000482144,0.000859256,0.000607708,0.000522232,0.000522232,0.000574182,0.000488676,0.000522232,0.000539797,0.000485335,0.000485335,0.201726,0.623094,0.521431,0.662212,0.752664,0.357682,0.532485,0.360713,0.881101,0.572479,0.324082,0.0775153,0.297685,0.624319,0.493485,0.535739,0.186269,0.264848,0.4149,0.265265,0.394715,0.565047,0.484801,0.631118,0.478974,0.422834,0.339449,0.649371,0.585617
period5,1,0.0322727,0.961135,0.000436681,0.000480159,1,0.00954545,0.793897,0.000944468,0.346389,0.000810504,0.0194904,0.000825591,0.000825591,0.00051888,0.00051888,0.000488343,1,0.000754505,0.000754505,0.0428403,0.00296376,0.000883537,0.000517378,0.000599517,0.00051888,0.000825591,0.000600283,0.000488343,0.000488343,0.395442,0.43692,0.786395,0.348077,0.673179,0.474935,0.404735,0.358732,0.513399,0.377696,0.299871,0.765456,0.0127331,0.282693,0.576675,0.808781,0.93683,0.475049,0.736978,0.583227,0.63993,0.388357,0.809675,0.549905,0.488808,0.578528,0.482946,0.394488,0.305368
period6,1,0.1,0.961135,0.00917031,0.000742166,1,0.0230769,0.954795,0.000841121,0.814529,0.000680691,0.0779736,0.00953184,0.000868105,0.000523113,0.000523113,0.000488764,1,0.000820742,0.000820742,0.159813,0.00158819,0.367362,0.000504453,0.00082167,0.000754057,0.000868105,0.000838816,0.000488764,0.000488764,0.860263,0.408004,0.788454,0.167783,0.571149,0.435882,0.276597,0.558895,0.552677,0.42153,0.465286,0.383737,0.0795925,0.18615,0.280761,0.348422,0.710203,0.373915,0.377946,0.441966,0.169124,0.355109,0.265415,0.531739,0.915144,0.559037,0.603221,0.454698,0.278115
period7,1,0.136818,0.960965,0.149561,0.00941205,1,0.0640909,0.982273,0.00942705,0.914974,0.00512699,0.122819,0.0666708,0.000875047,0.000525717,0.000525717,0.000490938,1,0.00513734,0.0179555,0.417048,0.101083,0.676867,0.00069462,0.00112583,0.0133556,0.000875047,0.0009406,0.000490938,0.000490938,0.134456,0.830062,0.161526,0.71337,0.441537,0.398825,0.310307,0.552786,0.470889,0.525175,0.497572,0.277807,0.495179,0.625304,0.439313,0.871134,0.675443,0.493842,0.576267,0.560224,0.689423,0.450851,0.689292,0.61318,0.450853,0.50574,0.493771,0.473909,0.500646
period8,1,0.159545,0.960965,0.351316,0.144001,1,0.0570199,0.982273,0.0154802,0.97382,0.0594462,0.149978,0.106744,0.000877021,0.000525914,0.000525914,0.000490957,1,0.00490171,0.00912541,0.530213,0.304329,0.767085,0.000862083,0.00158523,0.0649113,0.000877021,0.000951021,0.000490957,0.000490957,0.426653,0.397301,0.347511,0.403118,1,0.560519,0.329373,0.365067,0.500483,0.696176,0.431893,0.569022,0.714151,0.458003,0.491111,0.985811,0.502864,0.449864,0.774205,0.234007,0.392759,0.634718,0.593823,0.401544,0.502337,0.746376,0.790708,0.587904,0.0632713
period9,1,0.173182,1,0.482895,0.301051,1,0.965751,0.991364,0.455302,0.973796,0.158976,0.186137,0.147129,0.000878404,0.000526052,0.000526052,0.000490971,1,1,0.100536,0.661448,0.408745,0.80764,0.00529337,0.00201292,0.117708,0.00974206,0.000956643,0.000490971,0.000490971,0.431811,0.392505,0.266627,0.753278,1,0.886363,0.407452,0.509418,0.837883,0.305103,0.451946,0.488411,0.412069,0.879359,0.816236,0.562219,0.453075,0.409029,0.608885,0.592511,0.310516,0.718481,0.445388,0.626737,0.315077,0.309622,0.811921,0.262947,0.604249
period10,1,0.182273,1,0.557456,0.432031,1,0.971864,0.991364,0.567146,0.978322,0.258565,0.213297,0.165296,0.00532271,0.000704319,0.000704319,0.00050872,1,1,0.0627594,0.72935,0.512812,0.834685,0.0454596,0.00206881,0.144418,0.0275412,0.00310525,0.00050872,0.00050872,0.385736,0.266434,0.565498,0.227585,1,0.0955456,0.572812,0.565825,0.324021,0.506957,0.546271,0.226976,0.324268,0.438011,0.260416,0.435891,0.280159,0.364038,0.685884,0.138381,0.435301,0.76596,0.366381,0.538089,0.409157,0.203579,0.37621,0.190138,0.360855
period11,1,1,1,0.630396,0.513075,1,0.972387,0.991324,0.642932,0.978224,0.355235,0.255194,0.197875,0.00983743,0.000767987,0.000767987,0.000516989,1,1,0.0670507,0.841803,0.60047,0.861109,0.0773255,0.00192187,0.159178,0.0546082,0.00380374,0.000516989,0.000516989,0.467488,0.193544,0.122199,0.41005,1,0.641352,0.629341,0.605362,0.427708,0.563498,0.769345,0.239273,0.556537,0.805117,0.875807,0.852322,0.695002,0.677133,0.580674,0.502522,0.6708,0.541395,0.612256,0.607176,0.553893,0.550867,0.439991,0.162765,0.673384
period12,1,1,1,0.686283,0.616777,1,0.999586,0.991284,0.746412,0.98726,0.457357,0.343154,0.235676,0.0234624,0.000832913,0.000832913,0.000525401,1,1,1,0.909602,0.689746,0.869553,0.109562,0.00180674,0.192093,0.0821598,0.00790014,0.000525401,0.000525401,0.515012,0.700664,0.283001,0.889432,1,0.692156,0.227524,0.837718,0.513461,0.785015,0.32793,0.354978,0.159718,0.430128,0.447082,0.365193,0.482767,0.407429,0.29072,0.0487219,0.861675,0.840956,0.477432,0.225194,0.607453,0.383396,0.359517,0.742117,0.220052
period13,1,1,1,0.770354,0.674391,1,0.999807,0.991284,0.814325,0.98726,0.544152,0.388835,0.276687,0.073227,0.000872068,0.000872068,0.000529299,1,1,1,0.950715,0.771426,0.883202,0.136917,0.00174702,0.219557,0.0958337,0.0110547,0.000529299,0.000529299,0.0566165,0.689313,0.788875,0.528596,1,0.695474,0.741034,0.620659,0.503722,0.637943,0.572911,0.690009,0.636911,0.359188,0.140456,0.560057,0.825903,0.622938,0.364282,0.41291,0.470004,0.297893,0.262781,0.599689,0.457538,0.219362,0.595891,0.373085,0.591381
period14,1,1,1,0.804889,0.72617,1,0.997961,0.995853,0.841315,0.991768,0.59251,0.482369,0.351287,0.141957,0.000885905,0.000885905,0.000532641,1,1,1,0.968822,0.829594,0.887199,0.16496,0.00177215,0.239583,0.110102,0.0223798,0.000532641,0.000532641,0.726834,0.46489,0.418032,0.481673,1,0.122198,0.48406,0.538026,0.462165,0.421604,0.294823,0.568536,0.171494,0.570564,0.518197,0.733545,0.564254,0.628596,0.666223,0.603966,0.361954,0.465626,0.316797,0.439953,0.541032,0.318039,0.420522,0.369086,0.271506
period15,1,1,1,0.839732,0.787305,1,0.999162,0.995833,0.873408,0.99173,0.645955,0.535307,0.403512,0.238802,0.000893127,0.000893127,0.000535343,1,1,1,0.973289,0.901978,0.88668,0.216198,0.00178123,0.304659,0.12442,0.0368073,0.000535343,0.000535343,0.43013,0.549448,0.33342,0.545944,1,0.611584,0.353172,0.503598,0.419162,0.65822,0.463551,0.377687,0.645447,0.504799,0.62745,0.046591,0.477013,0.423284,0.504401,0.471286,0.793136,0.366401,0.461478,0.301203,0.511374,0.419337,0.825242,0.45768,0.203761
period16,1,1,1,0.870404,0.826661,1,0.997766,0.995814,0.904611,0.991692,0.71379,0.60263,0.45631,0.309103,0.000897446,0.000897446,0.000537773,1,1,1,0.977797,0.938286,0.886158,0.263366,0.0017941,0.343127,0.138894,0.066435,0.000537773,0.000537773,0.497792,0.208509,0.458973,0.404083,1,0.0964026,0.260735,0.157831,0.635894,0.406282,0.631362,0.328906,0.246715,0.734045,0.567046,0.361795,0.770744,0.52174,0.343928,0.72787,0.308759,0.233707,0.661524,0.56849,0.366648,0.674153,0.536265,0.804047,0.542464
period17,1,1,1,0.900455,0.860635,1,0.999626,0.995755,0.924521,0.991575,0.770818,0.672182,0.537704,0.388331,0.000908772,0.000908772,0.00054501,1,1,1,0.982181,0.960724,0.884559,0.313875,0.0017659,0.362464,0.150266,0.129423,0.00054501,0.00054501,0.961509,0.56696,0.0904102,0.7386,1,0.553049,0.227332,0.606133,0.41615,0.376074,0.547416,0.556714,0.975367,0.169755,0.551495,0.841712,0.297297,0.71468,0.470653,0.512871,0.350719,0.356592,0.583876,0.399684,0.594965,0.336629,0.362576,0.638324,0.556255
period18,1,1,1,0.906712,0.884852,1,0.996894,0.995714,0.960706,0.991495,0.830284,0.730712,0.599605,0.467605,0.000914996,0.000914996,0.000549795,1,1,1,0.982012,0.965055,0.883469,0.373551,0.00186897,0.394399,0.151749,0.163889,0.000549795,0.000549795,0.79827,1,0.561841,0.712866,1,0.517736,0.91942,0.331679,0.552934,0.465853,0.836599,0.318659,0.571487,0.487396,0.409867,0.905147,0.544888,0.598426,0.626678,0.541959,0.303762,0.508782,0.679099,0.698621,0.860019,0.604376,0.274193,0.6648,0.414497
period19,1,1,1,0.971968,0.953274,1,0.998168,0.995694,0.977903,0.991454,0.853295,0.762778,0.664175,0.550469,0.000915567,0.000915567,0.000551964,1,1,1,0.981926,0.969612,0.882916,0.465432,0.0018233,0.415428,0.166711,0.223692,0.000551964,0.000551964,0.477855,1,0.119469,0.00520049,1,0.490399,0.27296,0.836606,0.615215,0.712534,0.327719,0.553411,0.279003,0.601121,0.303272,0.554869,0.46751,0.681986,0.273029,0.76552,0.59059,0.276222,0.314575,0.578721,0.500594,0.505824,0.476465,0.393508,0.633658
period20,1,1,1,0.974781,0.965669,1,0.999148,0.995673,0.974303,0.991413,0.866954,0.804724,0.696089,0.619902,0.000915182,0.0103793,0.000808417,1,1,1,0.981839,0.969467,0.882358,0.52484,0.00182346,0.450761,0.177065,0.320846,0.000554057,0.000808417,0.761294,1,0.707014,0.70269,1,0.910062,0.682607,0.353485,0.272773,0.200335,0.597188,0.414687,0.467972,0.310558,0.575565,0.699407,0.598363,0.54704,0.790597,0.536394,0.460658,0.667293,0.348258,0.342215,0.872094,0.394836,0.516881,0.476768,0.323757
period21,1,1,1,0.893962,0.881464,1,0.999485,0.995588,0.974375,0.991245,0.878997,0.815553,0.724213,0.670814,0.000927446,0.0105794,0.00435028,1,1,1,0.981484,0.968873,0.88007,0.578768,0.00189672,0.459589,0.180511,0.394159,0.000564005,0.00435028,0.304954,1,0.641612,0.447943,1,0.29418,0.284845,0.541765,0.405546,0.458618,0.652703,0.466814,0.0255423,0.429094,0.383806,0.0138389,0.761168,0.321162,0.544486,0.231721,0.135318,0.42192,0.537628,0.555034,0.327041,0.44416,0.301801,0.569812,0.480706
period22,1,1,1,0.906537,0.893538,1,0.99798,0.999893,0.98285,0.999886,0.89488,0.834585,0.77052,0.71055,0.000942196,0.01088,0.00447182,1,1,1,0.985323,0.981258,1,0.645776,0.00185791,0.473185,0.185811,0.451861,0.000576856,0.00809847,0.406558,1,0.345074,0.154451,1,0.558149,0.271335,0.712682,0.330594,0.140311,0.718001,0.452867,0.418934,0.369806,0.705111,0.325721,0.426508,0.377179,0.29263,0.653444,0.577412,0.568605,0.559103,0.383519,0.459183,0.488023,0.561149,0.300757,0.251297
