period3,0.161307,0.0156552,0.000502513,0.000502513,0.000602485,0.00104077,0.0959799,0.00181104,0.00181104,0.000682707,0.00057044,0.00055927,0.00055927,0.00055927,0.000682707,0.000626982,0.000682707,0.000750444,0.00057044,0.000558159,0.00057044,0.00057044,0.000620946,0.000620946,0.000558159,0.329521,0.0825462,0.376766,0.347788,0.608191,0.0366496,0.440758,0.391304,0.495996,0.899078,0.530572,0.559755,0.841297,0.0320113,0.301924,0.455604,0.601375,0.49958,0.430249,0.174618,0.628981,0.245602,0.754661,0.332937
period4,0.734171,0.67524,0.000502513,0.00552764,0.000828501,0.00134872,0.121106,0.00454041,0.00454041,0.000954272,0.00059746,0.000561958,0.000561958,0.000561958,0.000954272,0.000656406,0.000954272,0.00104578,0.00059746,0.000558426,0.00059746,0.00059746,0.000626292,0.000626292,0.000558426,0.435909,0.0366392,0.623881,0.601165,0.291527,0.888342,0.0324066,0.643456,0.247361,0.18353,0.630202,0.583965,0.228092,0.118874,0.408635,0.432371,0.529106,0.630548,0.287802,0.447841,0.626009,0.483555,0.459883,0.651797
period5,0.990452,0.931402,0.000502513,0.020603,0.000964107,0.0177204,1,0.00181604,0.00181604,0.000683204,0.00057049,0.000559275,0.000559275,0.000559275,0.000683204,0.000627035,0.000683204,0.000750137,0.00057049,0.000558159,0.00057049,0.00057049,0.000620956,0.000620956,0.000558159,0.564259,0.15714,0.302611,0.0478355,0.783515,0.873759,0.303622,0.826929,0.762024,0.450355,0.134773,0.0510781,0.545333,0.336946,0.135292,0.271946,0.301697,0.344297,0.240358,0.4397,0.550482,0.455106,0.309977,0.685868
period6,0.990452,0.981425,0.000502513,0.0658291,0.00102221,0.0527037,1,0.0130475,0.00728906,0.000865822,0.00058866,0.000561083,0.000561083,0.000561083,0.000865822,0.000647004,0.000935908,0.000958476,0.00058866,0.000558339,0.00058866,0.00058866,0.000624568,0.000624568,0.000558339,0.520551,0.818876,0.653402,0.752873,0.550033,0.785847,0.798924,0.336499,0.401163,0.249395,0.316251,0.359743,0.63161,0.0277235,0.512806,0.471566,0.52621,0.442577,0.191995,0.102384,0.168293,0.750566,0.214047,0.516589
period7,0.990452,0.986428,0.000502513,0.0959799,0.00103189,0.0775495,1,0.0784461,0.314512,0.00100401,0.000602409,0.000562451,0.000562451,0.000562451,0.00100401,0.000662285,0.0304084,0.00224809,0.000602409,0.000558475,0.000602409,0.000602409,0.000627319,0.000627319,0.000558475,0.292108,0.516109,0.663221,0.530664,0.929008,0.12941,0.624641,0.22858,0.97916,0.37143,0.5253,0.824239,0.696159,0.405078,0.410115,0.718584,0.472889,0.413897,0.311085,0.422673,0.640322,0.748003,0.446918,0.406731
period8,0.990452,0.986428,0.00552764,0.126131,0.00129601,0.116835,1,0.152288,0.725443,0.0009995,0.00060196,0.000562406,0.000562406,0.000562406,0.00600255,0.000861866,0.079593,0.00219732,0.00060196,0.000558471,0.000802147,0.000802147,0.000666555,0.000666555,0.000558471,0.857828,0.285925,0.600774,0.376386,0.476669,0.276036,0.5865,0.448687,0.110331,0.485008,0.253507,0.466648,0.577001,0.152389,0.402161,0.819353,0.436695,0.519376,0.677803,0.29995,0.185464,0.667322,0.672467,0.498577
period9,0.990452,0.986428,0.0256281,0.231658,0.00366987,0.157796,1,0.323229,0.851135,0.000996885,0.0006017,0.00056238,0.00056238,0.00056238,0.336444,0.00105704,0.170072,0.00204186,0.0006017,0.000558468,0.00594517,0.0455268,0.000904046,0.000904046,0.000558468,0.227815,0.771841,0.512484,0.966922,0.495024,0.872373,0.800674,0.532142,0.57122,0.487098,0.432721,0.541216,0.601007,0.404957,0.508537,0.747925,0.292972,0.569201,0.432094,0.497016,0.814458,0.697062,0.482873,0.49313
period10,0.999732,0.995201,0.307035,0.998793,0.0146046,1,1,0.998317,0.913995,0.000957628,0.000597794,0.000561992,0.000561992,0.000561992,0.687716,0.00105683,1,0.040704,0.000597794,0.000558429,0.0662554,0.548159,0.00108003,0.00108003,0.000558429,0.785696,0.391558,0.674531,0.388696,0.896245,0.344211,0.527396,0.541264,0.373779,0.37919,0.816398,0.442855,0.485628,0.359391,0.240645,0.510224,0.583088,0.310782,0.483352,0.684465,0.303958,0.750172,0.445021,0.76465
period11,0.999855,0.995317,0.568342,0.999328,0.0321895,1,1,0.999055,0.934396,0.00599323,0.000801685,0.000582278,0.000582278,0.000582278,0.773714,0.00107371,1,0.0514249,0.000801685,0.000560448,0.126597,0.674226,0.00109532,0.00109532,0.000560448,0.44986,0.516703,0.0557007,0.563479,0.666439,0.92742,0.125718,0.214629,0.509869,0.571517,0.265678,0.377386,0.502999,0.689006,0.516295,0.543803,0.390964,0.299905,0.327128,0.179844,0.455524,0.719377,0.61445,0.814583
period12,1,0.995455,0.688945,0.99939,0.0981158,1,1,0.999319,1,0.0161458,0.000905612,0.000592619,0.000592619,0.000592619,0.833854,0.00103364,1,0.199265,0.000905612,0.000561477,0.239188,0.75711,0.00110861,0.00110861,0.000561477,0.479985,0.42762,0.302416,0.568164,0.254179,0.375531,0.283689,0.702437,0.799482,0.39839,0.487901,0.20638,0.432336,0.508273,0.671662,0.447704,0.837685,0.492657,0.392026,0.692128,0.674347,0.53825,0.482108,0.529481
period13,1,0.995455,0.769347,0.999403,0.144747,1,1,0.999409,1,0.0317708,0.000955542,0.000597587,0.000597587,0.000597587,0.865104,0.00102147,1,0.394,0.000955542,0.000561971,0.342824,0.788327,0.001107,0.001107,0.000561971,0.583399,0.187529,0.552035,0.429916,0.44478,0.292101,0.431147,0.320462,0.723999,0.259701,0.438958,0.710521,0.655083,0.473056,0.49419,0.498117,0.572609,0.579664,0.4837,0.213208,0.713533,0.428699,0.295352,0.562617
period14,1,0.995455,0.824623,0.999406,0.211125,1,1,0.999478,1,0.119689,0.010973,0.00086781,0.00086781,0.00086781,0.896891,0.00134914,1,0.467665,0.000998881,0.000588857,0.372039,0.805021,0.00113775,0.00113775,0.000588857,0.589999,0.0732086,0.634108,0.283638,0.315592,0.591857,0.651023,0.646537,0.702935,0.0745436,0.249415,0.254111,0.331644,0.678418,0.656874,0.323461,0.57438,0.254286,0.32128,0.307505,0.270291,0.431978,0.351176,0.444238
period15,1,0.995455,0.864824,0.999413,0.245408,1,1,0.999501,1,0.187047,0.0313362,0.00542615,0.000949558,0.000949558,0.902073,0.00160717,1,0.506395,0.00100428,0.000773618,0.402974,0.830814,0.00116271,0.00116271,0.000596991,0.584013,0.230835,0.498052,0.78295,0.447534,0.191717,0.687684,0.272155,0.665398,0.896449,0.780416,0.458863,0.412439,0.0209962,0.196442,0.700608,0.25009,0.240415,0.829023,0.443602,0.401447,0.765801,0.522178,0.465562
period16,1,0.995431,0.879293,0.999403,0.264014,1,1,0.999468,1,0.263402,0.107382,0.0107544,0.00587338,0.0107544,0.907732,0.00232761,1,1,0.00100763,0.00444798,0.43172,0.852251,0.00123698,0.00123698,0.000863196,0.706078,0.293406,0.356712,0.525483,0.402344,0.278377,0.350837,0.551127,0.361613,0.297249,0.251039,0.323326,0.346302,0.551295,0.514582,0.456519,0.529544,0.425903,0.524729,0.70187,0.373573,0.541293,0.577216,0.537582
period17,1,0.995408,0.898985,0.999405,0.287241,1,1,0.999468,1,0.335567,0.168795,0.0556135,0.00596786,0.0109324,0.907732,0.00740376,1,1,0.00101179,0.00560564,0.447126,0.8574,0.00161423,0.00161423,0.00451577,0.640605,0.555463,0.689797,0.386402,0.463715,0.333511,0.633565,0.218251,0.458844,0.698921,0.47435,0.413896,0.577871,0.475539,0.438569,0.607138,0.511307,0.411462,0.81891,0.694261,0.27752,0.463961,0.289316,0.830475
period18,1,0.995408,0.919289,0.9994,0.312686,1,1,0.999479,1,0.428351,0.235584,0.111281,0.0310821,0.0260696,0.923196,0.0170073,1,1,0.00101139,0.0155066,0.447151,0.862589,0.00397342,0.00217138,0.00528669,0.0392664,0.824577,0.0475282,0.241781,0.538373,0.155194,0.947883,0.695116,0.319396,0.111662,0.395688,0.295961,0.480372,0.473101,0.546924,0.410564,0.646128,0.48619,0.86901,0.312002,0.450412,0.407081,0.629612,0.601554
period19,1,0.995385,0.929082,0.9994,0.355386,1,1,0.999479,1,0.513472,0.319367,0.163233,0.0466388,0.0466388,0.938342,0.0270406,1,1,0.00101505,0.0653089,0.459786,0.872244,0.00878499,0.00473432,0.0149678,0.532567,0.779128,0.684932,0.515819,0.109386,0.726795,0.313575,0.432773,0.43013,0.185575,0.712891,0.528915,0.794367,0.886984,0.483361,0.246232,0.541561,0.410909,0.415951,0.503761,0.265756,0.517914,0.325972,0.47976
period20,1,0.995337,0.928351,0.999393,0.379804,1,1,0.999479,1,0.62356,0.416728,0.211963,0.0627637,0.0987772,0.942932,0.0327528,1,1,0.00621789,0.107001,0.480209,0.881346,0.0117595,0.00956619,0.0207643,0.641044,0.214237,0.47422,0.549481,0.513182,0.798988,0.744285,0.927381,0.438806,0.737946,0.138291,0.471773,0.55861,0.407946,0.492849,0.783451,0.305765,0.59675,0.775641,0.462942,0.629587,0.572395,0.630714,0.34336
period21,1,0.995288,0.927604,0.999381,0.399394,1,1,0.999481,1,0.698942,0.46874,0.287489,0.0739518,0.115618,0.942328,0.0334163,1,1,0.00628249,0.149912,0.490528,0.885358,0.0143604,0.00982291,0.031184,0.441588,0.638106,0.219855,0.516351,0.339975,0.534758,0.378982,0.551844,0.371986,0.407812,0.437584,0.60362,0.41297,0.169726,0.162311,0.580741,0.38561,0.298953,0.632953,0.241388,0.393324,0.401682,0.167738,0.650587
period22,1,0.995238,0.942632,0.999366,0.427043,1,1,0.999481,1,0.759893,0.569623,0.359697,0.0801602,0.148726,0.947059,0.0380602,1,1,0.00634555,0.214779,0.495751,0.894793,0.0150838,0.0103259,0.0574516,0.0668319,0.373863,0.58682,0.208584,0.656381,0.542412,0.578639,0.440362,0.302819,0.641567,0.69228,0.343302,0.487497,0.422826,0.468076,0.496834,0.45879,0.644005,0.279192,0.431816,0.760022,0.255251,0.561975,0.475063
period23,1,0.995161,0.941711,0.999355,0.444794,1,1,0.999471,1,0.78973,0.688706,0.438844,0.118515,0.203936,0.941081,0.0488699,1,1,0.0064224,0.276001,0.506486,0.893674,0.0187639,0.0112274,0.0951815,0.5455,0.954152,0.851483,0.15072,0.705065,0.134392,0.894833,0.177283,0.119727,0.627748,0.496408,0.795015,0.0887325,0.222967,0.250243,0.534999,0.653097,0.561588,0.200127,0.46645,0.54313,0.375294,0.534554,0.563439
period24,1,0.995109,0.957297,1,0.460904,1,1,0.999471,1,0.831148,0.718123,0.530215,0.136057,0.244046,0.945902,0.0613381,1,1,0.00648724,0.338485,0.506563,0.892534,0.0196347,0.0112602,0.139009,0.215868,0.724798,0.743625,0.644409,0.714098,0.398271,0.455616,0.529533,0.239672,0.706914,0.309496,0.780987,0.31197,0.844378,0.444226,0.329448,0.65947,0.353512,0.441852,0.381651,0.547262,0.469082,0.370925,0.681324
period25,1,0.995028,0.962088,1,0.66501,1,1,0.999478,1,0.945,0.929432,0.770998,0.221038,0.639007,0.967222,0.174176,1,1,0.089432,0.750217,0.575769,0.951604,0.101926,0.0427934,0.590946,0.624181,0.215281,0.759033,0.829739,0.619015,0.503907,0.444429,0.404632,0.717611,0.56635,0.371599,0.480516,0.714081,0.920619,0.50569,0.627969,0.239611,0.49126,0.560869,0.469704,0.822222,0.454483,0.466886,0.335665
