period3,0.232308,1,1,0.518966,0.0534483,0.00551911,0.00208188,0.00174345,0.00551911,0.00208188,0.0016129,0.00169727,0.00551911,0.00208188,0.00228476,0.00208188,0.00172414,0.00551911,0.00174345,0.00208188,0.00174345,0.00174345,0.00174345,0.00208188,0.00208188,0.00176342,0.00171012,0.00171012,0.44062,0.233525,0.47229,0.198046,0.545201,0.48586,0.374068,0.445212,0.612289,0.649642,0.659163,0.438955,0.640677,0.223214,0.558774,0.549401,0.49816,0.577638,0.309108
period4,0.693846,1,1,0.901667,0.501667,0.0116765,0.00268815,0.00180314,0.0116765,0.00268815,0.0016129,0.00169727,0.0116765,0.00268815,0.00294714,0.00268815,0.00166667,0.0348818,0.00180314,0.00268815,0.00180314,0.00180314,0.00180314,0.00268815,0.00268815,0.00182864,0.001716,0.001716,0.66747,0.257734,0.40328,0.378181,0.66352,0.143014,0.279196,0.0692112,0.135819,0.474066,0.425506,0.483259,0.579133,0.312032,0.370648,0.636184,0.695382,0.533882,0.598488
period5,0.755385,1,1,0.919672,0.739344,0.0264014,0.00284132,0.00181822,0.0139905,0.00291599,0.0016129,0.00169727,0.0139905,0.00291599,0.00319102,0.00291599,0.0508197,0.349084,0.00181822,0.00291599,0.00182557,0.00182557,0.00182557,0.00291599,0.00291599,0.00185265,0.00171749,0.00171749,0.280171,0.45947,0.548556,0.095616,0.832714,0.364695,0.492212,0.464019,0.440179,0.172468,0.698483,0.590657,0.398955,0.592973,0.494682,0.646592,0.770772,0.446312,0.410187
period6,0.816923,1,1,0.952459,0.870492,0.0684853,0.0302909,0.00254892,0.14899,0.00290175,0.0177419,0.00242188,0.0148155,0.00290175,0.00399598,0.00299722,0.0508197,0.632018,0.00254892,0.00290175,0.00182417,0.00182417,0.00183357,0.00299722,0.00299722,0.00193191,0.00178943,0.00178943,0.326715,0.589815,0.0707366,0.27589,0.551635,0.463967,0.798966,0.499294,0.157078,0.765842,0.629326,0.587409,0.470325,0.238891,0.228699,0.47796,0.256483,0.488938,0.672496
period7,0.847692,1,1,0.952459,0.903279,0.132857,0.0768071,0.0284211,0.22857,0.00297142,0.066129,0.0160793,0.0371445,0.060114,0.00472793,0.00336169,0.0508197,0.734481,0.00281877,0.0315427,0.00183103,0.00274308,0.00186946,0.00336169,0.00336169,0.00200398,0.00248956,0.001816,0.551357,0.435683,0.654608,0.484362,0.204515,0.561764,0.629054,0.400797,0.197276,0.300382,0.571277,0.652255,0.55856,0.540679,0.476808,0.424602,0.541357,0.653499,0.339095
period8,0.847692,1,1,1,0.903279,0.160204,0.0903672,0.0544711,0.406322,0.0590501,0.130645,0.0610413,0.0371445,0.199161,0.0047566,0.00336169,1,0.7755,0.0157423,0.0730612,0.00272354,0.09584,0.00186946,0.00336169,0.0219339,0.0020068,0.00263947,0.00232502,0.352231,0.863202,0.416766,0.414779,0.511316,0.739808,0.363076,0.386728,0.531753,0.575085,0.438052,0.259138,0.496739,0.529597,0.45687,0.47136,0.314509,0.596019,0.33262
period9,0.909231,1,1,1,0.952459,0.159127,0.13317,0.109416,0.482044,0.207534,0.179032,0.152206,0.0270245,0.295178,0.00434092,0.0028715,1,0.819639,0.0428307,0.163712,0.0721154,0.213813,0.00182119,0.0028715,0.0163837,0.00196588,0.00277816,0.00261459,0.53424,0.331926,0.2092,0.626999,0.226746,0.521337,0.506272,0.737935,0.39086,0.411918,0.480882,0.564273,0.285722,0.262028,0.291918,0.571982,0.669776,0.488656,0.2249
period10,1,1,1,1,0.952459,0.229206,0.155844,0.144628,0.552074,0.365814,1,0.864286,0.0193424,0.492002,0.00403628,0.0024994,1,0.891085,0.116292,0.239625,0.262152,0.356658,0.00178456,0.0024994,0.0121706,0.00193588,0.00287002,0.0157639,0.756145,0.368887,0.475508,0.533258,0.421648,0.796502,0.274443,0.471611,0.476273,0.439202,0.263592,0.318954,0.560531,0.498186,0.455546,0.726085,0.396593,0.160638,0.787787
period11,1,1,1,1,0.985246,0.277667,0.219011,0.163599,0.633002,0.39862,1,0.711765,0.0192421,0.509396,0.00412911,0.0121156,1,0.972185,0.119797,0.287845,0.340331,0.419808,0.00214935,0.00249454,0.0121156,0.00194502,0.00291222,0.0294969,0.33749,0.297946,0.406449,0.362734,0.231366,0.47082,0.494818,0.384317,0.701326,0.436109,0.687206,0.35273,0.599185,0.425466,0.353806,0.242416,0.462035,0.465247,0.409767
period12,1,1,1,1,0.998482,0.361897,0.223343,0.196575,0.705637,0.403872,1,0.671429,0.0181572,0.612355,0.00409675,0.0115206,1,1,0.122128,0.339723,0.375848,0.48975,0.00212053,0.00244199,0.0115206,0.00194183,0.00294916,0.0300366,0.743615,0.502042,0.33345,0.231162,0.730869,0.489921,0.417016,0.65644,0.672075,0.413385,0.505326,0.626675,0.602376,0.549292,0.338779,0.123045,0.549551,0.289936,0.757045
period13,1,1,1,1,0.998482,0.44374,0.256614,0.199261,0.754743,0.404355,1,0.786957,0.0181572,0.677347,0.00414239,0.0115206,1,1,0.153976,0.452531,0.376296,0.617316,0.00212053,0.00244199,0.0115206,0.00194633,0.00296318,0.0449315,0.107423,0.62601,0.0141122,0.834833,0.352879,0.191384,0.748723,0.334261,0.54307,0.468952,0.426604,0.820043,0.663014,0.669859,0.450643,0.549884,0.535502,0.585213,0.4876
period14,1,1,1,1,0.998482,0.492846,0.305105,0.201355,0.852954,0.421171,1,0.781481,0.0181572,0.759134,0.00419744,0.0115206,1,1,0.201355,0.485545,0.393017,0.698792,0.00212053,0.00244199,0.0115206,0.00195175,0.0173566,0.0748865,0.53402,0.168344,0.286561,0.201133,0.284576,0.476668,0.280148,0.0851195,0.340414,0.486657,0.130813,0.506516,0.70427,0.217342,0.370947,0.477963,0.727873,0.229095,0.754765
period15,1,1,1,1,0.998482,0.574688,0.38614,0.21928,0.885691,0.437443,1,1,0.0181572,0.823927,0.00427981,0.0115206,1,1,0.265617,0.517961,0.40924,0.747545,0.00212053,0.00244199,0.0115206,0.00195986,0.0176114,0.106301,0.554499,0.588295,0.672706,0.34822,0.43528,0.137488,0.603296,0.380585,0.292817,0.363515,0.429356,0.292018,0.289417,0.359313,0.429171,0.280384,0.478535,0.442417,0.248317
period16,1,1,1,1,0.999751,0.996698,1,0.596296,0.903079,0.437995,1,1,0.0180532,0.873408,0.00544216,0.0114635,1,1,0.707407,0.567006,0.425395,0.764986,0.00211777,0.00243695,0.0114635,0.0020743,0.074484,0.322506,0.579768,0.697775,0.305219,0.222411,0.474284,0.462897,0.725171,0.327647,0.355252,0.505704,0.472319,0.522627,0.408963,0.261152,0.659326,0.455257,0.277258,0.355397,0.27315
period17,1,1,1,1,0.999508,0.996885,1,0.682143,0.902883,0.454025,1,1,0.0180731,0.889344,0.00531419,0.0114745,1,1,1,0.566886,0.425754,0.844395,0.00211829,0.00243792,0.0114745,0.00206171,0.072316,1,0.42137,0.700769,0.488112,0.0343774,0.665088,0.860421,0.453006,0.404684,0.805719,0.314622,0.16078,0.510866,0.620996,0.198465,0.437653,0.512114,0.367481,0.680133,0.638052
period18,1,1,1,1,0.99954,0.99753,1,0.561765,0.919295,0.454093,1,1,0.0180705,0.889549,0.00469508,0.011473,1,1,1,0.583117,0.425818,0.860472,0.00211822,0.00243779,0.011473,0.00200075,0.059938,1,0.362211,0.296602,0.61587,0.52723,0.892403,0.382523,0.403637,0.324973,0.582671,0.515198,0.463315,0.440005,0.534543,0.363652,0.25803,0.215785,0.384985,0.608517,0.42893
period19,1,1,1,1,0.999552,0.997882,1,0.566667,0.919305,0.454098,1,1,0.0508417,0.905686,0.00426002,0.0155124,1,1,1,0.583123,0.44148,0.876544,0.00231388,0.00280194,0.0155124,0.00195791,0.0527469,1,0.504464,0.65144,0.478975,0.907556,0.146738,0.566167,0.434335,0.447398,0.245829,0.170396,0.498839,0.359183,0.359416,0.351202,0.459329,0.786227,0.643543,0.459627,0.602276
period20,1,1,1,1,0.999548,0.997947,1,0.617949,0.933522,0.435919,1,1,0.0525638,0.90268,0.021834,0.0160341,1,1,1,0.619289,0.422913,0.872577,0.00238875,0.00289316,0.0160341,0.00266939,0.0528873,1,0.358392,0.374029,0.422619,0.0923301,0.313644,0.747033,0.390078,0.469217,0.706173,0.511997,0.514632,0.457839,0.527886,0.47666,0.345715,0.573624,0.754483,0.687943,0.48002
period21,1,1,1,1,0.99955,0.998096,1,0.669048,0.933523,0.435919,1,1,0.0525637,0.902681,0.0391632,0.0160341,1,1,1,0.61929,0.422913,0.872579,0.00238875,0.00289315,0.0160341,0.00288058,0.0493939,1,0.613219,0.4152,0.450899,0.787572,0.402837,0.768059,0.88929,0.574326,0.451655,0.530797,0.434354,0.775223,0.416897,0.646654,0.199507,0.338402,0.339971,0.443574,0.439555
period22,1,1,1,1,0.999579,0.998427,1,0.676087,0.933547,0.43593,1,1,0.0695044,0.919375,0.0386537,0.0168681,1,1,1,0.635976,0.422924,0.889189,0.0024291,0.0029672,0.0168681,0.015749,0.0453804,1,0.882582,0.885165,0.333562,0.260556,0.645514,0.374346,0.372873,0.675383,0.463209,0.234034,0.556322,0.333479,0.265402,0.451681,0.655054,0.2888,0.268707,0.540876,0.361632
period23,1,1,1,1,0.999586,0.998549,1,0.647917,0.950495,0.435934,1,1,0.0695042,0.936194,0.0385575,0.016868,1,1,1,0.669389,0.422927,0.905899,0.0024291,0.00296719,0.016868,0.0157139,0.0436198,1,0.00935286,0.691087,0.606998,0.403287,0.6359,0.529451,0.471395,0.566923,0.549517,0.259496,0.447744,0.197107,0.417584,0.479229,0.423956,0.700966,0.584816,0.320147,0.342095
