period2,1,0.00833333,0.80393,0.000436681,0.000480159,0.000436681,0.00833333,0.00837336,0.00130949,0.00127036,0.00127036,0.00127036,0.000563163,0.000563163,0.000492752,0.000492752,0.000485741,0.00833333,0.00126638,0.00126638,0.00127036,0.000681288,0.000563163,0.000563163,0.000618346,0.000492752,0.000563163,0.000547538,0.000485741,0.000485741,0.436741,0.251376,0.496413,0.656749,0.293967,0.533411,0.361842,0.448281,0.258688,0.232021,0.686264,0.81248,0.48059,0.545607,0.684813,0.698037,0.760232,0.468917,0.370276,0.525544,0.699859,0.294827,0.455372,0.459181,0.477046,0.414361,0.261796,0.742546,0.258746
period3,1,0.000694444,1,0.000436681,0.000480159,0.288646,0.000694444,0.00137789,0.000936071,0.000573868,0.000573868,0.000573868,0.000493817,0.000493817,0.000485847,0.000485847,0.000485054,0.000694444,0.000505822,0.000505822,0.000573868,0.000549563,0.000493817,0.000493817,0.00054282,0.000485847,0.000493817,0.000534423,0.000485054,0.000485054,0.19446,0.0521347,0.110495,0.745932,0.139573,0.538791,0.394831,0.719135,0.656032,0.768235,0.00959222,0.809719,0.672358,0.875504,0.498234,0.638301,0.24424,0.148652,0.587839,0.702797,0.672517,0.646208,0.512055,0.634356,0.283024,0.688017,0.611705,0.702711,0.27012
period4,1,0.000456621,1,0.000436681,0.000480159,0.838865,0.000456621,0.526952,0.000915411,0.000869935,0.000869935,0.000869935,0.000523295,0.000523295,0.000488782,0.000488782,0.000485346,0.826941,0.000482144,0.000482144,0.000869935,0.000609833,0.000523295,0.000523295,0.00057535,0.000488782,0.000523295,0.000539998,0.000485346,0.000485346,0.201726,0.623094,0.521431,0.662212,0.752664,0.357679,0.532481,0.36071,0.881093,0.572474,0.324079,0.0775153,0.297685,0.624319,0.493485,0.535739,0.186269,0.264848,0.4149,0.265265,0.394715,0.565047,0.484801,0.631119,0.478974,0.422832,0.339449,0.649372,0.585617
period5,1,0.0322727,1,0.000436681,0.000480159,0.926201,0.00954545,0.73623,0.00136683,0.321349,0.000872693,0.0181958,0.000800273,0.000800273,0.000516359,0.000516359,0.000488092,0.973182,0.000754505,0.000754505,0.0398496,0.00279945,0.000866305,0.000523569,0.000603187,0.000516359,0.000800273,0.000595293,0.000488092,0.000488092,0.395442,0.43692,0.786395,0.348077,0.673179,0.459262,0.4057,0.358716,0.513373,0.377679,0.299859,0.765473,0.0127329,0.282698,0.576687,0.808783,0.936832,0.475058,0.736977,0.583239,0.639936,0.388369,0.809673,0.549908,0.488807,0.57854,0.482945,0.394488,0.305368
period6,1,0.1,1,0.00917031,0.000742166,0.952402,0.0230769,0.910935,0.00133365,0.777342,0.000879105,0.0746214,0.00914233,0.000851063,0.000521416,0.000521416,0.000488595,0.991403,0.000820742,0.000820742,0.152702,0.00162401,0.350681,0.000524208,0.000828612,0.000741246,0.000851063,0.000824379,0.000488595,0.000488595,0.860263,0.408004,0.788454,0.167783,0.571149,0.43722,0.285878,0.558804,0.552587,0.421466,0.465214,0.383792,0.0795925,0.186151,0.280764,0.348422,0.710204,0.37392,0.377948,0.441972,0.169125,0.355096,0.265413,0.531738,0.915144,0.559073,0.603211,0.454697,0.278115
period7,1,0.136818,1,0.149561,0.00941205,0.960965,0.0640909,0.947833,0.00971517,0.883186,0.00523941,0.118805,0.0645081,0.000862708,0.000524489,0.000524489,0.000490815,0.995909,0.00513734,0.0179555,0.402718,0.0976972,0.653485,0.000700191,0.00111844,0.0129376,0.000862708,0.000926915,0.000490815,0.000490815,0.134456,0.830062,0.161526,0.71337,0.441537,0.403119,0.30883,0.552738,0.470853,0.525133,0.49753,0.277429,0.49518,0.62531,0.439317,0.871135,0.675444,0.493847,0.576269,0.56023,0.689425,0.450845,0.689295,0.613194,0.450854,0.505748,0.493767,0.473915,0.500644
period8,1,0.159545,1,0.351316,0.144001,0.960965,0.904763,0.947833,0.232252,0.939969,0.0576541,0.145012,0.103226,0.000864961,0.000524713,0.000524713,0.000490838,1,1,0.137437,0.511915,0.293955,0.740687,0.000850116,0.0015509,0.0627883,0.000864961,0.000937511,0.000490838,0.000490838,0.426653,0.397301,0.347511,0.34567,1,0.546684,0.3261,0.365227,0.501166,0.696066,0.431726,0.56833,0.714152,0.458007,0.491116,0.985812,0.502864,0.449868,0.774206,0.234008,0.392759,0.634748,0.593816,0.401926,0.502267,0.746378,0.790709,0.587871,0.0632728
period9,1,0.173182,1,0.482895,0.301051,0.960965,0.965751,0.956569,0.441314,0.939969,0.153747,0.179955,0.14226,0.000866991,0.000524915,0.000524915,0.000490858,1,1,0.100536,0.638584,0.394701,0.779852,0.00513631,0.00196558,0.11383,0.00943627,0.000943713,0.000490858,0.000490858,0.431811,0.392505,0.266627,0.753278,1,0.879129,0.402863,0.509167,0.841567,0.302693,0.449333,0.489675,0.41207,0.879367,0.816244,0.562219,0.453075,0.409033,0.608882,0.592517,0.310517,0.718406,0.44543,0.628881,0.315428,0.309204,0.811995,0.262946,0.604249
period10,1,0.182273,1,0.557456,0.432031,0.960965,0.971864,0.956569,0.548813,0.944337,0.249841,0.206162,0.159785,0.00516313,0.000696411,0.000696411,0.000507932,1,1,0.0627594,0.704102,0.495138,0.805979,0.0439455,0.00202272,0.139621,0.0266384,0.00302077,0.000507932,0.000507932,0.385736,0.266434,0.565498,0.227585,1,0.0973445,0.575023,0.567061,0.324379,0.50438,0.545263,0.226536,0.32427,0.438054,0.260425,0.435894,0.280161,0.364076,0.685877,0.138382,0.435301,0.766186,0.366346,0.538201,0.409164,0.204371,0.375873,0.19023,0.360868
period11,1,0.210502,1,0.630396,0.513075,0.960793,0.999671,0.956378,0.638953,0.944092,0.343065,0.24655,0.191192,0.00952404,0.000757679,0.000757679,0.000515963,1,1,1,0.81248,0.579629,0.831354,0.0746993,0.00188581,0.153821,0.0527784,0.00369542,0.000515963,0.000515963,0.467489,0.193544,0.122199,0.413542,1,0.632554,0.628074,0.610364,0.427685,0.561497,0.766615,0.237315,0.556542,0.805275,0.875973,0.852329,0.695008,0.677276,0.580602,0.502628,0.670812,0.541073,0.612294,0.607314,0.553886,0.551153,0.43989,0.164491,0.672153
period12,1,0.225229,1,0.686283,0.616777,0.960619,0.999586,0.956185,0.720955,0.952658,0.441517,0.331358,0.227597,0.0226786,0.000820204,0.000820204,0.000524135,1,1,1,0.877749,0.66571,0.839427,0.105795,0.00178177,0.185528,0.0793582,0.0076496,0.000524135,0.000524135,0.515013,0.700664,0.283001,0.889432,1,0.687947,0.227391,0.842565,0.513603,0.786593,0.330346,0.35622,0.159718,0.430169,0.447309,0.365196,0.482772,0.407495,0.290739,0.0484632,0.861836,0.843106,0.478147,0.225198,0.607453,0.383727,0.359629,0.741612,0.220138
period13,1,0.234404,1,0.770354,0.674391,0.960619,0.999807,0.956185,0.786194,0.952658,0.525238,0.375421,0.267167,0.0707253,0.000858543,0.000858543,0.000527952,1,1,1,0.917406,0.7445,0.852597,0.132191,0.00173055,0.212023,0.0925522,0.0106954,0.000527952,0.000527952,0.0566164,0.689313,0.788875,0.528596,1,0.679649,0.725856,0.624229,0.502119,0.649025,0.576686,0.68768,0.636918,0.358202,0.138983,0.560064,0.825913,0.624047,0.364587,0.412504,0.469939,0.2991,0.262864,0.600446,0.456912,0.214568,0.597968,0.372775,0.591446
period14,1,0.235484,1,0.804889,0.72617,0.960444,0.997961,0.960417,0.811985,0.956873,0.571821,0.4656,0.339104,0.137051,0.000873103,0.000873103,0.000531367,1,1,1,0.934744,0.80051,0.856374,0.159236,0.00176195,0.231298,0.106303,0.0216268,0.000531367,0.000531367,0.726836,0.46489,0.418032,0.481673,1,0.126306,0.48702,0.534465,0.458087,0.430911,0.309223,0.565633,0.171495,0.570611,0.519584,0.733553,0.56426,0.630309,0.666752,0.604303,0.362134,0.465964,0.316716,0.436388,0.541135,0.313375,0.420163,0.372055,0.273134
period15,1,0.236574,1,0.839732,0.787305,0.960268,0.999162,0.96024,0.842676,0.956681,0.623264,0.516571,0.389421,0.230476,0.000882258,0.000882258,0.000534261,1,1,1,0.938899,0.870179,0.855736,0.208645,0.00178067,0.294046,0.120098,0.0355475,0.000534261,0.000534261,0.430131,0.549448,0.33342,0.545944,1,0.597098,0.356585,0.48703,0.424947,0.653477,0.458608,0.37827,0.645453,0.506205,0.63184,0.0465904,0.477017,0.420914,0.504,0.472517,0.793306,0.3719,0.460313,0.301125,0.511381,0.417047,0.825212,0.455728,0.203634
period16,1,0.237674,1,0.870404,0.826661,0.96009,0.997766,0.960062,0.872491,0.956487,0.688562,0.581393,0.440267,0.298247,0.000888441,0.000888441,0.000536876,1,1,1,0.94309,0.905043,0.855093,0.254109,0.00180805,0.331092,0.134037,0.0641251,0.000536876,0.000536876,0.497792,0.208509,0.458973,0.404083,1,0.0998509,0.262852,0.17041,0.627828,0.406978,0.638361,0.334419,0.246717,0.738137,0.567758,0.361797,0.77075,0.520659,0.344112,0.731252,0.30835,0.241191,0.657118,0.570944,0.366282,0.67206,0.535805,0.804546,0.542725
period17,1,0.245755,1,0.900455,0.860635,0.959545,0.999626,0.959517,0.891164,0.955894,0.743171,0.648124,0.518506,0.374479,0.000902393,0.000902393,0.000544375,1,1,1,0.946842,0.926215,0.853129,0.302681,0.00181165,0.349556,0.144935,0.124829,0.000544375,0.000544375,0.96151,0.56696,0.0904102,0.7386,1,0.535775,0.231681,0.607208,0.405238,0.369759,0.543391,0.54782,0.975373,0.166279,0.548278,0.841716,0.297298,0.716175,0.470596,0.509164,0.350892,0.354427,0.58292,0.395289,0.594068,0.333802,0.363069,0.644528,0.55526
period18,1,0.257619,1,0.908716,0.886797,0.959174,0.996894,0.959146,0.925555,0.955489,0.800199,0.704284,0.577975,0.45075,0.000912305,0.000912305,0.000549528,1,1,1,0.946355,0.93007,0.85179,0.3601,0.00192746,0.380212,0.146317,0.158007,0.000549528,0.000549528,0.79827,0.382608,0.562133,0.712866,1,0.516222,0.90023,0.326059,0.551855,0.455731,0.818624,0.316264,0.571488,0.491217,0.416479,0.905149,0.54489,0.599232,0.626523,0.524408,0.29982,0.512654,0.67976,0.698647,0.860025,0.601867,0.275001,0.671174,0.41321
period19,1,0.258852,1,0.971968,0.953274,0.958986,0.998168,0.958958,0.94189,0.955284,0.822223,0.735045,0.640091,0.530519,0.000918268,0.000918268,0.000552233,1,1,1,0.946108,0.934298,0.851111,0.44858,0.00190984,0.400411,0.160714,0.215613,0.000552233,0.000552233,0.477855,1,0.119469,0.00520049,1,0.485387,0.280781,0.816449,0.623389,0.700981,0.331295,0.560423,0.279003,0.603951,0.30969,0.554868,0.467509,0.686117,0.27207,0.758231,0.585964,0.281407,0.315425,0.570606,0.496399,0.497948,0.481349,0.386269,0.634912
period20,1,0.269712,1,0.974781,0.965669,0.958796,0.999148,0.958768,0.938276,0.955078,0.835232,0.775309,0.67072,0.597318,0.000924203,0.0100436,0.000797382,1,1,1,0.945859,0.933995,0.850426,0.50574,0.00192443,0.434385,0.170669,0.309179,0.000554955,0.000797382,0.761308,1,0.707014,0.70269,1,0.880074,0.671224,0.365677,0.270803,0.22498,0.602509,0.414578,0.467969,0.313412,0.56207,0.699606,0.598461,0.544236,0.789983,0.540967,0.459759,0.669762,0.347763,0.34708,0.871399,0.398836,0.51607,0.479623,0.323762
period21,1,0.275,1,0.893962,0.881464,0.994693,0.999485,0.998967,0.969735,0.9994,0.881942,0.818283,0.72663,0.673052,0.000926032,0.0106102,0.00436155,1,1,1,0.984777,0.975956,1,0.580697,0.00188695,0.461117,0.181108,0.395472,0.000563864,0.00436155,0.304951,1,0.641612,0.447943,1,0.291963,0.285566,0.542905,0.405269,0.459266,0.651971,0.467975,0.0255422,0.429274,0.384428,0.0138459,0.761153,0.32112,0.544473,0.230445,0.134617,0.422018,0.537588,0.555151,0.327103,0.445314,0.301432,0.569254,0.480542
