period3,0.232308,1,1,0.518966,0.0534483,0.00551911,0.00208188,0.00174345,0.00551911,0.00208188,0.0016129,0.00169727,0.00551911,0.00208188,0.00228476,0.00208188,0.00172414,0.00551911,0.00174345,0.00208188,0.00174345,0.00174345,0.00174345,0.00208188,0.00208188,0.00176342,0.00171012,0.00171012,0.44062,0.233525,0.47229,0.198046,0.545201,0.48586,0.374068,0.445212,0.612289,0.649642,0.659163,0.438955,0.640677,0.223214,0.558774,0.549401,0.49816,0.577638,0.309108
period4,0.693846,1,1,0.901667,0.501667,0.0116765,0.00268815,0.00180314,0.0116765,0.00268815,0.0016129,0.00169727,0.0116765,0.00268815,0.00294714,0.00268815,0.00166667,0.0348818,0.00180314,0.00268815,0.00180314,0.00180314,0.00180314,0.00268815,0.00268815,0.00182864,0.001716,0.001716,0.66747,0.257734,0.40328,0.378181,0.66352,0.143014,0.279196,0.0692112,0.135819,0.474066,0.425506,0.483259,0.579133,0.312032,0.370648,0.636184,0.695382,0.533882,0.598488
period5,0.755385,1,1,0.919672,0.739344,0.0264014,0.00284132,0.00181822,0.0139905,0.00291599,0.0016129,0.00169727,0.0139905,0.00291599,0.00319102,0.00291599,0.0508197,0.349084,0.00181822,0.00291599,0.00182557,0.00182557,0.00182557,0.00291599,0.00291599,0.00185265,0.00171749,0.00171749,0.280171,0.45947,0.548556,0.095616,0.832714,0.364695,0.492212,0.464019,0.440179,0.172468,0.698483,0.590657,0.398955,0.592973,0.494682,0.646592,0.770772,0.446312,0.410187
period6,0.816923,1,1,0.952459,0.870492,0.0684853,0.0302909,0.00254892,0.14899,0.00290175,0.0177419,0.00242188,0.0148155,0.00290175,0.00399598,0.00299722,0.0508197,0.632018,0.00254892,0.00290175,0.00182417,0.00182417,0.00183357,0.00299722,0.00299722,0.00193191,0.00178943,0.00178943,0.326715,0.589815,0.0707366,0.27589,0.551635,0.463967,0.798966,0.499294,0.157078,0.765842,0.629326,0.587409,0.470325,0.238891,0.228699,0.47796,0.256483,0.488938,0.672496
period7,0.847692,1,1,0.952459,0.903279,0.132857,0.0768071,0.0284211,0.22857,0.00297142,0.066129,0.0160793,0.0371445,0.060114,0.00472793,0.00336169,0.0508197,0.734481,0.00281877,0.0315427,0.00183103,0.00274308,0.00186946,0.00336169,0.00336169,0.00200398,0.00248956,0.001816,0.551357,0.435683,0.654608,0.484362,0.204515,0.561764,0.629054,0.400797,0.197276,0.300382,0.571277,0.652255,0.55856,0.540679,0.476808,0.424602,0.541357,0.653499,0.339095
period8,0.847692,1,1,0.952459,0.903279,0.160204,0.0903672,0.0544711,0.406322,0.0590501,0.130645,0.0610413,0.0371445,0.199161,0.0047566,0.00336169,0.0508197,0.7755,0.0157423,0.0730612,0.00272354,0.09584,0.00186946,0.00336169,0.0219339,0.0020068,0.00263947,0.00232502,0.352231,0.863202,0.416766,0.414779,0.511316,0.739808,0.363076,0.386728,0.531753,0.575085,0.438052,0.259138,0.496739,0.529597,0.45687,0.47136,0.314509,0.596019,0.33262
period9,1,1,1,1,0.952459,0.165425,0.138369,0.113618,0.520579,0.223882,0.179032,0.152206,0.0201348,0.318533,0.00403099,0.00253778,1,0.891877,0.044433,0.176557,0.0776417,0.230555,0.00178834,0.00253778,0.0126052,0.00193536,0.00281747,0.00265206,0.53424,0.331926,0.2092,0.626999,0.226746,0.520051,0.506272,0.735876,0.390707,0.411918,0.480882,0.564273,0.285722,0.262028,0.291918,0.571982,0.669776,0.488656,0.2249
period10,1,1,1,1,0.952459,0.229206,0.155844,0.144628,0.552074,0.365814,0.21129,0.184132,0.0193424,0.492002,0.00403628,0.0024994,1,0.891085,0.116292,0.239625,0.262152,0.356658,0.00178456,0.0024994,0.0121706,0.00193588,0.00287002,0.0157639,0.516805,0.329201,0.529984,0.533258,0.421648,0.796502,0.274443,0.471611,0.476273,0.408581,0.268452,0.297407,0.564761,0.610294,0.121996,0.726085,0.396593,0.160638,0.787787
period11,1,1,1,1,0.985246,0.277667,0.219011,0.163599,0.633002,0.39862,0.259677,0.18634,0.0192421,0.509396,0.00412911,0.0121156,1,0.972185,0.119797,0.287845,0.340331,0.419808,0.00214935,0.00249454,0.0121156,0.00194502,0.00291222,0.0294969,0.318721,0.517057,0.420798,0.362734,0.231366,0.47082,0.494818,0.384317,0.701326,0.432951,0.687716,0.326428,0.599391,0.525464,0.446079,0.242416,0.462035,0.465247,0.409767
period12,1,1,1,1,0.985246,0.358425,0.221222,0.194728,0.697608,0.399328,0.324194,0.219175,0.0192421,0.60544,0.00414031,0.0121156,1,0.972185,0.120987,0.335909,0.371648,0.484261,0.00214935,0.00249454,0.0121156,0.00194612,0.00293951,0.0297724,0.718814,0.591026,0.448545,0.232192,0.725377,0.489645,0.412629,0.65654,0.673723,0.460892,0.496646,0.611396,0.605669,0.560433,0.350203,0.122412,0.549892,0.290322,0.756858
period13,1,1,1,1,0.985246,0.439183,0.254006,0.197257,0.746063,0.399766,0.356452,0.282009,0.0192421,0.669618,0.00418529,0.0121156,1,0.972185,0.152432,0.447387,0.372053,0.610322,0.00214935,0.00249454,0.0121156,0.00195055,0.00295271,0.0444991,0.187512,0.615297,0.183002,0.829323,0.35264,0.189639,0.744173,0.333893,0.543667,0.491004,0.426056,0.820649,0.663172,0.559151,0.513233,0.549817,0.535508,0.58359,0.48722
period14,1,1,1,1,0.985246,0.487638,0.301912,0.19927,0.842972,0.416332,0.420968,0.330463,0.0192421,0.75034,0.00424097,0.0121156,1,0.972185,0.19927,0.479953,0.388531,0.690762,0.00214935,0.00249454,0.0121156,0.00195603,0.0171968,0.074131,0.336008,0.237484,0.554929,0.201197,0.287624,0.473855,0.280303,0.0845722,0.339902,0.521591,0.126177,0.507681,0.704175,0.360325,0.411602,0.479207,0.728208,0.229081,0.754766
period15,1,1,1,1,0.985246,0.568396,0.381948,0.216926,0.875275,0.432406,0.995999,1,0.0192421,0.814344,0.00432507,0.0121156,1,0.972185,0.26276,0.511976,0.404558,0.738934,0.00214935,0.00249454,0.0121156,0.00196431,0.0174434,0.10518,0.554257,0.586259,0.672722,0.346581,0.433839,0.137746,0.597655,0.381653,0.293088,0.363518,0.429358,0.291233,0.289568,0.360308,0.428845,0.279783,0.478614,0.44242,0.248318
period16,1,1,1,1,0.998482,0.640163,0.41909,0.251391,0.90206,0.437512,0.99645,1,0.0181572,0.872433,0.00431116,0.0115206,1,1,0.297957,0.566377,0.424929,0.764142,0.00212053,0.00244199,0.0115206,0.00196294,0.032582,0.137097,0.577741,0.697642,0.306423,0.222725,0.474147,0.562452,0.724353,0.339853,0.449097,0.50493,0.472645,0.522659,0.408963,0.261051,0.65837,0.455225,0.277247,0.35548,0.273156
period17,1,1,1,1,0.996802,0.688276,0.435129,0.298307,0.900709,0.452956,1,1,0.018295,0.887227,0.00433239,0.0115961,1,1,0.344928,0.565545,0.424758,0.842409,0.00212419,0.00244866,0.0115961,0.00196504,0.0328476,0.197982,1,0.700769,0.488112,0.0351515,0.664108,0.782081,0.45247,0.411802,0.437413,0.314622,0.16078,0.510866,0.620996,0.374901,0.474955,0.512644,0.367314,0.679879,0.638123
period18,1,1,1,1,0.996802,0.737299,0.531848,0.300237,0.91705,0.453011,1,1,0.018295,0.887404,0.00441343,0.0115961,1,1,0.409735,0.58172,0.42481,0.858421,0.00212419,0.00244866,0.0115961,0.00197301,0.0330461,0.245837,1,0.296602,0.61587,0.526606,0.891322,0.421949,0.403467,0.395917,0.662184,0.515198,0.463315,0.440005,0.534543,0.380481,0.254328,0.216156,0.38507,0.608852,0.429088
