period3,0.232308,1,1,0.518966,0.0534483,0.00551911,0.00208188,0.00174345,0.00551911,0.00208188,0.0016129,0.00169727,0.00551911,0.00208188,0.00228476,0.00208188,0.00172414,0.00551911,0.00174345,0.00208188,0.00174345,0.00174345,0.00174345,0.00208188,0.00208188,0.00176342,0.00171012,0.00171012,0.44062,0.233525,0.47229,0.198046,0.545201,0.48586,0.374068,0.445212,0.612289,0.649642,0.659163,0.438955,0.640677,0.223214,0.558774,0.549401,0.49816,0.577638,0.309108
period4,0.693846,1,1,0.901667,0.501667,0.0116765,0.00268815,0.00180314,0.0116765,0.00268815,0.0016129,0.00169727,0.0116765,0.00268815,0.00294714,0.00268815,0.00166667,0.0348818,0.00180314,0.00268815,0.00180314,0.00180314,0.00180314,0.00268815,0.00268815,0.00182864,0.001716,0.001716,0.66747,0.257734,0.40328,0.378181,0.66352,0.143014,0.279196,0.0692112,0.135819,0.474066,0.425506,0.483259,0.579133,0.312032,0.370648,0.636184,0.695382,0.533882,0.598488
period5,0.755385,1,1,0.919672,0.739344,0.0264014,0.00284132,0.00181822,0.0139905,0.00291599,0.0016129,0.00169727,0.0139905,0.00291599,0.00319102,0.00291599,0.0508197,0.349084,0.00181822,0.00291599,0.00182557,0.00182557,0.00182557,0.00291599,0.00291599,0.00185265,0.00171749,0.00171749,0.280171,0.45947,0.548556,0.095616,0.832714,0.364695,0.492212,0.464019,0.440179,0.172468,0.698483,0.590657,0.398955,0.592973,0.494682,0.646592,0.770772,0.446312,0.410187
period6,0.816923,1,1,0.952459,0.870492,0.0684853,0.0302909,0.00254892,0.14899,0.00290175,0.0177419,0.00242188,0.0148155,0.00290175,0.00399598,0.00299722,0.0508197,0.632018,0.00254892,0.00290175,0.00182417,0.00182417,0.00183357,0.00299722,0.00299722,0.00193191,0.00178943,0.00178943,0.326715,0.589815,0.0707366,0.27589,0.551635,0.463967,0.798966,0.499294,0.157078,0.765842,0.629326,0.587409,0.470325,0.238891,0.228699,0.47796,0.256483,0.488938,0.672496
period7,0.847692,1,1,0.952459,0.903279,0.132857,0.0768071,0.0284211,0.22857,0.00297142,0.066129,0.0160793,0.0371445,0.060114,0.00472793,0.00336169,0.0508197,0.734481,0.00281877,0.0315427,0.00183103,0.00274308,0.00186946,0.00336169,0.00336169,0.00200398,0.00248956,0.001816,0.551357,0.435683,0.654608,0.484362,0.204515,0.561764,0.629054,0.400797,0.197276,0.300382,0.571277,0.652255,0.55856,0.540679,0.476808,0.424602,0.541357,0.653499,0.339095
period8,0.847692,1,1,0.952459,0.903279,0.160204,0.0903672,0.0544711,0.406322,0.0590501,0.130645,0.0610413,0.0371445,0.199161,0.0047566,0.00336169,0.0508197,0.7755,0.0157423,0.0730612,0.00272354,0.09584,0.00186946,0.00336169,0.0219339,0.0020068,0.00263947,0.00232502,0.352231,0.863202,0.416766,0.414779,0.511316,0.739808,0.363076,0.386728,0.531753,0.575085,0.438052,0.259138,0.496739,0.529597,0.45687,0.47136,0.314509,0.596019,0.33262
period9,0.909231,1,1,1,0.952459,0.159127,0.13317,0.109416,0.482044,0.207534,0.179032,0.152206,0.0270245,0.295178,0.00434092,0.0028715,0.0508197,0.819639,0.0428307,0.163712,0.0721154,0.213813,0.00182119,0.0028715,0.0163837,0.00196588,0.00277816,0.00261459,0.53424,0.331926,0.2092,0.626999,0.226746,0.521337,0.506272,0.737935,0.39086,0.411918,0.480882,0.564273,0.285722,0.262028,0.291918,0.571982,0.669776,0.488656,0.2249
period10,0.924615,1,1,1,0.952459,0.219179,0.149112,0.138459,0.517708,0.343243,0.21129,0.184132,0.025136,0.461576,0.00427835,0.00278003,0.0508197,0.831162,0.111348,0.22491,0.246124,0.334784,0.00181219,0.00278003,0.015348,0.00195971,0.00282516,0.0151682,0.516805,0.329201,0.529984,0.533258,0.421648,0.801564,0.274443,0.47232,0.477037,0.408581,0.268452,0.297407,0.564761,0.610294,0.121996,0.726085,0.396593,0.160638,0.787787
period11,0.924615,1,1,1,0.985246,0.264185,0.208478,0.155826,0.592733,0.373506,1,0.711765,0.0252411,0.477234,0.0043811,0.0154056,1,0.906347,0.11413,0.269778,0.319047,0.393495,0.00230871,0.00278511,0.0154056,0.00196983,0.00286183,0.0281845,0.33749,0.297946,0.406449,0.362734,0.231366,0.474992,0.494818,0.385196,0.701549,0.436109,0.687206,0.35273,0.599185,0.425466,0.353806,0.242416,0.462035,0.465247,0.409767
period12,0.991781,1,1,1,0.99847,0.359742,0.222027,0.195429,0.700657,0.401054,1,0.671429,0.0188279,0.608066,0.00412365,0.0118884,1,1,0.12142,0.337358,0.373243,0.486345,0.00213835,0.00247448,0.0118884,0.00194448,0.00294317,0.0298727,0.743615,0.502042,0.33345,0.231163,0.730864,0.489749,0.417012,0.656502,0.673098,0.413385,0.505326,0.626675,0.602376,0.549292,0.338779,0.123045,0.549551,0.289936,0.757045
period13,0.991781,1,1,1,0.99847,0.440913,0.254996,0.198017,0.749359,0.401509,1,0.786957,0.0188279,0.672554,0.00416888,0.0118884,1,1,0.153018,0.44934,0.373664,0.612978,0.00213835,0.00247448,0.0118884,0.00194894,0.00295668,0.0446632,0.107423,0.62601,0.0141122,0.834828,0.352878,0.190301,0.748719,0.334033,0.54344,0.468952,0.426604,0.820043,0.663014,0.669859,0.450643,0.549884,0.535502,0.585212,0.487599
period14,0.991781,1,1,1,0.99847,0.489615,0.303124,0.200061,0.846763,0.41817,1,0.781481,0.0188279,0.75368,0.00422432,0.0118884,1,1,0.200061,0.482076,0.390235,0.693812,0.00213835,0.00247448,0.0118884,0.00195439,0.0172574,0.0744178,0.53402,0.168344,0.286561,0.201133,0.284579,0.474923,0.280149,0.08478,0.340097,0.486657,0.130813,0.506516,0.70427,0.217342,0.370947,0.477964,0.727874,0.229095,0.754765
period15,0.991781,1,1,1,0.99847,0.570785,0.383539,0.21782,0.879231,0.434319,1,0.777419,0.0188279,0.817984,0.00430777,0.0118884,1,1,0.263845,0.514249,0.406336,0.742205,0.00213835,0.00247448,0.0118884,0.00196261,0.0175071,0.105606,1,0.588295,0.672706,0.348218,0.435279,0.137648,0.603291,0.381247,0.292985,0.363515,0.429356,0.292018,0.289417,0.507608,0.385541,0.280383,0.478535,0.442417,0.248317
period16,0.991781,1,1,1,0.99847,0.635721,0.416209,0.249681,0.895465,0.434387,1,0.846875,0.0188279,0.866129,0.00433955,0.0118884,1,1,0.295926,0.56231,0.421913,0.758686,0.00213835,0.00247448,0.0118884,0.00196574,0.0323742,0.136177,1,0.697775,0.305219,0.222728,0.474146,0.563692,0.724345,0.339914,0.449563,0.505704,0.472319,0.522627,0.408963,0.300692,0.651969,0.455225,0.277247,0.355481,0.273156
period17,1,1,1,1,0.996802,0.688276,0.435129,0.298307,0.900709,0.452956,1,1,0.018295,0.887227,0.00433239,0.0115961,1,1,0.344928,0.565545,0.424758,0.842409,0.00212419,0.00244866,0.0115961,0.00196504,0.0328476,0.197982,1,0.700769,0.488112,0.0351515,0.664108,0.782081,0.45247,0.411802,0.437413,0.314622,0.16078,0.510866,0.620996,0.374901,0.474955,0.512644,0.367314,0.679879,0.638123
period18,1,1,1,1,0.996802,0.737299,0.531848,0.300237,0.91705,0.453011,1,1,0.018295,0.887404,0.00441343,0.0115961,1,1,0.409735,0.58172,0.42481,0.858421,0.00212419,0.00244866,0.0115961,0.00197301,0.0330461,0.245837,1,0.296602,0.61587,0.526606,0.891322,0.421949,0.403467,0.395917,0.662184,0.515198,0.463315,0.440005,0.534543,0.380481,0.254328,0.216156,0.38507,0.608852,0.429088
period19,1,1,1,1,0.999939,0.995948,0.996885,0.564913,0.998025,1,1,1,0.0508227,0.982289,0.00426546,0.0155072,1,1,1,0.632104,0.968966,0.949743,0.00231363,0.0028015,0.0155072,0.00195844,0.0525909,0.636667,1,0.65144,0.478975,0.907792,0.146667,0.566582,0.43445,0.448507,0.245774,0.170396,0.498839,0.359183,0.359416,0.500321,0.462228,0.786259,0.643557,0.459682,0.602246
period20,1,1,1,1,0.999908,0.997968,1,0.617949,0.999975,1,1,1,1,1,0.366667,0.275,1,1,1,0.662484,0.966667,1,0.0149194,0.025,0.275,0.0193548,0.0528873,0.639394,1,0.374029,1,0.0922145,0.3137,0.747048,0.390124,0.469217,0.706173,0.500219,0.507989,0.457839,0.527886,0.532815,0.323237,0.573615,0.754483,0.687984,0.480025
period21,1,1,1,1,0.999908,0.998116,1,0.669048,1,1,1,1,1,1,0.7,0.275,1,1,1,1,0.966667,1,0.0149194,0.025,0.275,0.0238251,0.0493939,0.679412,1,0.4152,1,0.7877,0.402903,0.768071,0.889524,0.574326,0.451655,0.627198,0.411325,0.775223,0.416897,0.623449,0.208942,0.338373,0.339967,0.44355,0.439551
period22,1,1,1,1,0.999935,0.998453,1,0.676087,1,1,1,1,1,1,0.525,0.22,1,1,1,1,0.966667,1,0.0122581,0.02,0.22,0.193279,0.0453804,0.759459,1,0.885165,1,0.260619,0.645676,0.374352,0.372856,0.675383,0.463209,0.279216,0.563637,0.333479,0.265402,0.487367,0.655982,0.288781,0.268714,0.54086,0.361624
period23,1,1,1,1,0.999937,0.998575,1,0.647917,1,1,1,1,1,1,0.525,0.22,1,1,1,1,0.966667,1,0.0122581,0.02,0.22,0.193279,0.0436198,0.771795,1,0.691087,1,0.403312,0.636043,0.529447,0.471435,0.566923,0.549517,0.270618,0.44177,0.197107,0.417584,0.102361,0.529456,0.70093,0.584806,0.320154,0.342096
period24,1,1,1,1,0.99995,0.998768,1,0.632609,0.999999,1,1,1,1,1,0.35,0.183333,1,1,1,1,0.9625,1,0.0105747,0.0166667,0.183333,0.129474,0.0455072,0.792105,1,0.585859,1,0.486532,0.927656,0.305823,0.726535,0.800349,0.479898,0.183149,0.599928,0.505242,0.722232,0.419357,0.415443,0.377178,0.455407,0.343648,0.739144
period25,1,1,1,1,0.999979,0.998866,1,0.737736,0.999998,1,1,1,1,1,0.853846,0.161538,1,1,1,1,0.815625,1,0.0068556,0.0846154,0.0846154,0.650849,0.0953726,0.897917,1,0.784248,1,0.820121,0.745442,0.242262,0.495408,0.451192,0.429733,0.54864,0.483352,0.772837,0.599464,0.4941,0.211217,0.343342,0.721333,0.384356,0.574386
