period3,1,0.000694444,1,0.000436681,0.000480159,0.288646,0.000694444,0.00137789,0.000936071,0.000573868,0.000573868,0.000573868,0.000493817,0.000493817,0.000485847,0.000485847,0.000485054,1,0.000505822,0.000505822,0.000573868,0.000549563,0.000493817,0.000493817,0.00054282,0.000485847,0.000493817,0.000534423,0.000485054,0.000485054,0.19446,0.0521347,0.110495,0.745932,0.139573,0.538791,0.394831,0.719135,0.656032,0.768235,0.00959222,0.809719,0.672358,0.875504,0.498234,0.638301,0.24424,0.148652,0.587839,0.702797,0.672517,0.646208,0.512055,0.634356,0.283024,0.688017,0.611705,0.702711,0.27012
period4,1,0.000456621,1,0.000436681,0.000480159,0.838865,0.000456621,0.526952,0.000915411,0.000869935,0.000869935,0.000869935,0.000523295,0.000523295,0.000488782,0.000488782,0.000485346,1,0.000482144,0.000482144,0.000869935,0.000609833,0.000523295,0.000523295,0.00057535,0.000488782,0.000523295,0.000539998,0.000485346,0.000485346,0.201726,0.623094,0.521431,0.662212,0.752664,0.357679,0.532481,0.36071,0.881093,0.572474,0.324079,0.0775153,0.297685,0.624319,0.493485,0.535739,0.186269,0.264848,0.4149,0.265265,0.394715,0.565047,0.484801,0.631119,0.478974,0.422832,0.339449,0.649372,0.585617
period5,1,0.0322727,1,0.000436681,0.000480159,0.926201,0.00954545,0.73623,0.00136683,0.321349,0.000872693,0.0181958,0.000800273,0.000800273,0.000516359,0.000516359,0.000488092,1,0.000754505,0.000754505,0.0398496,0.00279945,0.000866305,0.000523569,0.000603187,0.000516359,0.000800273,0.000595293,0.000488092,0.000488092,0.395442,0.43692,0.786395,0.348077,0.673179,0.459262,0.4057,0.358716,0.513373,0.377679,0.299859,0.765473,0.0127329,0.282698,0.576687,0.808783,0.936832,0.475058,0.736977,0.583239,0.639936,0.388369,0.809673,0.549908,0.488807,0.57854,0.482945,0.394488,0.305368
period6,1,0.1,1,0.00917031,0.000742166,0.952402,0.0230769,0.910935,0.00133365,0.777342,0.000879105,0.0746214,0.00914233,0.000851063,0.000521416,0.000521416,0.000488595,1,0.000820742,0.000820742,0.152702,0.00162401,0.350681,0.000524208,0.000828612,0.000741246,0.000851063,0.000824379,0.000488595,0.000488595,0.860263,0.408004,0.788454,0.167783,0.571149,0.43722,0.285878,0.558804,0.552587,0.421466,0.465214,0.383792,0.0795925,0.186151,0.280764,0.348422,0.710204,0.37392,0.377948,0.441972,0.169125,0.355096,0.265413,0.531738,0.915144,0.559073,0.603211,0.454697,0.278115
period7,1,0.136818,1,0.149561,0.00941205,0.960965,0.0640909,0.947833,0.00971517,0.883186,0.00523941,0.118805,0.0645081,0.000862708,0.000524489,0.000524489,0.000490815,1,0.00513734,0.0179555,0.402718,0.0976972,0.653485,0.000700191,0.00111844,0.0129376,0.000862708,0.000926915,0.000490815,0.000490815,0.134456,0.830062,0.161526,0.71337,0.441537,0.403119,0.30883,0.552738,0.470853,0.525133,0.49753,0.277429,0.49518,0.62531,0.439317,0.871135,0.675444,0.493847,0.576269,0.56023,0.689425,0.450845,0.689295,0.613194,0.450854,0.505748,0.493767,0.473915,0.500644
period8,1,1,1,0.351316,0.144001,0.960965,0.999657,0.947833,0.256514,0.939969,0.0576541,0.145012,0.103226,0.000864961,0.000524713,0.000524713,0.000490838,1,1,1,0.511915,0.293955,0.740687,0.000850116,0.0015509,0.0627883,0.000864961,0.000937511,0.000490838,0.000490838,0.426653,0.397301,0.347511,0.33924,1,0.546684,0.3261,0.365227,0.501166,0.696066,0.431726,0.56833,0.714152,0.458007,0.491116,0.985812,0.502864,0.449868,0.774206,0.234008,0.392759,0.634748,0.593816,0.401926,0.502267,0.746378,0.790709,0.587871,0.0632728
period9,1,1,1,0.482895,0.301051,0.960965,0.999811,0.956569,0.456844,0.939969,0.153747,0.179955,0.14226,0.000866991,0.000524915,0.000524915,0.000490858,1,1,1,0.638584,0.394701,0.779852,0.00513631,0.00196558,0.11383,0.00943627,0.000943713,0.000490858,0.000490858,0.431811,0.392505,0.266627,0.749529,1,0.879129,0.402863,0.509167,0.841567,0.302693,0.449333,0.489675,0.41207,0.879367,0.816244,0.562219,0.453075,0.409033,0.608882,0.592517,0.310517,0.718406,0.44543,0.628881,0.315428,0.309204,0.811995,0.262946,0.604249
period10,1,1,1,0.557456,0.432031,0.960965,0.999701,0.956569,0.564501,0.944337,0.249841,0.206162,0.159785,0.00516313,0.000696411,0.000696411,0.000507932,1,1,1,0.704102,0.495138,0.805979,0.0439455,0.00202272,0.139621,0.0266384,0.00302077,0.000507932,0.000507932,0.385736,0.266434,0.565498,0.224501,1,0.0973445,0.575023,0.567061,0.324379,0.50438,0.545263,0.226536,0.32427,0.438054,0.260425,0.435894,0.280161,0.364076,0.685877,0.138382,0.435301,0.766186,0.366346,0.538201,0.409164,0.204371,0.375873,0.19023,0.360868
period11,1,1,1,0.630396,0.513075,0.9959,0.999671,1,0.658648,0.986697,0.358257,0.257339,0.199534,0.00991523,0.000770545,0.000770545,0.000517244,1,1,1,0.849083,0.605644,0.868496,0.0779774,0.00193082,0.160508,0.0550625,0.00383063,0.000517244,0.000517244,0.467488,0.193544,0.122199,0.413542,1,0.643537,0.629656,0.60412,0.427714,0.563995,0.770023,0.239759,0.556536,0.805078,0.875766,0.85232,0.695001,0.677097,0.580691,0.502495,0.670797,0.541475,0.612246,0.607142,0.553895,0.550796,0.440016,0.162336,0.673689
period12,1,1,1,0.686283,0.616777,1,1,1,0.746721,0.995853,0.46129,0.346083,0.237682,0.023657,0.000836068,0.000836068,0.000525715,1,1,1,0.917512,0.695714,0.877034,0.110498,0.00181294,0.193723,0.0828554,0.00796235,0.000525715,0.000525715,0.515011,0.700664,0.283001,0.889681,1,0.693201,0.227557,0.836514,0.513426,0.784624,0.32733,0.35467,0.159717,0.430117,0.447026,0.365192,0.482766,0.407413,0.290715,0.0487861,0.861635,0.840422,0.477254,0.225193,0.607452,0.383314,0.35949,0.742243,0.220031
period13,1,1,1,0.770354,0.674391,1,1,1,0.814483,0.995853,0.548848,0.392166,0.279051,0.0738482,0.000875426,0.000875426,0.000529633,1,1,1,0.958986,0.778112,0.890802,0.138091,0.00175112,0.221428,0.0966485,0.0111439,0.000529633,0.000529633,0.0566165,0.689313,0.788875,0.528683,1,0.699403,0.744803,0.619772,0.50412,0.635192,0.571974,0.690587,0.636909,0.359433,0.140822,0.560056,0.825901,0.622663,0.364206,0.413011,0.47002,0.297593,0.262761,0.599501,0.457694,0.220552,0.595376,0.373162,0.591365
