period3,0.161307,0.0156552,0.000502513,0.000502513,0.000602485,0.00104077,0.0959799,0.00181104,0.00181104,0.000682707,0.00057044,0.00055927,0.00055927,0.00055927,0.000682707,0.000626982,0.000682707,0.000750444,0.00057044,0.000558159,0.00057044,0.00057044,0.000620946,0.000620946,0.000558159,0.329521,0.0825462,0.376766,0.347788,0.608191,0.0366496,0.440758,0.391304,0.495996,0.899078,0.530572,0.559755,0.841297,0.0320113,0.301924,0.455604,0.601375,0.49958,0.430249,0.174618,0.628981,0.245602,0.754661,0.332937
period4,0.734171,0.67524,0.000502513,0.00552764,0.000828501,0.00134872,0.121106,0.00454041,0.00454041,0.000954272,0.00059746,0.000561958,0.000561958,0.000561958,0.000954272,0.000656406,0.000954272,0.00104578,0.00059746,0.000558426,0.00059746,0.00059746,0.000626292,0.000626292,0.000558426,0.435909,0.0366392,0.623881,0.601165,0.291527,0.888342,0.0324066,0.643456,0.247361,0.18353,0.630202,0.583965,0.228092,0.118874,0.408635,0.432371,0.529106,0.630548,0.287802,0.447841,0.626009,0.483555,0.459883,0.651797
period5,0.990452,0.931402,0.000502513,0.020603,0.000964107,0.0177204,0.573367,0.00174797,0.00174797,0.000676431,0.000569816,0.000559208,0.000559208,0.000559208,0.000676431,0.000626302,0.000676431,0.000742994,0.000569816,0.000558152,0.000569816,0.000569816,0.000620822,0.000620822,0.000558152,0.564259,0.15714,0.302611,0.0478352,0.78352,0.873759,0.303622,0.826978,0.762028,0.450357,0.134773,0.0510781,0.545363,0.336962,0.135294,0.271946,0.30171,0.3443,0.240368,0.439699,0.550513,0.455103,0.309991,0.685856
period6,0.990452,0.981425,0.000502513,0.0658291,0.00102221,0.0527037,0.859799,0.0117995,0.00684836,0.00084401,0.000586489,0.000560867,0.000560867,0.000560867,0.00084401,0.000644629,0.00089494,0.00093263,0.000586489,0.000558317,0.000586489,0.000586489,0.000624138,0.000624138,0.000558317,0.520551,0.818876,0.653402,0.752887,0.550042,0.785847,0.798924,0.336581,0.40117,0.249399,0.316251,0.359743,0.632063,0.0272962,0.512984,0.471596,0.526384,0.442616,0.192031,0.102399,0.168308,0.75056,0.214082,0.516597
period7,0.990452,0.986428,0.000502513,0.0959799,0.00103189,0.0775495,0.965327,0.0763151,0.304196,0.000994845,0.000601497,0.00056236,0.00056236,0.00056236,0.000994845,0.000661283,0.0295971,0.00220057,0.000601497,0.000558466,0.000601497,0.000601497,0.000627138,0.000627138,0.000558466,0.292108,0.516109,0.663221,0.530668,0.929015,0.12941,0.624641,0.224869,0.979168,0.371432,0.5253,0.824239,0.695981,0.405005,0.409524,0.718885,0.473681,0.413932,0.311376,0.4227,0.641306,0.74794,0.446391,0.407011
period8,1,0.995455,0.00552764,0.995698,0.00436249,1,1,1,0.731472,0.000992696,0.000601283,0.000562339,0.000562339,0.000562339,0.00603733,0.000863519,1,0.0144289,0.000601283,0.000558464,0.000803868,0.000803868,0.000666883,0.000666883,0.000558464,0.857828,0.285925,0.600774,0.376388,0.476672,0.276036,0.5865,0.450068,0.110334,0.484998,0.254557,0.469785,0.44424,0.183161,0.403115,0.819253,0.435314,0.519451,0.68023,0.300431,0.183515,0.667908,0.674263,0.499076
period9,1,0.995455,0.0256281,0.996815,0.0115295,1,1,1,0.858376,0.000977008,0.000599722,0.000562183,0.000562183,0.000562183,0.339278,0.00105887,1,0.00491331,0.000599722,0.000558448,0.00598887,0.0459039,0.000906386,0.000906386,0.000558448,0.227815,0.771841,0.512484,0.966939,0.495032,0.872373,0.800674,0.532079,0.571467,0.488565,0.435255,0.545066,0.446644,0.166846,0.512027,0.746497,0.291624,0.568927,0.432495,0.497049,0.818498,0.697318,0.483544,0.493483
period10,1,0.995455,0.307035,0.998857,0.0146053,1,1,1,0.914213,0.0009566,0.000597692,0.000561981,0.000561981,0.000561981,0.687879,0.00105668,1,0.0407117,0.000597692,0.000558428,0.0662707,0.548288,0.00108012,0.00108012,0.000558428,0.785696,0.391558,0.674531,0.388696,0.896246,0.344211,0.527396,0.541254,0.373701,0.379166,0.816563,0.442922,0.485731,0.359211,0.240578,0.51023,0.583095,0.310785,0.483392,0.684459,0.303909,0.750169,0.445045,0.764639
period11,1,0.995455,0.568342,0.999339,0.0321897,1,1,1,0.934518,0.00599314,0.000801681,0.000582278,0.000582278,0.000582278,0.773813,0.00107355,1,0.0514301,0.000801681,0.000560448,0.126613,0.674312,0.00109535,0.00109535,0.000560448,0.44986,0.516703,0.0557007,0.563479,0.666439,0.92742,0.125718,0.214574,0.509907,0.571482,0.265692,0.377415,0.503325,0.688888,0.516325,0.543791,0.390963,0.299905,0.327138,0.179844,0.455534,0.719378,0.614475,0.814593
period12,1,0.995455,0.688945,0.99939,0.0981158,1,1,1,0.970051,0.0160366,0.000902938,0.000592353,0.000592353,0.000592353,0.809255,0.00108113,1,0.194295,0.000902938,0.00056145,0.232208,0.734851,0.00110305,0.00110305,0.00056145,0.479985,0.42762,0.302416,0.568205,0.254182,0.375531,0.283689,0.686658,0.797835,0.412155,0.487901,0.20638,0.432386,0.508108,0.655102,0.441592,0.825377,0.490564,0.388974,0.693387,0.666438,0.535265,0.469455,0.539679
period13,1,0.995455,0.769347,0.999403,0.144747,1,1,1,1,0.0317708,0.000955542,0.000597587,0.000597587,0.000597587,0.865104,0.00102147,1,1,0.000955542,0.000561971,0.342824,0.788327,0.001107,0.001107,0.000561971,0.583399,0.187529,0.552035,0.429916,0.44478,0.292101,0.431147,0.320462,0.723999,0.259701,0.438958,0.710521,0.65504,0.473055,0.49419,0.498117,0.572609,0.579664,0.4837,0.213208,0.713533,0.428699,0.295352,0.562617
period14,1,0.995455,0.824623,0.999406,0.211125,1,1,1,1,0.119689,0.010973,0.00086781,0.00086781,0.00086781,0.896891,0.00134914,1,1,0.000998881,0.000588857,0.372039,0.805021,0.00113775,0.00113775,0.000588857,0.589999,0.0732086,0.634108,0.283638,0.315592,0.591857,0.651023,0.646537,0.702935,0.0745436,0.249415,0.254111,0.331454,0.678422,0.656874,0.323461,0.57438,0.254286,0.32128,0.307505,0.270291,0.431978,0.351176,0.444238
period15,1,0.995455,0.864824,0.999413,0.245408,1,1,1,1,0.187047,0.0313362,0.00542615,0.000949558,0.000949558,0.902073,0.00160717,1,1,0.00100428,0.000773618,0.402974,0.830814,0.00116271,0.00116271,0.000596991,0.584013,0.230835,0.498052,0.78295,0.447534,0.191717,0.687684,0.272155,0.665398,0.896449,0.780416,0.458863,0.412628,0.0206507,0.196442,0.700608,0.25009,0.240415,0.829023,0.443602,0.401447,0.765801,0.522178,0.465562
