period3,0.232308,1,1,0.518966,0.0534483,0.00551911,0.00208188,0.00174345,0.00551911,0.00208188,0.0016129,0.00169727,0.00551911,0.00208188,0.00228476,0.00208188,0.00172414,0.00551911,0.00174345,0.00208188,0.00174345,0.00174345,0.00174345,0.00208188,0.00208188,0.00176342,0.00171012,0.00171012,0.44062,0.233525,0.47229,0.198046,0.545201,0.48586,0.374068,0.445212,0.612289,0.649642,0.659163,0.438955,0.640677,0.223214,0.558774,0.549401,0.49816,0.577638,0.309108
period4,0.693846,1,1,0.901667,0.501667,0.0116765,0.00268815,0.00180314,0.0116765,0.00268815,0.0016129,0.00169727,0.0116765,0.00268815,0.00294714,0.00268815,0.00166667,0.0348818,0.00180314,0.00268815,0.00180314,0.00180314,0.00180314,0.00268815,0.00268815,0.00182864,0.001716,0.001716,0.66747,0.257734,0.40328,0.378181,0.66352,0.143014,0.279196,0.0692112,0.135819,0.474066,0.425506,0.483259,0.579133,0.312032,0.370648,0.636184,0.695382,0.533882,0.598488
period5,0.755385,1,1,0.919672,0.739344,0.0264014,0.00284132,0.00181822,0.0139905,0.00291599,0.0016129,0.00169727,0.0139905,0.00291599,0.00319102,0.00291599,0.0508197,0.349084,0.00181822,0.00291599,0.00182557,0.00182557,0.00182557,0.00291599,0.00291599,0.00185265,0.00171749,0.00171749,0.280171,0.45947,0.548556,0.095616,0.832714,0.364695,0.492212,0.464019,0.440179,0.172468,0.698483,0.590657,0.398955,0.592973,0.494682,0.646592,0.770772,0.446312,0.410187
period6,0.816923,1,1,0.952459,0.870492,0.0684853,0.0302909,0.00254892,0.14899,0.00290175,0.0177419,0.00242188,0.0148155,0.00290175,0.00399598,0.00299722,0.0508197,0.632018,0.00254892,0.00290175,0.00182417,0.00182417,0.00183357,0.00299722,0.00299722,0.00193191,0.00178943,0.00178943,0.326715,0.589815,0.0707366,0.27589,0.551635,0.463967,0.798966,0.499294,0.157078,0.765842,0.629326,0.587409,0.470325,0.238891,0.228699,0.47796,0.256483,0.488938,0.672496
period7,0.847692,1,1,0.952459,0.903279,0.132857,0.0768071,0.0284211,0.22857,0.00297142,0.066129,0.0160793,0.0371445,0.060114,0.00472793,0.00336169,0.0508197,0.734481,0.00281877,0.0315427,0.00183103,0.00274308,0.00186946,0.00336169,0.00336169,0.00200398,0.00248956,0.001816,0.551357,0.435683,0.654608,0.484362,0.204515,0.561764,0.629054,0.400797,0.197276,0.300382,0.571277,0.652255,0.55856,0.540679,0.476808,0.424602,0.541357,0.653499,0.339095
period8,1,1,1,1,0.903279,0.172585,0.0972106,0.0584678,0.462924,0.0668995,0.130645,0.0610413,0.0274151,0.226529,0.00435684,0.00289042,1,0.898434,0.0168061,0.0828624,0.00286766,0.10874,0.00182306,0.00289042,0.016598,0.00196744,0.00271285,0.00237655,0.352231,0.863202,0.416766,0.414779,0.511316,0.730843,0.363076,0.384135,0.528592,0.575085,0.438052,0.259138,0.496739,0.529597,0.45687,0.47136,0.314509,0.596019,0.33262
period9,1,1,1,1,0.952459,0.165425,0.138369,0.113618,0.520579,0.223882,0.179032,0.152206,0.0201348,0.318533,0.00403099,0.00253778,1,0.891877,0.044433,0.176557,0.0776417,0.230555,0.00178834,0.00253778,0.0126052,0.00193536,0.00281747,0.00265206,0.53424,0.331926,0.2092,0.626999,0.226746,0.520051,0.506272,0.735876,0.390707,0.411918,0.480882,0.564273,0.285722,0.262028,0.291918,0.571982,0.669776,0.488656,0.2249
period10,1,1,1,1,0.952459,0.229206,0.155844,0.144628,0.552074,0.365814,0.21129,0.184132,0.0193424,0.492002,0.00403628,0.0024994,1,0.891085,0.116292,0.239625,0.262152,0.356658,0.00178456,0.0024994,0.0121706,0.00193588,0.00287002,0.0157639,0.516805,0.329201,0.529984,0.533258,0.421648,0.796502,0.274443,0.471611,0.476273,0.408581,0.268452,0.297407,0.564761,0.610294,0.121996,0.726085,0.396593,0.160638,0.787787
period11,1,1,1,1,0.985246,0.277667,0.219011,0.163599,0.633002,0.39862,0.259677,0.18634,0.0192421,0.509396,0.00412911,0.0121156,1,0.972185,0.119797,0.287845,0.340331,0.419808,0.00214935,0.00249454,0.0121156,0.00194502,0.00291222,0.0294969,0.318721,0.517057,0.420798,0.362734,0.231366,0.47082,0.494818,0.384317,0.701326,0.432951,0.687716,0.326428,0.599391,0.525464,0.446079,0.242416,0.462035,0.465247,0.409767
period12,1,1,1,1,0.985246,0.358425,0.221222,0.194728,0.697608,0.399328,0.324194,0.219175,0.0192421,0.60544,0.00414031,0.0121156,1,0.972185,0.120987,0.335909,0.371648,0.484261,0.00214935,0.00249454,0.0121156,0.00194612,0.00293951,0.0297724,0.718814,0.591026,0.448545,0.232192,0.725377,0.489645,0.412629,0.65654,0.673723,0.460892,0.496646,0.611396,0.605669,0.560433,0.350203,0.122412,0.549892,0.290322,0.756858
period13,1,1,1,1,0.985246,0.439183,0.254006,0.197257,0.746063,0.399766,0.356452,0.282009,0.0192421,0.669618,0.00418529,0.0121156,1,0.972185,0.152432,0.447387,0.372053,0.610322,0.00214935,0.00249454,0.0121156,0.00195055,0.00295271,0.0444991,0.187512,0.615297,0.183002,0.829323,0.35264,0.189639,0.744173,0.333893,0.543667,0.491004,0.426056,0.820649,0.663172,0.559151,0.513233,0.549817,0.535508,0.58359,0.48722
period14,1,1,1,1,0.985246,0.487638,0.301912,0.19927,0.842972,0.416332,0.420968,0.330463,0.0192421,0.75034,0.00424097,0.0121156,1,0.972185,0.19927,0.479953,0.388531,0.690762,0.00214935,0.00249454,0.0121156,0.00195603,0.0171968,0.074131,0.336008,0.237484,0.554929,0.201197,0.287624,0.473855,0.280303,0.0845722,0.339902,0.521591,0.126177,0.507681,0.704175,0.360325,0.411602,0.479207,0.728208,0.229081,0.754766
period15,1,1,1,1,0.985246,0.568396,0.381948,0.216926,0.875275,0.432406,0.477778,0.372926,0.0192421,0.814344,0.00432507,0.0121156,1,0.972185,0.26276,0.511976,0.404558,0.738934,0.00214935,0.00249454,0.0121156,0.00196431,0.0174434,0.10518,0.522829,0.32264,0.674797,0.346581,0.433839,0.137746,0.597655,0.381653,0.293088,0.363935,0.429563,0.189586,0.309153,0.489117,0.386587,0.279783,0.478614,0.44242,0.248318
period16,1,1,1,1,0.985246,0.633002,0.414445,0.248634,0.891427,0.432473,0.99645,1,0.0192421,0.862268,0.00435712,0.0121156,1,0.972185,0.294683,0.559819,0.420065,0.755345,0.00214935,0.00249454,0.0121156,0.00196747,0.032247,0.135614,0.577741,0.697642,0.306423,0.226011,0.472715,0.564451,0.715815,0.339951,0.449847,0.50493,0.472645,0.522659,0.408963,0.261051,0.65837,0.454896,0.277138,0.356339,0.273216
period17,1,1,1,1,0.969355,0.672078,0.424991,0.291418,0.878662,0.442113,0.996586,1,0.0205447,0.865754,0.0044284,0.01283,1,0.958117,0.336953,0.551946,0.414655,0.822263,0.00218395,0.00255763,0.01283,0.00197449,0.0321393,0.193459,0.42175,0.701343,0.489356,0.0430024,0.654169,0.777969,0.447038,0.41193,0.430803,0.314817,0.160848,0.510906,0.62101,0.199215,0.437292,0.518018,0.36562,0.6773,0.638843
period18,1,1,1,1,0.969355,0.719751,0.519309,0.293232,0.894553,0.442171,0.996942,1,0.0205447,0.865906,0.00451951,0.01283,1,0.958117,0.400148,0.567722,0.414708,0.837868,0.00218395,0.00255763,0.01283,0.00198346,0.0323258,0.240145,0.362617,0.297443,0.615027,0.520352,0.880483,0.424608,0.401767,0.397817,0.664314,0.515359,0.463275,0.440133,0.534527,0.363451,0.257725,0.219876,0.385928,0.612218,0.430673
period19,1,1,1,1,0.999485,0.691367,0.562073,0.32013,0.997923,0.491982,0.998446,1,0.050845,0.998766,0.00510671,0.0155133,1,1,0.421015,0.632041,0.478086,1,0.00231392,0.00280202,0.0155133,0.00204128,0.0308104,0.269655,1,0.651445,1,0.907515,0.14675,1,0.434315,0.603289,0.238018,0.267858,0.498749,0.359184,0.359416,0.500545,0.461806,0.786221,0.64354,0.459617,0.602281
period20,1,1,1,1,0.99992,0.985861,0.79926,0.494704,0.998241,0.465274,0.999225,1,0.0525462,0.998759,0.0187655,0.0160293,1,1,0.658655,0.661357,0.45121,1,0.00238851,0.00289274,0.0160293,0.00252091,0.0428508,0.422241,1,0.374077,1,0.0922105,0.313702,1,0.390126,0.508672,0.727999,0.500219,0.507989,0.457856,0.527883,0.532556,0.323334,0.573615,0.754483,0.687985,0.480025
period21,1,1,1,1,0.999943,0.999112,0.998552,1,0.998245,0.465275,0.997544,1,0.0525451,0.998761,0.0391038,0.016029,1,1,0.786961,0.661359,0.451211,1,0.0023885,0.00289272,0.016029,0.0028787,0.0724138,0.53538,1,0.415077,1,0.787712,0.402909,1,0.889546,0.574164,0.451301,0.627198,0.411325,0.775248,0.416898,0.623571,0.209016,0.338371,0.339967,0.443548,0.43955
period22,1,1,1,1,0.999945,0.998742,0.99828,1,0.998175,0.465244,0.999064,1,0.0694932,0.998867,0.0385968,0.0168656,1,1,0.783443,0.679138,0.451181,1,0.00242898,0.00296699,0.0168656,0.0157282,0.065625,0.595795,1,0.884389,1,0.260621,0.645681,1,0.372855,0.67479,0.463225,0.279216,0.563637,0.333459,0.265406,0.487237,0.656012,0.28878,0.268714,0.540859,0.361624
period23,1,1,1,1,0.999938,0.996072,0.996902,1,0.998474,0.457218,0.960377,1,0.0694934,0.998993,0.0384623,0.0168657,1,1,0.79131,0.702457,0.443444,1,0.00242898,0.002967,0.0168657,0.0156791,0.065625,0.611564,1,0.690143,1,0.403312,0.636043,1,0.471435,0.56657,0.549351,0.270618,0.44177,0.197588,0.417383,0.126842,0.526553,0.70093,0.584806,0.320154,0.342096
period24,1,1,1,1,0.999921,0.99442,0.995736,1,0.998351,0.435154,0.990414,1,0.0927278,0.998911,0.0345869,0.0186802,1,1,0.803114,0.680032,0.420405,1,0.00262594,0.0032256,0.0186802,0.0143756,0.07,0.637045,1,0.584083,1,0.486524,0.927636,1,0.726528,0.798065,0.479775,0.183149,0.599928,0.504653,0.722189,0.419676,0.41445,0.377175,0.455407,0.343648,0.739144
period25,1,1,1,1,0.999984,0.998334,0.998114,1,0.998919,0.54506,0.994481,1,0.212279,0.998922,0.182891,0.0359672,1,1,0.88703,0.702784,0.462437,1,0.00289019,0.0196381,0.0196381,0.157418,0.1275,0.797421,1,0.782403,1,0.820123,0.745445,1,1,0.450809,0.429212,0.54864,0.483352,0.771979,0.599291,0.493215,0.212496,0.343342,0.721333,0.384356,0.574386
