period5,1,0.0322727,1,0.000436681,0.000480159,1,1,0.793897,0.05,0.346389,0.000810504,0.0194904,0.000825591,0.000825591,0.00051888,0.00051888,0.000488343,1,0.0333333,0.0333333,0.0428403,0.00296376,0.000883537,0.000517378,0.000599517,0.00051888,0.000825591,0.000600283,0.000488343,0.000488343,0.395442,0.43692,0.786395,0.168929,0.266272,0.474935,0.404735,0.358732,0.513399,0.377696,0.299871,0.765456,0.0127331,0.282693,0.576675,0.808781,0.93683,0.475049,0.736978,0.583227,0.63993,0.388357,0.809675,0.549905,0.488808,0.578528,0.482946,0.394488,0.305368
period6,1,0.1,1,0.00917031,0.000742166,1,1,0.954795,0.0166667,0.814529,0.000680691,0.0779736,0.00953184,0.000868105,0.000523113,0.000523113,0.000488764,1,0.0166667,0.0166667,0.159813,0.00158819,0.367362,0.000504453,0.00082167,0.000754057,0.000868105,0.000838816,0.000488764,0.000488764,0.860263,0.408004,0.788454,0.422449,0.574337,0.435882,0.276597,0.558895,0.552677,0.42153,0.465286,0.383737,0.0795925,0.18615,0.280761,0.348422,0.710203,0.373915,0.377946,0.441966,0.169124,0.355109,0.265415,0.531739,0.915144,0.559037,0.603221,0.454698,0.278115
period7,1,0.136818,1,0.149561,0.00941205,1,1,0.982273,0.14,0.914974,0.00512699,0.122819,0.0666708,0.000875047,0.000525717,0.000525717,0.000490938,1,0.0733333,0.273333,0.417048,0.101083,0.676867,0.00069462,0.00112583,0.0133556,0.000875047,0.0009406,0.000490938,0.000490938,0.134456,0.830062,0.161526,0.194369,0.382373,0.398825,0.310307,0.552786,0.470889,0.525175,0.497572,0.277807,0.495179,0.625304,0.439313,0.871134,0.675443,0.493842,0.576267,0.560224,0.689423,0.450851,0.689292,0.61318,0.450853,0.50574,0.493771,0.473909,0.500646
period8,1,0.159545,1,0.351316,0.144001,1,1,0.982273,0.262963,0.97382,0.0594462,0.149978,0.106744,0.000877021,0.000525914,0.000525914,0.000490957,1,0.0777778,0.151852,0.530213,0.304329,0.767085,0.000862083,0.00158523,0.0649113,0.000877021,0.000951021,0.000490957,0.000490957,0.426653,0.397301,0.347511,0.339217,0.396251,0.560519,0.329373,0.365067,0.500483,0.696176,0.431893,0.569022,0.714151,0.458003,0.491111,0.985811,0.502864,0.449864,0.774205,0.234007,0.392759,0.634718,0.593823,0.401544,0.502337,0.746376,0.790708,0.587904,0.0632713
period9,1,1,1,0.482895,0.301051,1,1,0.991364,0.471429,0.973796,0.158976,0.186137,0.147129,0.000878404,0.000526052,0.000526052,0.000490971,1,1,1,0.661448,0.408745,0.80764,0.00529337,0.00201292,0.117708,0.00974206,0.000956643,0.000490971,0.000490971,0.431811,0.392505,0.266627,0.749508,1,0.886363,0.407452,0.509418,0.837883,0.305103,0.451946,0.488411,0.412069,0.879359,0.816236,0.562219,0.453075,0.409029,0.608885,0.592511,0.310516,0.718481,0.445388,0.626737,0.315077,0.309622,0.811921,0.262947,0.604249
period10,1,1,1,0.557456,0.432031,1,1,0.991364,0.583544,0.978322,0.258565,0.213297,0.165296,0.00532271,0.000704319,0.000704319,0.00050872,1,1,1,0.72935,0.512812,0.834685,0.0454596,0.00206881,0.144418,0.0275412,0.00310525,0.00050872,0.00050872,0.385736,0.266434,0.565498,0.224468,1,0.0955456,0.572812,0.565825,0.324021,0.506957,0.546271,0.226976,0.324268,0.438011,0.260416,0.435891,0.280159,0.364038,0.685884,0.138381,0.435301,0.76596,0.366381,0.538089,0.409157,0.203579,0.37621,0.190138,0.360855
period11,1,1,1,0.630396,0.513075,1,1,0.991324,0.661165,0.978224,0.355235,0.255194,0.197875,0.00983743,0.000767987,0.000767987,0.000516989,1,1,1,0.841803,0.60047,0.861109,0.0773255,0.00192187,0.159178,0.0546082,0.00380374,0.000516989,0.000516989,0.467488,0.193544,0.122199,0.413584,1,0.641352,0.629341,0.605362,0.427708,0.563498,0.769345,0.239273,0.556537,0.805117,0.875807,0.852322,0.695002,0.677133,0.580674,0.502522,0.6708,0.541395,0.612256,0.607176,0.553893,0.550867,0.439991,0.162765,0.673384
period12,1,1,1,0.686283,0.616777,1,1,1,0.746721,1,0.46129,0.346083,0.237682,0.023657,0.000836068,0.000836068,0.000525715,1,1,1,1,0.7605,0.880645,0.110498,0.00181294,0.193723,0.0828554,0.00796235,0.000525715,0.000525715,0.515011,0.700664,0.283001,0.889681,1,0.693706,0.227573,0.836514,0.513426,0.784624,0.32733,0.35467,0.159717,0.430117,0.447026,0.365192,0.482766,0.407413,0.290715,0.0487861,0.861635,0.840422,0.477254,0.225193,0.607452,0.383314,0.35949,0.742243,0.220031
period13,1,1,1,0.770354,0.674391,1,1,1,0.814483,1,0.548848,0.392166,0.279051,0.0738482,0.000875426,0.000875426,0.000529633,1,1,1,1,0.813876,0.89447,0.138091,0.00175112,0.221428,0.0966485,0.0111439,0.000529633,0.000529633,0.0566165,0.689313,0.788875,0.528683,1,0.7013,0.746623,0.619772,0.50412,0.635192,0.571974,0.690587,0.636909,0.359433,0.140822,0.560056,0.825901,0.622663,0.364206,0.413011,0.47002,0.297593,0.262761,0.599501,0.457694,0.220552,0.595376,0.373162,0.591365
period14,1,1,1,0.999389,1,1,1,1,0.84303,1,0.594931,0.484332,0.352713,0.142531,0.000887403,0.000887403,0.00053279,1,1,1,1,0.858962,0.89447,0.16563,0.00177335,0.240553,0.110547,0.0224679,0.00053279,0.00053279,0.726834,0.545401,0.399337,0.481919,1,0.121229,0.483361,0.538443,0.462643,0.420514,0.293137,0.568876,0.171494,0.570559,0.518035,0.733544,0.564254,0.626856,0.665687,0.607212,0.363681,0.465587,0.316806,0.44037,0.54102,0.318585,0.420564,0.368738,0.271315
period15,1,1,1,0.999435,1,1,1,1,0.874138,1,0.648611,0.5375,0.405161,0.239777,0.000894399,0.000894399,0.000535469,1,1,1,1,0.929717,0.893981,0.217082,0.00178129,0.305902,0.124926,0.0369547,0.000535469,0.000535469,0.43013,0.504989,0.341743,0.545879,1,0.615002,0.352366,0.505538,0.418485,0.658776,0.46413,0.377618,0.645446,0.504635,0.626936,0.0465911,0.477013,0.426498,0.504945,0.457803,0.791273,0.365758,0.461614,0.301212,0.511374,0.419605,0.825246,0.457908,0.203776
period16,1,1,1,0.999921,1,1,1,1,0.90663,1,0.716744,0.605116,0.458188,0.310373,0.0008985,0.0008985,0.000537878,1,1,1,1,0.962736,0.893488,0.26445,0.00179247,0.344536,0.139463,0.0667055,0.000537878,0.000537878,0.497792,1,0.482307,0.404555,1,0.0955888,0.260235,0.156358,0.636838,0.4062,0.630542,0.32826,0.246715,0.733566,0.566963,0.361794,0.770743,0.521179,0.344023,0.402032,0.348207,0.23283,0.66204,0.568203,0.36669,0.674398,0.536318,0.803989,0.542434
period17,1,1,1,0.999435,1,1,1,1,1,1,0.774057,0.675,0.539953,0.389953,0.00090952,0.00090952,0.000545084,1,1,1,1,0.981429,0.891981,0.315186,0.00176054,0.363976,0.150891,0.129961,0.000545084,0.000545084,0.961509,1,0.0963786,0.738706,1,0.557127,0.226306,0.606007,0.417429,0.376813,0.547888,0.557756,0.975367,0.170163,0.551871,0.841711,0.297297,0.710914,0.470795,0.522839,0.350256,0.356846,0.583988,0.400199,0.59507,0.33696,0.362518,0.637597,0.556372
period18,1,1,1,0.999473,1,1,1,1,1,1,0.83381,0.73381,0.60214,0.469581,0.000915311,0.000915311,0.000549827,1,1,1,1,0.986058,0.890952,0.375127,0.00186212,0.396062,0.152386,0.164578,0.000549827,0.000549827,0.79827,1,0.575354,0.713436,1,0.518093,0.923954,0.332338,0.553061,0.46704,0.838706,0.31894,0.571487,0.486948,0.409092,0.905147,0.544888,0.600619,0.626257,0.541639,0.30369,0.508328,0.679022,0.698618,0.860018,0.60467,0.274099,0.664053,0.414648
period19,1,1,1,1,1,1,1,1,1,1,0.856938,0.766029,0.666998,0.552808,0.00091525,0.00091525,0.000551933,1,1,1,1,0.990821,0.890431,0.467408,0.00181316,0.417188,0.167414,0.224639,0.000551933,0.000551933,0.477855,1,0.119489,0.00374409,1,0.491583,0.271112,0.838969,0.614257,0.713888,0.3273,0.552589,0.279003,0.600789,0.30252,0.554869,0.46751,0.68149,0.273145,0.766374,0.591132,0.275614,0.314475,0.579672,0.501086,0.506747,0.475893,0.394356,0.633511
period20,1,1,1,1,1,1,1,1,1,1,0.870673,0.808173,0.699063,0.622549,0.000914125,0.0104187,0.000809711,1,1,1,1,0.990777,0.889904,0.527079,0.00181163,0.452681,0.177815,0.322213,0.000553952,0.000809711,0.761292,1,0.71655,0.70279,1,0.917149,0.685297,0.352056,0.273004,0.197445,0.596564,0.4147,0.467973,0.310224,0.577147,0.699384,0.598352,0.54541,0.79024,0.535858,0.460763,0.667004,0.348317,0.341645,0.872176,0.394367,0.516976,0.476433,0.323757
