period5,1,1,1,1,0.739344,0.0224171,0.00264833,0.00179922,0.00598725,0.00212798,0.0016129,0.00169727,0.00598725,0.00212798,0.00238728,0.00212798,0.0508197,0.449594,0.00179922,0.00212798,0.00174799,0.00174799,0.00174799,0.00212798,0.00212798,0.00177352,0.00171562,0.00171562,0.280171,0.45947,0.548556,0.095616,0.832714,0.365359,0.492212,0.46409,0.440245,0.172468,0.698483,0.590657,0.398955,0.592973,0.494682,0.646592,0.770772,0.446312,0.410187
period6,1,1,1,1,0.870492,0.0738153,0.0325208,0.00261971,0.172362,0.00307172,0.0177419,0.00242188,0.00811785,0.00307172,0.0034122,0.00233776,0.0508197,0.763639,0.00261971,0.00307172,0.00184091,0.00184091,0.00176864,0.00233776,0.00233776,0.00187443,0.0017964,0.0017964,0.326715,0.589815,0.0707366,0.27589,0.551635,0.463385,0.798966,0.49865,0.157228,0.765842,0.629326,0.587409,0.470325,0.238891,0.228699,0.47796,0.256483,0.488938,0.672496
period7,1,1,1,1,0.930472,0.981386,1,0.35,0.257848,0.00309585,0.066129,0.0160793,0.02523,0.0675578,0.0187692,0.00278458,0.0508197,0.872624,0.0166667,0.0353268,0.00184328,0.00287975,0.00181264,0.00278458,0.00278458,0.0033865,0.0126984,0.00317949,0.551357,0.435683,0.654608,0.480998,0.202412,0.380411,0.633469,0.604243,0.388213,0.300382,0.571277,0.652255,0.55856,0.540679,0.476808,0.423914,0.541135,0.654798,0.338919
period8,1,1,1,1,0.943196,0.984524,1,0.585714,0.478963,0.0691236,0.130645,0.0610413,0.0242074,0.234283,0.0163606,0.00273505,0.0508197,0.933718,0.157143,0.0856396,0.0029085,0.112395,0.00180776,0.00273505,0.0148388,0.00314936,0.0123934,0.00917411,0.352231,0.863202,0.416766,0.417561,0.511593,0.1429,0.364743,0.041971,0.111507,0.575085,0.438052,0.259138,0.496739,0.529597,0.45687,0.471346,0.314502,0.595331,0.332926
period9,1,1,1,1,0.985195,0.989034,1,0.81,0.536753,0.230744,0.179032,0.152206,0.0191083,0.328335,0.0117197,0.00248806,0.0508197,0.920812,0.31,0.181948,0.0799612,0.237581,0.00178344,0.00248806,0.0120422,0.00269241,0.00933333,0.0088629,0.53424,0.331926,0.2092,0.634999,0.229251,0.351902,0.512682,0.394634,0.36533,0.411918,0.480882,0.564273,0.285722,0.262028,0.291918,0.571789,0.669807,0.488928,0.224787
period10,1,1,1,1,0.992575,0.990302,1,1,0.573922,0.380163,0.21129,0.184132,0.0187531,0.511345,0.0107957,0.00247086,0.0508197,0.927212,0.736364,0.248981,0.272342,0.370565,0.00178175,0.00247086,0.0118474,0.00260143,0.00909091,0.0904625,0.516805,0.329201,0.529984,0.550419,0.426524,0.412202,0.267835,0.382696,0.380512,0.408581,0.268452,0.297407,0.564761,0.610294,0.121996,0.727625,0.397295,0.16382,0.785564
period11,1,1,1,1,0.994597,0.993129,1,1,0.63806,0.401775,1,1,0.0184757,0.513436,0.00839106,0.0116953,1,0.980463,0.54,0.290114,0.343004,0.423114,0.00212899,0.00245742,0.0116953,0.00236466,0.00833333,0.126807,0.33749,0.297946,0.406449,0.363149,0.231079,0.249435,0.497389,0.319131,0.684844,0.436109,0.687206,0.35273,0.599185,0.425466,0.353806,0.242408,0.462038,0.465459,0.409664
period12,1,1,1,1,0.995772,0.993255,1,1,0.703993,0.402941,1,1,0.0183794,0.610939,0.00838207,0.0116424,1,0.981503,0.54,0.338942,0.374988,0.488626,0.00212643,0.00245275,0.0116424,0.00236377,0.00714286,0.126807,0.743615,0.502042,0.33345,0.231373,0.729745,0.540126,0.416118,0.619659,0.068206,0.413385,0.505326,0.626675,0.602376,0.549292,0.338779,0.122916,0.549621,0.290015,0.757007
period13,1,1,1,1,0.996523,0.99419,1,1,0.753457,0.403676,1,1,0.0183178,0.676203,0.00760638,0.0116087,1,0.982167,0.594118,0.451769,0.375667,0.616281,0.0021248,0.00244977,0.0116087,0.0022874,0.00714286,0.168171,0.107423,0.62601,0.0141122,0.834017,0.352843,0.402232,0.748049,0.439308,0.372902,0.468952,0.426604,0.820043,0.663014,0.669859,0.450643,0.549874,0.535503,0.584973,0.487544
period14,1,1,1,1,0.996863,0.995151,1,1,0.851733,0.420579,1,1,0.0182899,0.758058,0.00673754,0.0115934,1,0.982469,0.655,0.484861,0.392468,0.69781,0.00212405,0.00244842,0.0115934,0.00220185,0.0785714,0.239271,0.53402,0.168344,0.286561,0.201141,0.284949,0.74806,0.280167,0.204197,0.451672,0.486657,0.130813,0.506516,0.70427,0.217342,0.370947,0.478115,0.727914,0.229093,0.754765
period15,1,1,1,1,0.997298,0.996233,1,1,0.884759,0.436993,1,1,0.0182543,0.823069,0.00575241,0.0115738,1,0.982854,0.684,0.517425,0.408821,0.746775,0.00212311,0.00244669,0.0115738,0.00210485,0.0733333,0.270458,0.554499,0.588295,0.672706,0.348073,0.435151,0.120166,0.602791,0.224161,0.25313,0.363515,0.429356,0.292018,0.289417,0.359313,0.429171,0.28033,0.478542,0.442417,0.248317
period16,1,1,1,1,0.999751,0.996698,1,1,0.903079,0.437995,1,1,0.0180532,0.873408,0.00544216,0.0114635,1,1,0.707407,0.567006,0.425395,0.764986,0.00211777,0.00243695,0.0114635,0.0020743,0.123529,0.322506,0.579768,0.697775,0.305219,0.222411,0.474284,0.462897,0.725171,0.327647,0.355252,0.505704,0.472319,0.522627,0.408963,0.261152,0.659326,0.455257,0.277258,0.355397,0.27315
period17,1,1,1,1,0.999508,0.996885,1,1,0.902883,0.454025,1,1,0.0180731,0.889344,0.00531419,0.0114745,1,1,0.789286,0.566886,0.425754,0.844395,0.00211829,0.00243792,0.0114745,0.00206171,0.105,0.45004,0.42137,0.700769,0.488112,0.0343774,0.665088,0.860421,0.453006,0.404684,0.805719,0.314622,0.16078,0.510866,0.620996,0.198465,0.437653,0.512114,0.367481,0.680133,0.638052
period18,1,1,1,1,0.99954,0.99753,1,1,0.919295,0.454093,1,1,0.0180705,0.889549,0.00469508,0.011473,1,1,0.767647,0.583117,0.425818,0.860472,0.00211822,0.00243779,0.011473,0.00200075,0.105,0.458341,0.362211,0.296602,0.61587,0.52723,0.892403,0.382523,0.403637,0.324973,0.582671,0.515198,0.463315,0.440005,0.534543,0.363652,0.25803,0.215785,0.384985,0.608517,0.42893
period19,1,1,1,1,0.999552,0.997882,1,1,0.919305,0.454098,1,1,0.0508417,0.905686,0.00426002,0.0155124,1,1,0.746154,0.583123,0.44148,0.876544,0.00231388,0.00280194,0.0155124,0.00195791,0.0913043,0.475756,0.504464,0.65144,0.478975,0.907556,0.146738,0.566167,0.434335,0.447398,0.245829,0.170396,0.498839,0.359183,0.359416,0.351202,0.459329,0.786227,0.643543,0.459627,0.602276
period20,1,1,1,1,0.999548,0.997947,1,1,0.933522,0.435919,1,1,0.0525638,0.90268,0.021834,0.0160341,1,1,0.823077,0.619289,0.422913,0.872577,0.00238875,0.00289316,0.0160341,0.00266939,0.084,0.526841,0.358392,0.374029,0.422619,0.0923301,0.313644,0.747033,0.390078,0.469217,0.706173,0.511997,0.514632,0.457839,0.527886,0.47666,0.345715,0.573624,0.754483,0.687943,0.48002
period21,1,1,1,1,0.99955,0.998096,1,1,0.933523,0.435919,1,1,0.0525637,0.902681,0.0391632,0.0160341,1,1,0.788095,0.61929,0.422913,0.872579,0.00238875,0.00289315,0.0160341,0.00288058,0.0724138,0.536148,0.613219,0.4152,0.450899,0.787572,0.402837,0.768059,0.88929,0.574326,0.451655,0.530797,0.434354,0.775223,0.416897,0.646654,0.199507,0.338402,0.339971,0.443574,0.439555
period22,1,1,1,1,0.999947,0.999388,1,1,0.998175,0.465244,1,1,0.0694931,0.998867,0.0386479,0.0168656,1,1,0.784783,0.679139,0.451181,1,0.00242898,0.00296699,0.0168656,0.0157469,0.065625,0.596808,1,0.885165,1,0.260621,0.645681,1,0.372855,0.675383,0.463209,0.279216,0.563637,0.333479,0.265402,0.487367,0.655982,0.28878,0.268714,0.540859,0.361624
period23,1,1,1,1,0.999957,0.998167,1,1,0.998478,0.45722,1,1,0.0694928,0.998995,0.0385515,0.0168656,1,1,0.79375,0.70246,0.443446,1,0.00242898,0.00296699,0.0168656,0.0157117,1,0.613437,1,0.691087,1,0.403313,0.636051,1,1,0.566923,0.549517,0.270618,0.44177,0.197107,0.417584,0.102361,0.529456,0.700928,0.584806,0.320155,0.342096
period24,1,1,1,1,0.999957,0.997209,1,1,0.998358,0.435157,1,1,0.0927276,0.998915,0.0346675,0.0186802,1,1,0.806522,0.680037,0.420408,1,0.00262594,0.00322559,0.0186802,0.014405,1,0.63973,1,0.585859,1,0.486533,0.927661,1,1,0.800349,0.479898,0.183149,0.599928,0.505242,0.722232,0.419357,0.415443,0.377178,0.455407,0.343648,0.739144
period25,1,1,1,1,0.999985,0.999144,1,1,0.998919,0.54506,1,1,0.212279,0.998922,0.183175,0.0359672,1,1,0.888679,0.702784,0.462438,1,0.00289019,0.0196381,0.0196381,0.157627,1,0.798888,1,0.784248,1,0.820124,0.745446,1,1,0.451192,0.429733,0.54864,0.483352,0.772837,0.599464,0.4941,0.211217,0.343342,0.721333,0.384356,0.574386
