period4,1,0.000456621,1,0.000436681,0.000480159,1,0.000456621,0.627461,0.00056356,0.000859256,0.000859256,0.000859256,0.000522232,0.000522232,0.000488676,0.000488676,0.000485335,1,0.000482144,0.000482144,0.000859256,0.000607708,0.000522232,0.000522232,0.000574182,0.000488676,0.000522232,0.000539797,0.000485335,0.000485335,0.201726,0.623094,0.521431,0.662212,0.752664,0.357682,0.532485,0.360713,0.881101,0.572479,0.324082,0.0775153,0.297685,0.624319,0.493485,0.535739,0.186269,0.264848,0.4149,0.265265,0.394715,0.565047,0.484801,0.631118,0.478974,0.422834,0.339449,0.649371,0.585617
period5,1,0.0322727,1,0.000436681,0.000480159,1,0.00954545,0.793897,0.000944468,0.346389,0.000810504,0.0194904,0.000825591,0.000825591,0.00051888,0.00051888,0.000488343,1,0.000754505,0.000754505,0.0428403,0.00296376,0.000883537,0.000517378,0.000599517,0.00051888,0.000825591,0.000600283,0.000488343,0.000488343,0.395442,0.43692,0.786395,0.348077,0.673179,0.474935,0.404735,0.358732,0.513399,0.377696,0.299871,0.765456,0.0127331,0.282693,0.576675,0.808781,0.93683,0.475049,0.736978,0.583227,0.63993,0.388357,0.809675,0.549905,0.488808,0.578528,0.482946,0.394488,0.305368
period6,1,0.1,1,0.00917031,0.000742166,1,0.0230769,0.954795,0.000841121,0.814529,0.000680691,0.0779736,0.00953184,0.000868105,0.000523113,0.000523113,0.000488764,1,0.000820742,0.000820742,0.159813,0.00158819,0.367362,0.000504453,0.00082167,0.000754057,0.000868105,0.000838816,0.000488764,0.000488764,0.860263,0.408004,0.788454,0.167783,0.571149,0.435882,0.276597,0.558895,0.552677,0.42153,0.465286,0.383737,0.0795925,0.18615,0.280761,0.348422,0.710203,0.373915,0.377946,0.441966,0.169124,0.355109,0.265415,0.531739,0.915144,0.559037,0.603221,0.454698,0.278115
period7,1,0.136818,1,0.149561,0.00941205,1,0.0640909,0.982273,0.00942705,0.914974,0.00512699,0.122819,0.0666708,0.000875047,0.000525717,0.000525717,0.000490938,1,0.00513734,0.0179555,0.417048,0.101083,0.676867,0.00069462,0.00112583,0.0133556,0.000875047,0.0009406,0.000490938,0.000490938,0.134456,0.830062,0.161526,0.71337,0.441537,0.398825,0.310307,0.552786,0.470889,0.525175,0.497572,0.277807,0.495179,0.625304,0.439313,0.871134,0.675443,0.493842,0.576267,0.560224,0.689423,0.450851,0.689292,0.61318,0.450853,0.50574,0.493771,0.473909,0.500646
period8,1,0.159545,1,0.351316,0.144001,1,0.118636,0.982273,0.0316513,0.97382,0.0594462,0.149978,0.106744,0.000877021,0.000525914,0.000525914,0.000490957,1,0.00966359,0.0184515,0.530213,0.304329,0.767085,0.000862083,0.00158523,0.0649113,0.000877021,0.000951021,0.000490957,0.000490957,0.426653,0.397301,0.347511,0.398942,0.824444,0.560519,0.329373,0.365067,0.500483,0.696176,0.431893,0.569022,0.714151,0.458003,0.491111,0.985811,0.502864,0.449864,0.774205,0.234007,0.392759,0.634718,0.593823,0.401544,0.502337,0.746376,0.790708,0.587904,0.0632713
period9,1,0.173182,1,0.482895,0.301051,1,0.999811,0.991364,0.471339,0.973796,0.158976,0.186137,0.147129,0.000878404,0.000526052,0.000526052,0.000490971,1,1,1,0.661448,0.408745,0.80764,0.00529337,0.00201292,0.117708,0.00974206,0.000956643,0.000490971,0.000490971,0.431811,0.392505,0.266627,0.749529,1,0.886363,0.407452,0.509418,0.837883,0.305103,0.451946,0.488411,0.412069,0.879359,0.816236,0.562219,0.453075,0.409029,0.608885,0.592511,0.310516,0.718481,0.445388,0.626737,0.315077,0.309622,0.811921,0.262947,0.604249
period10,1,0.182273,1,0.557456,0.432031,1,0.999701,0.991364,0.58337,0.978322,0.258565,0.213297,0.165296,0.00532271,0.000704319,0.000704319,0.00050872,1,1,1,0.72935,0.512812,0.834685,0.0454596,0.00206881,0.144418,0.0275412,0.00310525,0.00050872,0.00050872,0.385736,0.266434,0.565498,0.224501,1,0.0955456,0.572812,0.565825,0.324021,0.506957,0.546271,0.226976,0.324268,0.438011,0.260416,0.435891,0.280159,0.364038,0.685884,0.138381,0.435301,0.76596,0.366381,0.538089,0.409157,0.203579,0.37621,0.190138,0.360855
period11,1,1,1,0.630396,0.513075,1,0.999671,0.991324,0.660948,0.978224,0.355235,0.255194,0.197875,0.00983743,0.000767987,0.000767987,0.000516989,1,1,1,0.841803,0.60047,0.861109,0.0773255,0.00192187,0.159178,0.0546082,0.00380374,0.000516989,0.000516989,0.467488,0.193544,0.122199,0.413542,1,0.641352,0.629341,0.605362,0.427708,0.563498,0.769345,0.239273,0.556537,0.805117,0.875807,0.852322,0.695002,0.677133,0.580674,0.502522,0.6708,0.541395,0.612256,0.607176,0.553893,0.550867,0.439991,0.162765,0.673384
period12,1,1,1,0.686283,0.616777,1,0.999586,0.991284,0.746412,0.98726,0.457357,0.343154,0.235676,0.0234624,0.000832913,0.000832913,0.000525401,1,1,1,0.909602,0.689746,0.869553,0.109562,0.00180674,0.192093,0.0821598,0.00790014,0.000525401,0.000525401,0.515012,0.700664,0.283001,0.889432,1,0.692156,0.227524,0.837718,0.513461,0.785015,0.32793,0.354978,0.159718,0.430128,0.447082,0.365193,0.482767,0.407429,0.29072,0.0487219,0.861675,0.840956,0.477432,0.225194,0.607453,0.383396,0.359517,0.742117,0.220052
period13,1,1,1,0.770354,0.674391,1,0.999807,0.991284,0.814325,0.98726,0.544152,0.388835,0.276687,0.073227,0.000872068,0.000872068,0.000529299,1,1,1,0.950715,0.771426,0.883202,0.136917,0.00174702,0.219557,0.0958337,0.0110547,0.000529299,0.000529299,0.0566165,0.689313,0.788875,0.528596,1,0.695474,0.741034,0.620659,0.503722,0.637943,0.572911,0.690009,0.636911,0.359188,0.140456,0.560057,0.825903,0.622938,0.364282,0.41291,0.470004,0.297893,0.262781,0.599689,0.457538,0.219362,0.595891,0.373085,0.591381
period14,1,1,1,0.804889,0.72617,1,0.997961,0.995853,0.841315,0.991768,0.59251,0.482369,0.351287,0.141957,0.000885905,0.000885905,0.000532641,1,1,1,0.968822,0.829594,0.887199,0.16496,0.00177215,0.239583,0.110102,0.0223798,0.000532641,0.000532641,0.726834,0.46489,0.418032,0.481673,1,0.122198,0.48406,0.538026,0.462165,0.421604,0.294823,0.568536,0.171494,0.570564,0.518197,0.733545,0.564254,0.628596,0.666223,0.603966,0.361954,0.465626,0.316797,0.439953,0.541032,0.318039,0.420522,0.369086,0.271506
period15,1,1,1,0.839732,0.787305,1,0.999162,0.995833,0.873408,0.99173,0.645955,0.535307,0.403512,0.238802,0.000893127,0.000893127,0.000535343,1,1,1,0.973289,0.901978,0.88668,0.216198,0.00178123,0.304659,0.12442,0.0368073,0.000535343,0.000535343,0.43013,0.549448,0.33342,0.545944,1,0.611584,0.353172,0.503598,0.419162,0.65822,0.463551,0.377687,0.645447,0.504799,0.62745,0.046591,0.477013,0.423284,0.504401,0.471286,0.793136,0.366401,0.461478,0.301203,0.511374,0.419337,0.825242,0.45768,0.203761
period16,1,1,1,0.870404,0.826661,1,0.997766,0.995814,0.904611,0.991692,0.71379,0.60263,0.45631,0.309103,0.000897446,0.000897446,0.000537773,1,1,1,0.977797,0.938286,0.886158,0.263366,0.0017941,0.343127,0.138894,0.066435,0.000537773,0.000537773,0.497792,0.208509,0.458973,0.404083,1,0.0964026,0.260735,0.157831,0.635894,0.406282,0.631362,0.328906,0.246715,0.734045,0.567046,0.361795,0.770744,0.52174,0.343928,0.72787,0.308759,0.233707,0.661524,0.56849,0.366648,0.674153,0.536265,0.804047,0.542464
period17,1,1,1,0.900455,0.860635,1,0.999626,0.999952,0.924521,0.995707,0.77402,0.674968,0.539928,0.389935,0.000909511,0.000909511,0.000545083,1,1,1,1,0.977645,0.8882,0.315172,0.0017606,0.363959,0.150884,0.129955,0.000545083,0.000545083,0.961509,0.56696,0.0904102,0.7386,1,0.555049,0.226829,0.606008,0.417414,0.376805,0.547882,0.557745,0.975367,0.170158,0.551867,0.841711,0.297297,0.714507,0.470659,0.5133,0.350699,0.356843,0.583986,0.400193,0.595069,0.336957,0.362519,0.637605,0.556371
period18,1,1,1,0.908716,0.886797,1,0.996894,0.999952,0.960706,0.995667,0.83377,0.733774,0.602111,0.469558,0.000915308,0.000915308,0.000549826,1,1,1,1,0.982218,0.88714,0.375109,0.0018622,0.396043,0.152378,0.164571,0.000549826,0.000549826,0.79827,0.382608,0.562133,0.712866,1,0.517911,0.921644,0.33233,0.553059,0.467026,0.838682,0.318937,0.571487,0.486953,0.409101,0.905147,0.544888,0.598388,0.626685,0.532522,0.301642,0.508334,0.679022,0.698618,0.860018,0.604667,0.2741,0.664062,0.414646
period19,1,1,1,0.971968,0.953274,1,0.998168,0.999951,0.977903,0.995646,0.856897,0.765992,0.666966,0.552781,0.000915253,0.000915253,0.000551933,1,1,1,1,0.986942,0.886602,0.467385,0.00181327,0.417168,0.167406,0.224628,0.000551933,0.000551933,0.477855,1,0.119469,0.00520049,1,0.49098,0.272054,0.838942,0.614268,0.713873,0.327305,0.552599,0.279003,0.600793,0.302529,0.554869,0.46751,0.681508,0.27314,0.766365,0.591126,0.275621,0.314477,0.579662,0.50108,0.506736,0.475899,0.394347,0.633513
period20,1,1,1,0.974781,0.965669,1,0.999148,0.999951,0.974303,0.995625,0.870631,0.808134,0.699029,0.622519,0.000914137,0.0104183,0.000809696,1,1,1,1,0.986879,0.886059,0.527054,0.00181176,0.452659,0.177807,0.322198,0.000553953,0.000809696,0.761292,1,0.707014,0.70269,1,0.913538,0.683926,0.352072,0.273001,0.197478,0.596571,0.4147,0.467973,0.310228,0.577129,0.699384,0.598352,0.547365,0.790668,0.535864,0.460762,0.667007,0.348316,0.341652,0.872175,0.394372,0.516975,0.476437,0.323757
period21,1,1,1,0.999248,1,1,0.999485,0.999999,0.974375,0.999944,0.882842,0.819117,0.727368,0.673735,0.0009256,0.0106196,0.004365,1,1,1,1,0.990544,1,0.581286,0.00188396,0.461584,0.18129,0.395873,0.000563821,0.004365,0.30495,1,0.667844,0.447943,1,0.291815,0.285614,0.543253,0.405184,0.459464,0.651747,0.46833,0.0255422,0.429328,0.384618,0.013848,0.761148,0.321094,0.544464,0.230055,0.134403,0.422048,0.537575,0.555187,0.327121,0.445666,0.301319,0.569084,0.480492
period22,1,1,1,0.999303,1,1,0.99798,0.999999,0.98285,0.999942,0.894974,0.834672,0.770601,0.710624,0.000942133,0.0108809,0.00447217,1,1,1,1,0.99538,1,0.645843,0.00185752,0.473234,0.18583,0.451908,0.00057685,0.00809915,0.406558,1,0.355331,0.154451,1,0.558173,0.271326,0.712708,0.330552,0.14029,0.717995,0.452865,0.418935,0.369795,0.70513,0.32572,0.426508,0.377394,0.292741,0.653447,0.577412,0.568617,0.559099,0.383493,0.459189,0.488037,0.56115,0.300736,0.251283
period23,1,1,1,0.999745,1,1,0.999818,0.999999,0.979405,0.999942,0.904544,0.86414,0.78967,0.739429,0.00094126,0.0109335,0.0044938,1,1,1,1,0.995356,1,0.679264,0.00186251,0.480728,0.191805,0.504943,0.000579106,0.00813832,0.678885,1,0.498869,0.570591,1,0.419905,0.276886,0.539651,0.660877,0.223845,0.086057,0.4974,0.420406,0.49884,0.762613,0.454422,0.870858,0.179059,0.425635,0.454028,0.581599,0.433053,0.53626,0.755397,0.788026,0.671114,0.613739,0.700818,0.17943
period24,1,1,1,0.999782,1,1,0.999295,0.999999,0.984054,0.999941,0.913332,0.882563,0.801828,0.766117,0.000948651,0.0161695,0.00493853,1,1,1,1,0.995284,1,0.715195,0.00187763,0.518574,0.199848,0.557728,0.000587009,0.00898091,0.396457,1,0.0262627,0.357519,1,0.493155,0.874203,0.935228,0.561652,0.600308,0.298722,0.868378,0.387826,0.366129,0.374273,0.916327,0.861106,0.291976,0.318469,0.404662,0.307988,0.168675,0.407689,0.584136,0.623127,0.396359,0.558227,0.717626,0.464734
period25,1,1,1,0.999925,1,1,0.999393,0.999999,0.994679,0.999947,0.96927,0.958853,0.907799,0.912982,0.00603647,0.0473012,0.0246224,1,1,1,1,0.995216,1,0.949274,0.00165638,0.619838,0.228827,0.785936,0.00381954,0.0340826,0.225634,1,1,0.573958,1,0.249333,0.46097,0.282986,0.834631,0.299638,0.64614,0.305462,0.576709,0.939466,0.8227,0.598122,0.903004,0.453353,0.44555,0.729077,0.420016,0.306127,0.650739,0.370206,0.436081,0.534876,0.492484,0.459851,0.560645
