period3,1,0.0939394,0.000502513,0.000502513,0.000602485,0.00307903,0.0959799,0.00482831,0.00482831,0.000982917,0.00060031,0.000562242,0.000562242,0.000562242,0.000982917,0.00065951,0.000982917,0.0010801,0.00060031,0.000558454,0.00060031,0.00060031,0.000626855,0.000626855,0.000558454,0.329521,0.0825462,0.376766,0.347713,0.608039,0.0366498,0.440758,0.390424,0.495877,0.898838,0.247239,0.504368,0.839056,0.0322169,0.301314,0.455399,0.59986,0.499582,0.429251,0.174882,0.627382,0.246198,0.752682,0.332974
period4,1,0.919048,0.000502513,0.00552764,0.000828501,0.000957527,0.121106,0.00119897,0.00119897,0.000621807,0.000564381,0.000558667,0.000558667,0.000558667,0.000621807,0.000620383,0.000621807,0.00068359,0.000564381,0.000558099,0.000564381,0.000564381,0.000619747,0.000619747,0.000558099,0.435909,0.0366392,0.623881,0.601332,0.29159,0.888345,0.0324066,0.64528,0.24741,0.183558,0.676079,0.591666,0.228522,0.118937,0.409671,0.431746,0.530546,0.630553,0.288433,0.447891,0.627775,0.483019,0.461091,0.651133
period5,1,0.939899,0.000502513,0.020603,0.000964107,0.0173993,0.573367,0.00100648,0.00100648,0.000602654,0.000562475,0.000558477,0.000558477,0.000558477,0.000602654,0.000618308,0.000602654,0.000662556,0.000562475,0.00055808,0.000562475,0.000562475,0.00061937,0.00061937,0.00055808,0.564259,0.15714,0.302611,0.0478313,0.78357,0.87376,0.303622,0.827518,0.762077,0.450383,0.135075,0.0498147,0.545694,0.337138,0.13532,0.271946,0.30186,0.344334,0.240472,0.439682,0.550848,0.455079,0.310147,0.685716
period6,1,0.990404,0.000502513,0.0658291,0.00102221,0.0526981,0.859799,0.0110168,0.00601798,0.00080291,0.0005824,0.00056046,0.00056046,0.00056046,0.00080291,0.000640156,0.000869249,0.000889132,0.0005824,0.000558277,0.0005824,0.0005824,0.000623327,0.000623327,0.000558277,0.520551,0.818876,0.653402,0.752914,0.550061,0.785847,0.798924,0.336737,0.401182,0.249405,0.318281,0.362049,0.632347,0.0270282,0.513318,0.471651,0.526713,0.442688,0.192098,0.102426,0.168338,0.750549,0.214146,0.516612
period7,1,0.995455,0.000502513,0.0959799,0.00103189,0.0777689,0.965327,0.0761034,0.306181,0.000996608,0.000601673,0.000562377,0.000562377,0.000562377,0.000996608,0.000661476,0.0295166,0.00220564,0.000601673,0.000558468,0.000601673,0.000601673,0.000627173,0.000627173,0.000558468,0.292108,0.516109,0.663221,0.530668,0.929014,0.12941,0.624641,0.225583,0.979166,0.371432,0.529091,0.830713,0.695963,0.404998,0.409638,0.718827,0.473529,0.413926,0.31132,0.422694,0.641117,0.747952,0.446492,0.406957
period8,1,0.995455,0.00552764,0.126131,0.00129601,0.117419,0.985427,0.151294,0.721541,0.0010039,0.000602398,0.00056245,0.00056245,0.00056245,0.00598005,0.000860796,0.0790774,0.00219707,0.000602398,0.000558475,0.000801033,0.000801033,0.000666344,0.000666344,0.000558475,0.857828,0.285925,0.600774,0.376385,0.476667,0.276036,0.5865,0.447793,0.110329,0.485014,0.254557,0.469785,0.577157,0.152353,0.401543,0.819418,0.437589,0.519327,0.676233,0.299639,0.186726,0.666943,0.671305,0.498254
period9,1,0.995455,0.0256281,0.231658,0.00366987,0.158723,0.985427,0.321368,0.846595,0.00100935,0.00060294,0.000562504,0.000562504,0.000562504,0.334667,0.0010559,0.169097,0.00206228,0.00060294,0.00055848,0.00591778,0.0452904,0.000902578,0.000902578,0.00055848,0.227815,0.771841,0.512484,0.966911,0.495019,0.872373,0.800674,0.532181,0.571065,0.486179,0.435255,0.545066,0.601431,0.405611,0.50635,0.74882,0.293817,0.569373,0.431842,0.496996,0.811925,0.696901,0.482452,0.492908
period10,1,0.995455,0.307035,0.613568,0.0101429,0.444971,0.985427,0.661515,0.901619,0.00101593,0.000603595,0.000562569,0.000562569,0.000562569,0.678476,0.00106532,0.289483,0.0131662,0.000603595,0.000558487,0.0653865,0.540815,0.00107514,0.00107514,0.000558487,0.785696,0.391558,0.674531,0.388679,0.896199,0.344211,0.527396,0.541859,0.378186,0.380556,0.816563,0.442922,0.465107,0.395416,0.244426,0.509925,0.582693,0.310586,0.481099,0.68481,0.306745,0.750338,0.44363,0.76527
period11,1,0.995455,0.568342,0.859799,0.0295333,0.785836,0.985427,0.801576,0.921628,0.00600243,0.00080214,0.000582324,0.000582324,0.000582324,0.763232,0.00108972,0.503859,0.0270272,0.00080214,0.000560452,0.124912,0.665121,0.0010914,0.0010914,0.000560452,0.44986,0.516703,0.0557007,0.563475,0.666434,0.92742,0.125718,0.220465,0.505907,0.575219,0.265692,0.377415,0.435045,0.713762,0.513197,0.545143,0.391092,0.299848,0.326153,0.179762,0.454447,0.719295,0.611873,0.813561
period12,1,0.995455,0.688945,0.894975,0.0898449,0.861001,0.985427,0.846595,0.956643,0.0159878,0.000901741,0.000592234,0.000592234,0.000592234,0.798243,0.0011024,0.683266,0.133547,0.000901741,0.000561438,0.229082,0.724885,0.00110055,0.00110055,0.000561438,0.479985,0.42762,0.302416,0.568224,0.254183,0.375531,0.283689,0.679593,0.797098,0.418317,0.487901,0.20638,0.421042,0.545158,0.647689,0.438856,0.819866,0.489627,0.387608,0.69395,0.662897,0.533928,0.463791,0.544244
period13,1,0.995455,0.769347,0.91005,0.133329,0.886078,0.985427,0.901619,0.956643,0.0309353,0.000944039,0.000596442,0.000596442,0.000596442,0.828138,0.00111015,0.753195,0.28926,0.000944039,0.000561857,0.328305,0.754771,0.00110505,0.00110505,0.000561857,0.583399,0.187529,0.552035,0.42998,0.444629,0.292102,0.431147,0.330841,0.701324,0.25499,0.438958,0.710521,0.662104,0.473231,0.492508,0.498715,0.553031,0.578583,0.474042,0.209553,0.695618,0.434378,0.293436,0.563417
period14,1,0.995455,0.824623,0.920101,0.195797,0.89613,0.985427,0.916626,0.961645,0.115646,0.0106215,0.000856274,0.000856274,0.000856274,0.863039,0.00144974,0.832957,0.38144,0.000984334,0.00058771,0.358142,0.774782,0.00113964,0.00113964,0.00058771,0.589999,0.0732086,0.634108,0.281087,0.314911,0.591863,0.651023,0.645741,0.698882,0.0942074,0.249415,0.254111,0.361759,0.67783,0.645195,0.328902,0.567139,0.257091,0.319486,0.307821,0.276918,0.429112,0.344638,0.443698
period15,1,0.995455,0.864824,0.925126,0.228858,0.911158,0.985427,0.921628,0.961645,0.18042,0.0302478,0.00525569,0.000934574,0.000934574,0.868022,0.00170784,0.862867,0.427334,0.000990432,0.00076518,0.387914,0.799604,0.00116608,0.00116608,0.0005955,0.584013,0.230835,0.498052,0.786271,0.446927,0.191731,0.687684,0.27428,0.646162,0.878059,0.780416,0.458863,0.383003,0.0749143,0.201107,0.700415,0.249848,0.240262,0.807395,0.437039,0.391305,0.76427,0.513627,0.46503
period16,1,0.995431,0.879293,0.939899,0.250978,0.915817,1,0.934518,0.980203,0.258583,0.10543,0.0105691,0.00577689,0.0105691,0.890158,0.00238625,0.879925,0.51255,0.00100164,0.00438016,0.42345,0.835839,0.00124032,0.00124032,0.000857116,0.706078,0.293406,0.356712,0.523928,0.402453,0.278369,0.350837,0.548026,0.360488,0.297635,0.251039,0.323326,0.375913,0.549846,0.507537,0.457664,0.522406,0.422911,0.520071,0.70269,0.372574,0.542271,0.572871,0.538152
period17,1,0.995408,0.898985,0.94467,0.273212,0.930573,1,0.934184,0.985204,0.330972,0.166494,0.0548637,0.00589481,0.0107917,0.894671,0.00738156,0.884391,0.587632,0.00100831,0.00553731,0.440761,0.845132,0.00161248,0.00161248,0.00446424,0.640605,0.555463,0.689797,0.385998,0.464732,0.333352,0.633565,0.219575,0.457071,0.698848,0.47435,0.413896,0.561923,0.461805,0.434772,0.606928,0.507887,0.410026,0.809309,0.696423,0.276102,0.463922,0.289049,0.831621
period18,1,0.995408,0.919289,0.9994,0.312686,1,1,1,1,0.428351,0.235584,0.111281,0.0310821,0.0260696,0.923196,0.0170073,0.941398,0.694776,0.00101139,0.0155066,0.447151,0.862589,0.00397342,0.00217138,0.00528669,0.0392664,0.824577,0.0475282,0.241781,0.538373,0.155194,0.947883,0.695116,0.319396,0.111662,0.395688,0.295961,0.480427,0.473067,0.546924,0.410564,0.646128,0.48619,0.86901,0.312002,0.450412,0.407081,0.629612,0.601554
period19,1,0.995385,0.929082,0.9994,0.355386,1,1,1,1,0.513472,0.319367,0.163233,0.0466388,0.0466388,0.938342,0.0270406,1,0.794857,0.00101505,0.0653089,0.459786,0.872244,0.00878499,0.00473432,0.0149678,0.532567,0.779128,0.684932,0.515819,0.109386,0.726795,0.313575,0.432773,0.43013,0.185575,0.712891,0.528915,0.794499,0.887118,0.483361,0.246232,0.541561,0.410909,0.415951,0.503761,0.265756,0.517914,0.325972,0.47976
period20,1,0.995337,0.928351,0.999393,0.379804,1,1,1,1,0.62356,0.416728,0.211963,0.0627637,0.0987772,0.942932,0.0327528,1,0.840571,0.00621789,0.107001,0.480209,0.881346,0.0117595,0.00956619,0.0207643,0.641044,0.214237,0.47422,0.549481,0.513182,0.798988,0.744285,0.927381,0.438806,0.737946,0.138291,0.471773,0.558781,0.407942,0.492849,0.783451,0.305765,0.59675,0.775641,0.462942,0.629587,0.572395,0.630714,0.34336
period21,1,0.995288,0.927604,0.999381,0.399394,1,1,1,1,0.698942,0.46874,0.287489,0.0739518,0.115618,0.942328,0.0334163,1,0.874138,0.00628249,0.149912,0.490528,0.885358,0.0143604,0.00982291,0.031184,0.441588,0.638106,0.219855,0.516351,0.339975,0.534758,0.378982,0.551844,0.371986,0.407812,0.437584,0.60362,0.413088,0.169486,0.162311,0.580741,0.38561,0.298953,0.632953,0.241388,0.393324,0.401682,0.167738,0.650587
