period4,1,1,1,1,0.501667,0.00460359,0.00199174,0.00173457,0.00460359,0.00199174,0.0016129,0.00169727,0.00460359,0.00199174,0.00218693,0.00199174,0.00166667,0.038048,0.00173457,0.00199174,0.00173457,0.00173457,0.00173457,0.00199174,0.00199174,0.00175379,0.00170925,0.00170925,0.66747,0.257734,0.40328,0.378181,0.66352,0.143322,0.279196,0.0691897,0.135844,0.474066,0.425506,0.483259,0.579133,0.312032,0.370648,0.636184,0.695382,0.533882,0.598488
period5,1,1,1,1,0.739344,0.0224171,0.00264833,0.00179922,0.00598725,0.00212798,0.0016129,0.00169727,0.00598725,0.00212798,0.00238728,0.00212798,0.0508197,0.449594,0.00179922,0.00212798,0.00174799,0.00174799,0.00174799,0.00212798,0.00212798,0.00177352,0.00171562,0.00171562,0.280171,0.45947,0.548556,0.095616,0.832714,0.365359,0.492212,0.46409,0.440245,0.172468,0.698483,0.590657,0.398955,0.592973,0.494682,0.646592,0.770772,0.446312,0.410187
period6,1,1,1,1,0.870492,0.0738153,0.0325208,0.00261971,0.172362,0.00307172,0.0177419,0.00242188,0.00811785,0.00307172,0.0034122,0.00233776,0.0508197,0.763639,0.00261971,0.00307172,0.00184091,0.00184091,0.00176864,0.00233776,0.00233776,0.00187443,0.0017964,0.0017964,0.326715,0.589815,0.0707366,0.27589,0.551635,0.463385,0.798966,0.49865,0.157228,0.765842,0.629326,0.587409,0.470325,0.238891,0.228699,0.47796,0.256483,0.488938,0.672496
period7,1,1,1,1,0.903279,0.140325,0.0810257,0.0298906,0.253235,0.00307625,0.066129,0.0160793,0.0274151,0.0663849,0.00430391,0.00289042,0.0508197,0.850044,0.00288205,0.0347306,0.00184135,0.00285822,0.00182306,0.00289042,0.00289042,0.00196223,0.00253621,0.00182223,0.551357,0.435683,0.654608,0.484362,0.204515,0.560168,0.629054,0.401727,0.198149,0.300382,0.571277,0.652255,0.55856,0.540679,0.476808,0.424602,0.541357,0.653499,0.339095
period8,1,1,1,1,0.943196,0.984524,1,1,0.478963,0.0691236,1,1,0.0242074,0.234283,0.0163606,0.00273505,0.0508197,0.933718,0.157143,0.0856396,0.0029085,0.112395,0.00180776,0.00273505,0.0148388,0.00314936,0.02,0.00917411,0.0936945,0.51882,0.0912941,0.417561,0.511593,0.1429,0.364743,0.041971,0.111507,0.59124,0.434302,0.287821,0.50496,0.155549,0.410527,0.471346,0.314502,0.595331,0.332926
period9,1,1,1,1,0.985195,0.989034,1,1,0.536753,0.230744,1,1,0.0191083,0.328335,0.0117197,0.00248806,0.0508197,0.920812,0.31,0.181948,0.0799612,0.237581,0.00178344,0.00248806,0.0120422,0.00269241,0.0111111,0.0088629,0.229076,0.250853,0.107975,0.634999,0.229251,0.351902,0.512682,0.394634,0.36533,0.437495,0.481629,0.620498,0.265835,0.213515,0.358139,0.571789,0.669807,0.488928,0.224787
period10,1,1,1,1,0.992575,0.990302,1,1,0.573922,0.380163,1,1,0.0187531,0.511345,0.0107957,0.00247086,1,0.927212,0.736364,0.248981,0.272342,0.370565,0.00178175,0.00247086,0.0118474,0.00260143,0.00909091,0.0904625,0.756145,0.368887,0.475508,0.550419,0.426524,0.412202,0.267835,0.382696,0.380512,0.439202,0.263592,0.318954,0.560531,0.498186,0.455546,0.727625,0.397295,0.16382,0.785564
period11,1,1,1,1,0.994597,0.993129,1,1,0.63806,0.401775,1,1,0.0184757,0.513436,0.00839106,0.0116953,1,0.980463,0.54,0.290114,0.343004,0.423114,0.00212899,0.00245742,0.0116953,0.00236466,0.00833333,0.126807,0.33749,0.297946,0.406449,0.363149,0.231079,0.249435,0.497389,0.319131,0.684844,0.436109,0.687206,0.35273,0.599185,0.425466,0.353806,0.242408,0.462038,0.465459,0.409664
period12,1,1,1,1,0.995772,0.993255,1,1,0.703993,0.402941,1,1,0.0183794,0.610939,0.00838207,0.0116424,1,0.981503,0.54,0.338942,0.374988,0.488626,0.00212643,0.00245275,0.0116424,0.00236377,0.00714286,0.126807,0.743615,0.502042,0.33345,0.231373,0.729745,0.540126,0.416118,0.619659,0.068206,0.413385,0.505326,0.626675,0.602376,0.549292,0.338779,0.122916,0.549621,0.290015,0.757007
period13,1,1,1,1,0.996523,0.99419,1,1,0.753457,0.403676,1,1,0.0183178,0.676203,0.00760638,0.0116087,1,0.982167,0.594118,0.451769,0.375667,0.616281,0.0021248,0.00244977,0.0116087,0.0022874,0.00714286,0.168171,0.107423,0.62601,0.0141122,0.834017,0.352843,0.402232,0.748049,0.439308,0.372902,0.468952,0.426604,0.820043,0.663014,0.669859,0.450643,0.549874,0.535503,0.584973,0.487544
period14,1,1,1,1,0.996863,0.995151,1,1,0.851733,0.420579,1,1,0.0182899,0.758058,0.00673754,0.0115934,1,0.982469,0.655,0.484861,0.392468,0.69781,0.00212405,0.00244842,0.0115934,0.00220185,0.0785714,0.239271,0.53402,0.168344,0.286561,0.201141,0.284949,0.74806,0.280167,0.204197,0.451672,0.486657,0.130813,0.506516,0.70427,0.217342,0.370947,0.478115,0.727914,0.229093,0.754765
period15,1,1,1,1,0.999725,0.996329,1,1,0.886669,0.437916,1,1,0.0180553,0.824826,0.00573331,0.0114647,1,1,0.684,0.518523,0.40968,0.748354,0.00211782,0.00243705,0.0114647,0.00210297,0.0733333,0.270458,0.554499,0.588295,0.672706,0.348374,0.435415,0.120162,0.603825,0.224161,0.25313,0.363515,0.429356,0.292018,0.289417,0.359313,0.429171,0.28044,0.478528,0.442417,0.248317
period16,1,1,1,1,0.999751,0.996698,1,1,0.903079,0.437995,1,1,0.0180532,0.873408,0.00544216,0.0114635,1,1,0.707407,0.567006,0.425395,0.764986,0.00211777,0.00243695,0.0114635,0.0020743,0.123529,0.322506,0.579768,0.697775,0.305219,0.222411,0.474284,0.462897,0.725171,0.327647,0.355252,0.505704,0.472319,0.522627,0.408963,0.261152,0.659326,0.455257,0.277258,0.355397,0.27315
period17,1,1,1,1,0.999508,0.996885,1,1,0.902883,0.454025,1,1,0.0180731,0.889344,0.00531419,0.0114745,1,1,0.789286,0.566886,0.425754,0.844395,0.00211829,0.00243792,0.0114745,0.00206171,0.105,0.45004,1,0.700769,0.488112,0.0343774,0.665088,0.860421,0.453006,0.404684,0.805719,0.314622,0.16078,0.510866,0.620996,0.374901,0.474955,0.512114,0.367481,0.680133,0.638052
period18,1,1,1,1,0.99954,0.99753,1,1,0.919295,0.454093,1,1,0.0180705,0.889549,0.00469508,0.011473,1,1,0.767647,0.583117,0.425818,0.860472,0.00211822,0.00243779,0.011473,0.00200075,0.105,0.458341,1,0.296602,0.61587,0.52723,0.892403,0.382523,0.403637,0.324973,0.582671,0.515198,0.463315,0.440005,0.534543,0.380481,0.254328,0.215785,0.384985,0.608517,0.42893
period19,1,1,1,1,0.999552,0.997882,1,1,0.919305,0.454098,1,1,0.0508417,0.905686,0.00426002,0.0155124,1,1,0.746154,0.583123,0.44148,0.876544,0.00231388,0.00280194,0.0155124,0.00195791,0.0913043,0.475756,1,0.65144,0.478975,0.907556,0.146738,0.566167,0.434335,0.447398,0.245829,0.170396,0.498839,0.359183,0.359416,0.500321,0.462228,0.786227,0.643543,0.459627,0.602276
period20,1,1,1,1,0.999952,0.997971,1,1,1,0.466071,1,1,0.0525447,0.999596,0.0218271,0.0160289,1,1,0.823077,0.6625,0.451979,1,0.00238849,0.00289271,0.0160289,0.00266905,0.084,0.526841,1,0.374029,0.422619,0.0922004,0.313707,0.74705,0.39013,0.469217,0.706173,0.511997,0.514632,0.457839,0.527886,0.532815,0.323237,0.573614,0.754483,0.687989,0.480026
period21,1,1,1,1,0.999952,0.998119,1,1,1,0.466071,1,1,0.0525447,0.999596,0.0391499,0.0160289,1,1,0.788095,0.6625,0.451979,1,0.00238849,0.00289271,0.0160289,0.00288016,0.0724138,0.536148,1,0.4152,0.450899,0.787715,0.402911,0.768072,0.889552,0.574326,0.451655,0.530797,0.434354,0.775223,0.416897,0.623449,0.208942,0.33837,0.339967,0.443548,0.43955
period22,1,1,1,1,0.999955,0.998454,1,1,1,0.466071,1,1,0.0694929,0.999789,0.0386477,0.0168656,1,1,0.784783,0.680357,0.451979,1,0.00242898,0.00296699,0.0168656,0.0157468,0.065625,0.596808,1,0.885165,0.333562,0.260623,0.645685,0.374352,0.372855,0.675383,0.463209,0.234034,0.556322,0.333479,0.265402,0.487367,0.655982,0.28878,0.268714,0.540859,0.361624
period23,1,1,1,1,0.999967,0.998577,1,1,1,0.457895,1,1,0.0694925,0.999763,0.0385514,0.0168655,1,1,0.79375,0.703509,0.444097,1,0.00242898,0.00296698,0.0168655,0.0157116,1,0.613437,1,0.691087,1,0.403314,0.636055,0.529447,1,0.566923,0.549517,0.270618,0.44177,0.197107,0.417584,0.102361,0.529456,0.700927,0.584805,0.320155,0.342096
period24,1,1,1,1,0.999966,0.997211,1,1,1,0.435849,1,1,0.0927275,0.999744,0.0346675,0.0186802,1,1,0.806522,0.681132,0.421072,1,0.00262594,0.00322559,0.0186802,0.014405,1,0.63973,1,0.585859,1,0.486536,0.927667,1,1,0.800349,0.479898,0.183149,0.599928,0.505242,0.722232,0.419357,0.415443,0.377179,0.455407,0.343649,0.739144
period25,1,1,1,1,0.999996,0.999145,1,1,1,0.545614,1,1,1,0.999457,0.853846,0.161538,1,1,0.888679,0.703509,0.462867,1,0.0068556,0.0846154,1,0.650849,1,0.798888,1,0.784248,1,0.820129,0.745453,1,1,0.451192,0.429733,0.54864,0.483352,0.772837,0.599464,0.4941,0.211217,0.343343,0.721333,0.384356,0.574386
