period4,0.693846,0.998329,1,0.901667,0.501667,0.0116765,0.00268815,0.00180314,0.0116765,0.00268815,0.00165199,0.00170112,0.0116765,0.00268815,0.00294714,0.00268815,0.00166667,0.0348818,0.00180314,0.00268815,0.00180314,0.00180314,0.00180314,0.00268815,0.00268815,0.00182864,0.001716,0.001716,0.667447,0.257728,0.403268,0.378181,0.66352,0.143014,0.279196,0.0692112,0.135819,0.474068,0.425506,0.48326,0.579133,0.312024,0.370638,0.636184,0.695382,0.533882,0.598488
period5,0.755385,1,1,1,0.739344,0.0264014,0.00284132,0.00181822,0.0139905,0.00291599,0.0016129,0.00169727,0.0139905,0.00291599,0.00319102,0.00291599,1,0.349084,0.00181822,0.00291599,0.00182557,0.00182557,0.00182557,0.00291599,0.00291599,0.00185265,0.00171749,0.00171749,0.280171,0.45947,0.548556,0.095616,0.832714,0.364695,0.492212,0.464019,0.440179,0.172468,0.698483,0.590657,0.398955,0.592973,0.494682,0.646592,0.770772,0.446312,0.410187
period6,0.816923,1,1,1,0.870492,0.0684853,0.0302909,0.00254892,0.14899,0.00290175,0.0177419,0.00242188,0.0148155,0.00290175,0.00399598,0.00299722,1,0.632018,0.00254892,0.00290175,0.00182417,0.00182417,0.00183357,0.00299722,0.00299722,0.00193191,0.00178943,0.00178943,0.326715,0.589815,0.0707366,0.27589,0.551635,0.463967,0.798966,0.499294,0.157078,0.765842,0.629326,0.587409,0.470325,0.238891,0.228699,0.47796,0.256483,0.488938,0.672496
period7,0.847692,1,1,1,0.903279,0.132857,0.0768071,0.0284211,0.22857,0.00297142,0.066129,0.0160793,0.0371445,0.060114,0.00472793,0.00336169,1,0.734481,0.00281877,0.0315427,0.00183103,0.00274308,0.00186946,0.00336169,0.00336169,0.00200398,0.00248956,0.001816,0.551357,0.435683,0.654608,0.484362,0.204515,0.561764,0.629054,0.400797,0.197276,0.300382,0.571277,0.652255,0.55856,0.540679,0.476808,0.424602,0.541357,0.653499,0.339095
period8,0.847692,1,1,1,0.903279,0.160204,0.0903672,0.0544711,0.406322,0.0590501,0.130645,0.0610413,0.0371445,0.199161,0.0047566,0.00336169,1,0.7755,0.0157423,0.0730612,0.00272354,0.09584,0.00186946,0.00336169,0.0219339,0.0020068,0.00263947,0.00232502,0.352231,0.863202,0.416766,0.414779,0.511316,0.739808,0.363076,0.386728,0.531753,0.575085,0.438052,0.259138,0.496739,0.529597,0.45687,0.47136,0.314509,0.596019,0.33262
period9,0.909231,1,1,1,0.952459,0.159127,0.13317,0.109416,0.482044,0.207534,0.179032,0.152206,0.0270245,0.295178,0.00434092,0.0028715,1,0.819639,0.0428307,0.163712,0.0721154,0.213813,0.00182119,0.0028715,0.0163837,0.00196588,0.00277816,0.00261459,0.53424,0.331926,0.2092,0.626999,0.226746,0.521337,0.506272,0.737935,0.39086,0.411918,0.480882,0.564273,0.285722,0.262028,0.291918,0.571982,0.669776,0.488656,0.2249
period10,0.924615,1,1,1,0.952459,0.219179,0.149112,0.138459,0.517708,0.343243,0.21129,0.184132,0.025136,0.461576,0.00427835,0.00278003,1,0.831162,0.111348,0.22491,0.246124,0.334784,0.00181219,0.00278003,0.015348,0.00195971,0.00282516,0.0151682,0.516805,0.329201,0.529984,0.533258,0.421648,0.801564,0.274443,0.47232,0.477037,0.408581,0.268452,0.297407,0.564761,0.610294,0.121996,0.726085,0.396593,0.160638,0.787787
period11,0.924615,1,1,1,0.985246,0.264185,0.208478,0.155826,0.592733,0.373506,0.259677,0.18634,0.0252411,0.477234,0.0043811,0.0154056,1,0.906347,0.11413,0.269778,0.319047,0.393495,0.00230871,0.00278511,0.0154056,0.00196983,0.00286183,0.0281845,0.318721,0.517057,0.420798,0.362734,0.231366,0.474992,0.494818,0.385196,0.701549,0.432951,0.687716,0.326428,0.599391,0.525464,0.446079,0.242416,0.462035,0.465247,0.409767
period12,0.924615,1,1,1,0.985246,0.338855,0.20927,0.184313,0.652469,0.373783,0.324194,0.219175,0.0252411,0.566558,0.00437995,0.0154056,1,0.906347,0.114556,0.314468,0.348034,0.453399,0.00230871,0.00278511,0.0154056,0.00196972,0.00288515,0.0282832,0.718814,0.591026,0.448545,0.232192,0.725377,0.488088,0.412629,0.657106,0.683016,0.460892,0.496646,0.611396,0.605669,0.560433,0.350203,0.122412,0.549892,0.290322,0.756858
period13,0.924615,1,1,1,0.985246,0.413525,0.23932,0.18597,0.697271,0.373966,0.356452,0.282009,0.0252411,0.62617,0.0044213,0.0154056,1,0.906347,0.143737,0.418472,0.348202,0.571003,0.00230871,0.00278511,0.0154056,0.00197379,0.0028938,0.0420645,0.187512,0.615297,0.183002,0.829323,0.35264,0.17981,0.744173,0.331818,0.547029,0.491004,0.426056,0.820649,0.663172,0.559151,0.513233,0.549817,0.535508,0.58359,0.48722
period14,0.924615,1,1,1,0.985246,0.458327,0.283936,0.187535,0.786875,0.389138,0.669046,0.523696,0.0252411,0.700919,0.00448052,0.0154056,1,0.906347,0.187535,0.448525,0.363321,0.645631,0.00230871,0.00278511,0.0154056,0.00197962,0.0162973,0.0698787,1,0.207862,0.439951,0.201197,0.287624,0.458018,0.280303,0.0814919,0.337024,0.506624,0.128163,0.507182,0.704216,0.166859,0.35914,0.479207,0.728208,0.229081,0.754766
period15,0.924615,1,1,1,0.985246,0.532997,0.358368,0.203685,0.816743,0.404097,0.506719,0.395343,0.0252411,0.760494,0.00457438,0.0154056,1,0.906347,0.246689,0.478347,0.378245,0.690543,0.00230871,0.00278511,0.0154056,0.00198886,0.0164983,0.0988745,1,0.337362,0.674681,0.346581,0.433839,0.139201,0.597655,0.387661,0.294612,0.363912,0.429551,0.195263,0.30806,0.438727,0.311594,0.279783,0.478614,0.44242,0.248318
period16,0.906556,1,1,1,0.981677,0.475647,0.312376,0.188032,0.814526,0.396027,0.984383,0.833695,0.0269638,0.788745,0.00453937,0.0163505,1,0.887449,0.222741,0.512388,0.384887,0.691714,0.00235448,0.00286856,0.0163505,0.00198541,0.0248846,0.103037,1,0.69719,0.310515,0.226897,0.472329,1,0.713513,0.342095,0.466336,0.502298,0.473751,0.522765,0.408963,0.29756,0.647514,0.454808,0.277109,0.35657,0.273232
period17,0.937869,1,1,1,0.974779,0.706023,0.446237,0.305855,0.834445,0.420368,0.451019,0.385713,0.024894,0.82269,0.0046933,0.0152153,1,0.909404,0.353666,0.524674,0.394394,0.78186,0.00229949,0.0027683,0.0152153,0.00200057,0.0336237,0.202939,1,0.79303,0.688172,0.0414508,0.656133,1,0.448112,0.411662,0.444655,0.345896,0.171791,0.517204,0.623191,0.448015,0.419909,0.516956,0.365954,0.677809,0.6387
period18,0.909396,1,1,1,0.963129,0.595597,0.430593,0.243671,0.817285,0.404937,0.479283,0.415783,0.0280217,0.792072,0.00483334,0.0169306,1,0.874686,0.332323,0.519644,0.380015,0.767277,0.00238258,0.0029198,0.0169306,0.00201436,0.0272297,0.199875,1,0.439735,0.472387,0.518933,0.878024,1,0.401382,0.411261,0.679382,0.542701,0.456506,0.461899,0.5319,0.335922,0.203541,0.22072,0.386123,0.612981,0.431033
period19,0.986997,1,1,1,0.994868,0.680575,0.553381,0.315237,0.994927,0.490538,0.737996,0.648599,0.0516927,0.997251,0.00516176,0.015745,1,0.96931,0.414562,0.630177,0.476691,1,0.00232515,0.00282184,0.015745,0.0020467,0.030375,0.265564,1,0.652256,1,0.904697,0.147597,1,0.432934,0.606383,0.237863,0.267858,0.498749,0.359417,0.359426,0.538096,0.390921,0.785838,0.643374,0.458955,0.602636
period20,0.997964,1,1,1,0.999203,0.985031,0.798592,0.494294,0.997743,0.465048,0.852779,0.791566,0.0526753,0.998522,0.0187842,0.0160646,1,0.982249,0.658108,0.661033,0.450992,1,0.00239022,0.00289576,0.0160646,0.00252181,0.0428174,0.421893,1,0.383165,1,0.0924411,0.313591,1,0.390033,0.508803,0.728072,0.500219,0.507989,0.461215,0.527237,0.483731,0.341542,0.573633,0.754484,0.687903,0.480015
period21,0.99603,1,1,1,0.998438,0.938761,0.821277,0.550286,0.997252,0.464825,0.691509,0.598096,0.0528002,0.998289,0.0334894,0.0160987,1,0.979882,0.648057,0.660714,0.450777,1,0.00239187,0.00289867,0.0160987,0.00270076,0.0411332,0.44147,1,0.39977,1,0.787176,0.402632,1,0.888564,0.554373,0.407936,0.627198,0.411325,0.778367,0.416992,0.638757,0.218176,0.338491,0.339981,0.443648,0.43957
period22,0.999824,1,1,1,0.999923,0.99341,0.984172,0.963881,0.998138,0.465227,0.857296,0.762538,0.0694992,0.998848,0.0381801,0.016867,1,1,0.772449,0.679114,0.451165,1,0.00242905,0.0029671,0.016867,0.0155761,1,0.587486,1,0.766861,1,0.260617,0.64567,1,1,0.669922,0.463358,0.279216,0.563637,0.330431,0.266081,0.467616,0.66053,0.288782,0.268714,0.54086,0.361625
period23,0.999727,1,1,1,0.999919,0.980936,0.974579,0.952962,0.998414,0.457191,0.125228,0.116196,0.0695023,0.998963,0.03782,0.0168676,1,1,0.773731,0.702416,0.443418,1,0.00242908,0.00296716,0.0168676,0.0154447,1,0.598067,1,0.670247,1,0.40331,0.636036,1,1,0.564025,0.548158,0.270618,0.44177,0.207727,0.413153,0.642843,0.46535,0.700932,0.584807,0.320154,0.342096
period24,0.999586,1,1,1,0.999894,0.97687,0.969025,0.947013,0.998259,0.435115,0.530585,0.475939,0.092731,0.998864,0.0340823,0.0186808,1,1,0.781761,0.679971,0.420367,1,0.00262597,0.00322564,0.0186808,0.0141914,1,0.620229,1,1,1,0.486517,0.927617,1,1,0.783751,0.479003,0.183149,0.599928,0.642653,0.732099,0.434943,0.366835,0.377172,0.455407,0.343647,0.739144
