Timeperiod,CreepColony,SunkenColony,SporeColony,Extractor,SpawningPool,EvolutionChamber,HydraliskDen,Lair,Spire,QueensNest,Hive,GreaterSpire,NydusCanal,UltraliskCavern,DefilerMound,Zergling,Hydralisk,Lurker,Ultralisk,Defiler,Overlord,Mutalisk,Scourge,Queen,Guardian,Devourer
period1,0,0,0,0,0,0,0,0,0,0,0,0,0,0,0,0,0,0,0,0,0,0,0,0,0,0
period2,0,0,0,0,0,0,0,0,0,0,0,0,0,0,0,0,0,0,0,0,0,0,0,0,0,0
period3,0,0,0,0,1,0,0,0,0,0,0,0,0,0,0,0,0,0,0,0,1,0,0,0,0,0
period4,0,0,0,0,1,0,0,0,0,0,0,0,0,0,0,1,0,0,0,0,1,0,0,0,0,0
period5,0,0,0,1,1,0,0,0,0,0,0,0,0,0,0,1,0,0,0,0,1,0,0,0,0,0
period6,0,0,0,1,1,0,0,0,0,0,0,0,0,0,0,1,0,0,0,0,1,0,0,0,0,0
period7,0,0,0,1,1,0,0,1,0,0,0,0,0,0,0,1,0,0,0,0,1,0,0,0,0,0
period8,0,0,0,1,1,0,0,1,0,0,0,0,0,0,0,1,0,0,0,0,1,0,0,0,0,0
period9,0,0,0,1,1,0,0,1,1,0,0,0,0,0,0,1,0,0,0,0,1,0,0,0,0,0
period10,1,0,0,1,1,1,1,1,1,0,0,0,0,0,0,1,0,0,0,0,1,0,1,0,0,0
period11,1,1,0,1,1,1,1,1,1,0,0,0,0,0,0,1,0,0,0,0,1,0,1,0,0,0
period12,1,1,1,1,1,1,1,1,1,0,0,0,0,0,0,1,1,0,0,0,1,0,1,0,0,0
period13,1,1,1,1,1,1,1,1,1,0,0,0,0,0,0,1,1,1,0,0,1,0,1,0,0,0
period14,1,1,1,1,1,1,1,1,1,0,0,0,0,0,0,1,1,1,0,0,1,1,1,0,0,0
period15,1,1,1,1,1,1,1,1,1,0,0,0,0,0,0,1,1,1,0,0,1,1,1,0,0,0
period16,1,1,1,1,1,1,1,1,1,0,0,0,0,0,0,1,1,1,0,0,1,1,1,0,0,0
period17,1,1,1,1,1,1,1,1,1,0,1,0,0,0,0,1,1,1,0,0,1,1,1,0,0,0
period18,1,1,1,1,1,1,1,1,1,0,1,0,1,0,0,1,1,1,0,0,1,1,1,0,0,0
period19,1,1,1,1,1,1,1,1,1,0,1,0,1,0,1,1,1,1,0,0,1,1,1,0,0,0
period20,1,1,1,1,1,1,1,1,1,0,1,0,1,0,1,1,1,1,0,1,1,1,1,0,0,0
period21,1,1,1,1,1,1,1,1,1,0,1,0,1,0,1,1,1,1,0,1,1,1,1,0,0,0
period22,1,1,1,1,1,1,1,1,1,0,1,0,1,0,1,1,1,1,0,1,1,1,1,0,0,0
period23,1,1,1,1,1,1,1,1,1,0,1,1,1,1,1,1,1,1,0,1,1,1,1,0,0,0
period24,1,1,1,1,1,1,1,1,1,0,1,1,1,1,1,1,1,1,0,1,1,1,1,0,0,0
period25,1,1,1,1,1,1,1,1,1,0,1,1,1,1,1,1,1,1,1,1,1,1,1,0,1,1
period1,0,0,0,0,0,0,0,0,0,0,0,0,0,0,0,0,0,0,0,0,0,0,0,0,0,0
period2,0,0,0,0,0,0,0,0,0,0,0,0,0,0,0,0,0,0,0,0,0,0,0,0,0,0
period3,0,0,0,0,0,0,0,0,0,0,0,0,0,0,0,0,0,0,0,0,1,0,0,0,0,0
period4,0,0,0,1,1,0,0,0,0,0,0,0,0,0,0,0,0,0,0,0,1,0,0,0,0,0
period5,0,0,0,1,1,0,0,0,0,0,0,0,0,0,0,1,0,0,0,0,1,0,0,0,0,0
period6,0,0,0,1,1,0,0,0,0,0,0,0,0,0,0,1,0,0,0,0,1,0,0,0,0,0
period7,0,0,0,1,1,0,0,0,0,0,0,0,0,0,0,1,0,0,0,0,1,0,0,0,0,0
period8,0,0,0,1,1,0,0,0,0,0,0,0,0,0,0,1,0,0,0,0,1,0,0,0,0,0
period9,0,0,0,1,1,0,0,0,0,0,0,0,0,0,0,1,0,0,0,0,1,0,0,0,0,0
period10,0,0,0,1,1,0,0,0,0,0,0,0,0,0,0,1,0,0,0,0,1,0,0,0,0,0
period11,0,0,0,1,1,0,0,0,0,0,0,0,0,0,0,1,0,0,0,0,1,0,0,0,0,0
period12,0,0,0,1,1,0,0,0,0,0,0,0,0,0,0,1,0,0,0,0,1,0,0,0,0,0
period13,0,0,0,1,1,0,0,0,0,0,0,0,0,0,0,1,0,0,0,0,1,0,0,0,0,0
period14,0,0,0,1,1,0,0,0,0,0,0,0,0,0,0,1,0,0,0,0,1,0,0,0,0,0
period15,0,0,0,1,1,0,1,0,0,0,0,0,0,0,0,1,0,0,0,0,1,0,0,0,0,0
period16,0,0,0,1,1,0,1,0,0,0,0,0,0,0,0,1,0,0,0,0,1,0,0,0,0,0
period17,0,0,0,1,1,0,1,0,0,0,0,0,0,0,0,1,1,0,0,0,1,0,0,0,0,0
period18,0,0,0,1,1,0,1,0,0,0,0,0,0,0,0,1,1,0,0,0,1,0,0,0,0,0
period19,0,0,0,1,1,0,1,0,0,0,0,0,0,0,0,1,1,0,0,0,1,0,0,0,0,0
period20,0,0,0,1,1,0,1,0,0,0,0,0,0,0,0,1,1,0,0,0,1,0,0,0,0,0
period21,0,0,0,1,1,0,1,0,0,0,0,0,0,0,0,1,1,0,0,0,1,0,0,0,0,0
period22,1,1,0,1,1,0,1,0,0,0,0,0,0,0,0,1,1,0,0,0,1,0,0,0,0,0
period23,1,1,0,1,1,0,1,1,0,0,0,0,0,0,0,1,1,0,0,0,1,0,0,0,0,0
period24,1,1,0,1,1,1,1,1,0,0,0,0,0,0,0,1,1,0,0,0,1,0,0,0,0,0
period25,1,1,0,1,1,1,1,1,0,0,1,0,0,1,1,1,1,1,1,1,1,0,0,0,0,0
period1,0,0,0,0,0,0,0,0,0,0,0,0,0,0,0,0,0,0,0,0,0,0,0,0,0,0
period2,0,0,0,0,0,0,0,0,0,0,0,0,0,0,0,0,0,0,0,0,1,0,0,0,0,0
period3,0,0,0,0,0,0,0,0,0,0,0,0,0,0,0,0,0,0,0,0,1,0,0,0,0,0
period4,0,0,0,0,0,0,0,0,0,0,0,0,0,0,0,0,0,0,0,0,1,0,0,0,0,0
period5,0,0,0,1,1,0,0,0,0,0,0,0,0,0,0,1,0,0,0,0,1,0,0,0,0,0
period6,0,0,0,1,1,0,0,0,0,0,0,0,0,0,0,1,0,0,0,0,1,0,0,0,0,0
period7,0,0,0,1,1,0,0,1,0,0,0,0,0,0,0,1,0,0,0,0,1,0,0,0,0,0
period8,0,0,0,1,1,0,0,1,0,0,0,0,0,0,0,1,0,0,0,0,1,0,0,0,0,0
period9,0,0,0,1,1,0,0,1,1,0,0,0,0,0,0,1,0,0,0,0,1,0,0,0,0,0
period10,1,0,0,1,1,0,0,1,1,0,0,0,0,0,0,1,0,0,0,0,1,0,1,0,0,0
period11,1,1,0,1,1,0,0,1,1,0,0,0,0,0,0,1,0,0,0,0,1,0,1,0,0,0
period12,1,1,0,1,1,1,1,1,1,0,0,0,0,0,0,1,0,0,0,0,1,0,1,0,0,0
period13,1,1,1,1,1,1,1,1,1,0,0,0,0,0,0,1,0,0,0,0,1,0,1,0,0,0
period14,1,1,1,1,1,1,1,1,1,0,0,0,0,0,0,1,1,0,0,0,1,0,1,0,0,0
period15,1,1,1,1,1,1,1,1,1,0,0,0,0,0,0,1,1,0,0,0,1,0,1,0,0,0
period16,1,1,1,1,1,1,1,1,1,0,0,0,0,0,0,1,1,0,0,0,1,0,1,0,0,0
period17,1,1,1,1,1,1,1,1,1,0,0,0,0,0,0,1,1,0,0,0,1,0,1,0,0,0
period18,1,1,1,1,1,1,1,1,1,0,0,0,0,0,0,1,1,0,0,0,1,0,1,0,0,0
period19,1,1,1,1,1,1,1,1,1,0,0,0,0,0,0,1,1,0,0,0,1,0,1,0,0,0
period20,1,1,1,1,1,1,1,1,1,0,0,0,0,0,0,1,1,0,0,0,1,0,1,0,0,0
period21,1,1,1,1,1,1,1,1,1,0,0,0,0,0,0,1,1,1,0,0,1,0,1,0,0,0
period22,1,1,1,1,1,1,1,1,1,0,0,0,0,0,0,1,1,1,0,0,1,0,1,0,0,0
period23,1,1,1,1,1,1,1,1,1,0,0,0,0,0,0,1,1,1,0,0,1,0,1,0,0,0
period24,1,1,1,1,1,1,1,1,1,0,1,0,0,0,0,1,1,1,0,0,1,0,1,0,0,0
period25,1,1,1,1,1,1,1,1,1,0,1,0,1,1,1,1,1,1,0,0,1,0,1,0,0,0
period1,0,0,0,0,0,0,0,0,0,0,0,0,0,0,0,0,0,0,0,0,0,0,0,0,0,0
period2,0,0,0,0,0,0,0,0,0,0,0,0,0,0,0,0,0,0,0,0,0,0,0,0,0,0
period3,0,0,0,0,1,0,0,0,0,0,0,0,0,0,0,0,0,0,0,0,1,0,0,0,0,0
period4,0,0,0,0,1,0,0,0,0,0,0,0,0,0,0,0,0,0,0,0,1,0,0,0,0,0
period5,0,0,0,1,1,0,0,0,0,0,0,0,0,0,0,1,0,0,0,0,1,0,0,0,0,0
period6,0,0,0,1,1,0,1,0,0,0,0,0,0,0,0,1,0,0,0,0,1,0,0,0,0,0
period7,0,0,0,1,1,0,1,0,0,0,0,0,0,0,0,1,1,0,0,0,1,0,0,0,0,0
period8,0,0,0,1,1,0,1,0,0,0,0,0,0,0,0,1,1,0,0,0,1,0,0,0,0,0
period9,0,0,0,1,1,0,1,0,0,0,0,0,0,0,0,1,1,0,0,0,1,0,0,0,0,0
period10,1,1,0,1,1,0,1,1,0,0,0,0,0,0,0,1,1,0,0,0,1,0,0,0,0,0
period11,1,1,0,1,1,0,1,1,0,0,0,0,0,0,0,1,1,0,0,0,1,0,0,0,0,0
period12,1,1,0,1,1,0,1,1,1,0,0,0,0,0,0,1,1,0,0,0,1,0,0,0,0,0
period13,1,1,0,1,1,0,1,1,1,0,0,0,0,0,0,1,1,0,0,0,1,1,0,0,0,0
period14,1,1,0,1,1,1,1,1,1,0,0,0,0,0,0,1,1,0,0,0,1,1,0,0,0,0
period15,1,1,0,1,1,1,1,1,1,0,0,0,0,0,0,1,1,0,0,0,1,1,0,0,0,0
period16,1,1,0,1,1,1,1,1,1,0,0,0,0,0,0,1,1,0,0,0,1,1,1,0,0,0
period17,1,1,0,1,1,1,1,1,1,0,0,0,0,0,0,1,1,0,0,0,1,1,1,0,0,0
period18,1,1,0,1,1,1,1,1,1,0,0,0,0,0,0,1,1,1,0,0,1,1,1,0,0,0
period19,1,1,0,1,1,1,1,1,1,0,0,0,0,0,0,1,1,1,0,0,1,1,1,0,0,0
period20,1,1,0,1,1,1,1,1,1,0,1,0,0,0,0,1,1,1,0,0,1,1,1,0,0,0
period21,1,1,0,1,1,1,1,1,1,0,1,0,0,0,0,1,1,1,0,0,1,1,1,0,0,0
period22,1,1,0,1,1,1,1,1,1,0,1,0,0,0,1,1,1,1,0,1,1,1,1,0,0,0
period23,1,1,0,1,1,1,1,1,1,0,1,0,0,0,1,1,1,1,0,1,1,1,1,0,0,0
period24,1,1,0,1,1,1,1,1,1,0,1,0,0,0,1,1,1,1,0,1,1,1,1,0,0,0
period25,1,1,0,1,1,1,1,1,1,0,1,0,0,0,1,1,1,1,0,1,1,1,1,0,0,0
period1,0,0,0,0,0,0,0,0,0,0,0,0,0,0,0,0,0,0,0,0,0,0,0,0,0,0
period2,0,0,0,0,0,0,0,0,0,0,0,0,0,0,0,0,0,0,0,0,1,0,0,0,0,0
period3,0,0,0,0,1,0,0,0,0,0,0,0,0,0,0,0,0,0,0,0,1,0,0,0,0,0
period4,0,0,0,0,1,0,0,0,0,0,0,0,0,0,0,1,0,0,0,0,1,0,0,0,0,0
period5,0,0,0,1,1,0,0,0,0,0,0,0,0,0,0,1,0,0,0,0,1,0,0,0,0,0
period6,0,0,0,1,1,0,0,0,0,0,0,0,0,0,0,1,0,0,0,0,1,0,0,0,0,0
period7,0,0,0,1,1,0,0,0,0,0,0,0,0,0,0,1,0,0,0,0,1,0,0,0,0,0
period8,0,0,0,1,1,0,0,0,0,0,0,0,0,0,0,1,0,0,0,0,1,0,0,0,0,0
period9,0,0,0,1,1,0,0,0,0,0,0,0,0,0,0,1,0,0,0,0,1,0,0,0,0,0
period10,0,0,0,1,1,0,0,0,0,0,0,0,0,0,0,1,0,0,0,0,1,0,0,0,0,0
period11,0,0,0,1,1,0,1,0,0,0,0,0,0,0,0,1,0,0,0,0,1,0,0,0,0,0
period12,0,0,0,1,1,0,1,1,0,0,0,0,0,0,0,1,1,0,0,0,1,0,0,0,0,0
period13,0,0,0,1,1,0,1,1,0,0,0,0,0,0,0,1,1,0,0,0,1,0,0,0,0,0
period14,0,0,0,1,1,0,1,1,0,0,0,0,0,0,0,1,1,0,0,0,1,0,0,0,0,0
period15,0,0,0,1,1,0,1,1,0,0,0,0,0,0,0,1,1,0,0,0,1,0,0,0,0,0
period16,0,0,0,1,1,0,1,1,0,0,0,0,0,0,0,1,1,0,0,0,1,0,0,0,0,0
period17,0,0,0,1,1,0,1,1,0,0,0,0,0,0,0,1,1,0,0,0,1,0,0,0,0,0
period18,1,0,0,1,1,1,1,1,1,0,0,0,0,0,0,1,1,1,0,0,1,0,0,0,0,0
period19,1,1,1,1,1,1,1,1,1,0,0,0,0,0,0,1,1,1,0,0,1,0,0,0,0,0
period20,1,1,1,1,1,1,1,1,1,0,0,0,0,0,0,1,1,1,0,0,1,0,1,0,0,0
period21,1,1,1,1,1,1,1,1,1,0,0,0,0,0,0,1,1,1,0,0,1,0,1,0,0,0
period22,1,1,1,1,1,1,1,1,1,0,0,0,0,0,0,1,1,1,0,0,1,0,1,0,0,0
period23,1,1,1,1,1,1,1,1,1,0,1,0,0,0,0,1,1,1,0,0,1,0,1,0,0,0
period24,1,1,1,1,1,1,1,1,1,0,1,0,0,0,1,1,1,1,0,0,1,0,1,0,0,0
period25,1,1,1,1,1,1,1,1,1,0,1,0,0,1,1,1,1,1,1,1,1,0,1,0,0,0
period1,0,0,0,0,0,0,0,0,0,0,0,0,0,0,0,0,0,0,0,0,0,0,0,0,0,0
period2,0,0,0,0,0,0,0,0,0,0,0,0,0,0,0,0,0,0,0,0,1,0,0,0,0,0
period3,0,0,0,0,0,0,0,0,0,0,0,0,0,0,0,0,0,0,0,0,1,0,0,0,0,0
period4,0,0,0,0,1,0,0,0,0,0,0,0,0,0,0,1,0,0,0,0,1,0,0,0,0,0
period5,0,0,0,1,1,0,0,0,0,0,0,0,0,0,0,1,0,0,0,0,1,0,0,0,0,0
period6,0,0,0,1,1,0,0,0,0,0,0,0,0,0,0,1,0,0,0,0,1,0,0,0,0,0
period7,0,0,0,1,1,0,0,0,0,0,0,0,0,0,0,1,0,0,0,0,1,0,0,0,0,0
period8,0,0,0,1,1,0,0,1,0,0,0,0,0,0,0,1,0,0,0,0,1,0,0,0,0,0
period9,0,0,0,1,1,0,0,1,0,0,0,0,0,0,0,1,0,0,0,0,1,0,0,0,0,0
period10,0,0,0,1,1,1,1,1,1,0,0,0,0,0,0,1,0,0,0,0,1,0,1,0,0,0
period11,1,0,1,1,1,1,1,1,1,0,0,0,0,0,0,1,1,0,0,0,1,0,1,0,0,0
period12,1,1,1,1,1,1,1,1,1,0,0,0,0,0,0,1,1,0,0,0,1,0,1,0,0,0
period13,1,1,1,1,1,1,1,1,1,0,0,0,0,0,0,1,1,0,0,0,1,0,1,0,0,0
period14,1,1,1,1,1,1,1,1,1,0,0,0,0,0,0,1,1,0,0,0,1,0,1,0,0,0
period15,1,1,1,1,1,1,1,1,1,0,0,0,0,0,0,1,1,0,0,0,1,0,1,0,0,0
period16,1,1,1,1,1,1,1,1,1,0,0,0,0,0,0,1,1,0,0,0,1,0,1,0,0,0
period17,1,1,1,1,1,1,1,1,1,0,0,0,0,0,0,1,1,1,0,0,1,0,1,0,0,0
period18,1,1,1,1,1,1,1,1,1,0,0,0,0,0,0,1,1,1,0,0,1,0,1,0,0,0
period19,1,1,1,1,1,1,1,1,1,0,0,0,0,0,0,1,1,1,0,0,1,0,1,0,0,0
period20,1,1,1,1,1,1,1,1,1,0,1,0,0,0,0,1,1,1,0,0,1,0,1,0,0,0
period21,1,1,1,1,1,1,1,1,1,0,1,0,0,0,1,1,1,1,0,0,1,0,1,0,0,0
period22,1,1,1,1,1,1,1,1,1,0,1,0,0,0,1,1,1,1,0,0,1,0,1,0,0,0
period23,1,1,1,1,1,1,1,1,1,0,1,0,0,0,1,1,1,1,0,1,1,0,1,0,0,0
period24,1,1,1,1,1,1,1,1,1,0,1,0,0,0,1,1,1,1,0,1,1,0,1,0,0,0
period25,1,1,1,1,1,1,1,1,1,0,1,0,1,1,1,1,1,1,1,1,1,0,1,0,0,0
period1,0,0,0,0,0,0,0,0,0,0,0,0,0,0,0,0,0,0,0,0,0,0,0,0,0,0
period2,0,0,0,0,0,0,0,0,0,0,0,0,0,0,0,0,0,0,0,0,0,0,0,0,0,0
period3,0,0,0,1,1,0,0,0,0,0,0,0,0,0,0,0,0,0,0,0,1,0,0,0,0,0
period4,0,0,0,1,1,0,0,0,0,0,0,0,0,0,0,1,0,0,0,0,1,0,0,0,0,0
period5,0,0,0,1,1,0,0,0,0,0,0,0,0,0,0,1,0,0,0,0,1,0,0,0,0,0
period6,0,0,0,1,1,0,0,0,0,0,0,0,0,0,0,1,0,0,0,0,1,0,0,0,0,0
period7,0,0,0,1,1,0,0,0,0,0,0,0,0,0,0,1,0,0,0,0,1,0,0,0,0,0
period8,0,0,0,1,1,0,0,1,0,0,0,0,0,0,0,1,0,0,0,0,1,0,0,0,0,0
period9,0,0,0,1,1,0,0,1,0,0,0,0,0,0,0,1,0,0,0,0,1,0,0,0,0,0
period10,0,0,0,1,1,0,0,1,1,0,0,0,0,0,0,1,0,0,0,0,1,0,0,0,0,0
period11,0,0,0,1,1,1,1,1,1,0,0,0,0,0,0,1,0,0,0,0,1,0,1,0,0,0
period12,1,1,0,1,1,1,1,1,1,0,0,0,0,0,0,1,0,0,0,0,1,1,1,0,0,0
period13,1,1,0,1,1,1,1,1,1,0,0,0,0,0,0,1,0,0,0,0,1,1,1,0,0,0
period14,1,1,0,1,1,1,1,1,1,0,0,0,0,0,0,1,0,0,0,0,1,1,1,0,0,0
period15,1,1,0,1,1,1,1,1,1,0,0,0,0,0,0,1,0,0,0,0,1,1,1,0,0,0
period16,1,1,0,1,1,1,1,1,1,0,0,0,0,0,0,1,0,0,0,0,1,1,1,0,0,0
period17,1,1,0,1,1,1,1,1,1,0,0,0,0,0,0,1,0,0,0,0,1,1,1,0,0,0
period18,1,1,0,1,1,1,1,1,1,0,0,0,0,0,0,1,0,0,0,0,1,1,1,0,0,0
period19,1,1,0,1,1,1,1,1,1,0,0,0,0,0,0,1,0,0,0,0,1,1,1,0,0,0
period1,0,0,0,0,0,0,0,0,0,0,0,0,0,0,0,0,0,0,0,0,0,0,0,0,0,0
period2,0,0,0,0,0,0,0,0,0,0,0,0,0,0,0,0,0,0,0,0,0,0,0,0,0,0
period3,0,0,0,1,0,0,0,0,0,0,0,0,0,0,0,0,0,0,0,0,1,0,0,0,0,0
period4,0,0,0,1,1,0,0,0,0,0,0,0,0,0,0,1,0,0,0,0,1,0,0,0,0,0
period5,0,0,0,1,1,0,0,0,0,0,0,0,0,0,0,1,0,0,0,0,1,0,0,0,0,0
period6,0,0,0,1,1,0,0,0,0,0,0,0,0,0,0,1,0,0,0,0,1,0,0,0,0,0
period7,0,0,0,1,1,0,0,0,0,0,0,0,0,0,0,1,0,0,0,0,1,0,0,0,0,0
period8,0,0,0,1,1,0,1,0,0,0,0,0,0,0,0,1,0,0,0,0,1,0,0,0,0,0
period9,0,0,0,1,1,0,1,1,0,0,0,0,0,0,0,1,1,0,0,0,1,0,0,0,0,0
period10,0,0,0,1,1,0,1,1,0,0,0,0,0,0,0,1,1,0,0,0,1,0,0,0,0,0
period11,0,0,0,1,1,0,1,1,1,0,0,0,0,0,0,1,1,0,0,0,1,0,1,0,0,0
period12,0,0,0,1,1,0,1,1,1,0,0,0,0,0,0,1,1,0,0,0,1,0,1,0,0,0
period13,0,0,0,1,1,0,1,1,1,0,0,0,0,0,0,1,1,0,0,0,1,0,1,0,0,0
period14,0,0,0,1,1,0,1,1,1,0,0,0,0,0,0,1,1,1,0,0,1,0,1,0,0,0
period15,0,0,0,1,1,0,1,1,1,0,0,0,0,0,0,1,1,1,0,0,1,0,1,0,0,0
period16,0,0,0,1,1,0,1,1,1,0,0,0,0,0,0,1,1,1,0,0,1,0,1,0,0,0
period17,1,1,0,1,1,0,1,1,1,0,0,0,0,0,0,1,1,1,0,0,1,0,1,0,0,0
period18,1,1,0,1,1,1,1,1,1,0,0,0,0,0,0,1,1,1,0,0,1,0,1,0,0,0
period19,1,1,0,1,1,1,1,1,1,0,0,0,0,0,0,1,1,1,0,0,1,0,1,0,0,0
period20,1,1,1,1,1,1,1,1,1,0,0,0,0,0,0,1,1,1,0,0,1,0,1,0,0,0
period21,1,1,1,1,1,1,1,1,1,0,0,0,0,0,0,1,1,1,0,0,1,0,1,0,0,0
period22,1,1,1,1,1,1,1,1,1,0,0,0,0,0,0,1,1,1,0,0,1,0,1,0,0,0
period23,1,1,1,1,1,1,1,1,1,0,0,0,0,0,0,1,1,1,0,0,1,0,1,0,0,0
period24,1,1,1,1,1,1,1,1,1,0,0,0,0,0,0,1,1,1,0,0,1,0,1,0,0,0
period25,1,1,1,1,1,1,1,1,1,0,1,1,0,1,1,1,1,1,1,1,1,1,1,0,1,0
period1,0,0,0,0,0,0,0,0,0,0,0,0,0,0,0,0,0,0,0,0,0,0,0,0,0,0
period2,0,0,0,0,0,0,0,0,0,0,0,0,0,0,0,0,0,0,0,0,1,0,0,0,0,0
period3,0,0,0,0,0,0,0,0,0,0,0,0,0,0,0,0,0,0,0,0,1,0,0,0,0,0
period4,0,0,0,0,0,0,0,0,0,0,0,0,0,0,0,0,0,0,0,0,1,0,0,0,0,0
period5,0,0,0,1,1,0,0,0,0,0,0,0,0,0,0,0,0,0,0,0,1,0,0,0,0,0
period6,0,0,0,1,1,0,0,0,0,0,0,0,0,0,0,1,0,0,0,0,1,0,0,0,0,0
period7,0,0,0,1,1,0,0,1,0,0,0,0,0,0,0,1,0,0,0,0,1,0,0,0,0,0
period8,0,0,0,1,1,0,1,1,0,0,0,0,0,0,0,1,0,0,0,0,1,0,0,0,0,0
period9,0,0,0,1,1,0,1,1,1,0,0,0,0,0,0,1,1,0,0,0,1,0,0,0,0,0
period10,1,1,0,1,1,0,1,1,1,0,0,0,0,0,0,1,1,0,0,0,1,0,0,0,0,0
period11,1,1,0,1,1,1,1,1,1,0,0,0,0,0,0,1,1,0,0,0,1,0,1,0,0,0
period12,1,1,0,1,1,1,1,1,1,0,0,0,0,0,0,1,1,0,0,0,1,0,1,0,0,0
period13,1,1,0,1,1,1,1,1,1,0,0,0,0,0,0,1,1,1,0,0,1,0,1,0,0,0
period14,1,1,0,1,1,1,1,1,1,0,0,0,0,0,0,1,1,1,0,0,1,0,1,0,0,0
period15,1,1,0,1,1,1,1,1,1,0,0,0,0,0,0,1,1,1,0,0,1,0,1,0,0,0
period16,1,1,0,1,1,1,1,1,1,0,0,0,0,0,0,1,1,1,0,0,1,0,1,0,0,0
period17,1,1,0,1,1,1,1,1,1,0,0,0,0,0,0,1,1,1,0,0,1,0,1,0,0,0
period18,1,1,0,1,1,1,1,1,1,0,1,0,0,0,0,1,1,1,0,0,1,0,1,0,0,0
period19,1,1,0,1,1,1,1,1,1,0,1,0,0,0,0,1,1,1,0,0,1,0,1,0,0,0
period20,1,1,0,1,1,1,1,1,1,0,1,0,0,0,1,1,1,1,0,0,1,0,1,0,0,0
period21,1,1,0,1,1,1,1,1,1,0,1,0,0,0,1,1,1,1,0,0,1,0,1,0,0,0
period22,1,1,0,1,1,1,1,1,1,0,1,0,0,0,1,1,1,1,0,1,1,0,1,0,0,0
period23,1,1,0,1,1,1,1,1,1,0,1,0,0,1,1,1,1,1,0,1,1,0,1,0,0,0
period24,1,1,0,1,1,1,1,1,1,0,1,0,0,1,1,1,1,1,0,1,1,0,1,0,0,0
period25,1,1,1,1,1,1,1,1,1,0,1,0,0,1,1,1,1,1,1,1,1,0,1,0,0,0
period1,0,0,0,0,0,0,0,0,0,0,0,0,0,0,0,0,0,0,0,0,0,0,0,0,0,0
period2,0,0,0,0,0,0,0,0,0,0,0,0,0,0,0,0,0,0,0,0,0,0,0,0,0,0
period3,0,0,0,0,1,0,0,0,0,0,0,0,0,0,0,0,0,0,0,0,1,0,0,0,0,0
period4,0,0,0,0,1,0,0,0,0,0,0,0,0,0,0,1,0,0,0,0,1,0,0,0,0,0
period5,0,0,0,1,1,0,0,0,0,0,0,0,0,0,0,1,0,0,0,0,1,0,0,0,0,0
period6,0,0,0,1,1,0,0,0,0,0,0,0,0,0,0,1,0,0,0,0,1,0,0,0,0,0
period7,0,0,0,1,1,0,0,1,0,0,0,0,0,0,0,1,0,0,0,0,1,0,0,0,0,0
period8,0,0,0,1,1,0,0,1,0,0,0,0,0,0,0,1,0,0,0,0,1,0,0,0,0,0
period9,0,0,0,1,1,0,0,1,1,0,0,0,0,0,0,1,0,0,0,0,1,0,0,0,0,0
period10,0,0,0,1,1,1,1,1,1,0,0,0,0,0,0,1,0,0,0,0,1,0,1,0,0,0
period11,1,0,0,1,1,1,1,1,1,0,0,0,0,0,0,1,0,0,0,0,1,0,1,0,0,0
period12,1,0,1,1,1,1,1,1,1,0,0,0,0,0,0,1,0,0,0,0,1,0,1,0,0,0
period13,1,1,1,1,1,1,1,1,1,0,0,0,0,0,0,1,1,0,0,0,1,0,1,0,0,0
period14,1,1,1,1,1,1,1,1,1,0,0,0,0,0,0,1,1,0,0,0,1,0,1,0,0,0
period15,1,1,1,1,1,1,1,1,1,0,0,0,0,0,0,1,1,0,0,0,1,0,1,0,0,0
period16,1,1,1,1,1,1,1,1,1,0,0,0,0,0,0,1,1,0,0,0,1,0,1,0,0,0
period17,1,1,1,1,1,1,1,1,1,0,0,0,0,0,0,1,1,0,0,0,1,0,1,0,0,0
period18,1,1,1,1,1,1,1,1,1,0,0,0,0,0,0,1,1,0,0,0,1,0,1,0,0,0
period19,1,1,1,1,1,1,1,1,1,0,0,0,0,0,0,1,1,0,0,0,1,0,1,0,0,0
period20,1,1,1,1,1,1,1,1,1,0,0,0,0,0,0,1,1,0,0,0,1,0,1,0,0,0
period21,1,1,1,1,1,1,1,1,1,0,0,0,0,0,0,1,1,1,0,0,1,0,1,0,0,0
period22,1,1,1,1,1,1,1,1,1,0,1,0,0,0,0,1,1,1,0,0,1,0,1,0,0,0
period23,1,1,1,1,1,1,1,1,1,0,1,0,0,0,0,1,1,1,0,0,1,0,1,0,0,0
period24,1,1,1,1,1,1,1,1,1,0,1,0,0,0,1,1,1,1,0,0,1,0,1,0,0,0
period25,1,1,1,1,1,1,1,1,1,0,1,1,0,0,1,1,1,1,0,1,1,1,1,0,0,1
period1,0,0,0,0,0,0,0,0,0,0,0,0,0,0,0,0,0,0,0,0,0,0,0,0,0,0
period2,0,0,0,0,0,0,0,0,0,0,0,0,0,0,0,0,0,0,0,0,1,0,0,0,0,0
period3,0,0,0,0,0,0,0,0,0,0,0,0,0,0,0,0,0,0,0,0,1,0,0,0,0,0
period4,0,0,0,0,0,0,0,0,0,0,0,0,0,0,0,0,0,0,0,0,1,0,0,0,0,0
period5,0,0,0,1,1,0,0,0,0,0,0,0,0,0,0,1,0,0,0,0,1,0,0,0,0,0
period6,0,0,0,1,1,0,0,0,0,0,0,0,0,0,0,1,0,0,0,0,1,0,0,0,0,0
period7,0,0,0,1,1,0,0,1,0,0,0,0,0,0,0,1,0,0,0,0,1,0,0,0,0,0
period8,0,0,0,1,1,0,0,1,0,0,0,0,0,0,0,1,0,0,0,0,1,0,0,0,0,0
period9,0,0,0,1,1,0,0,1,1,0,0,0,0,0,0,1,0,0,0,0,1,0,0,0,0,0
period10,1,1,0,1,1,1,0,1,1,0,0,0,0,0,0,1,0,0,0,0,1,0,1,0,0,0
period11,1,1,0,1,1,1,0,1,1,0,0,0,0,0,0,1,0,0,0,0,1,0,1,0,0,0
period12,1,1,0,1,1,1,0,1,1,0,0,0,0,0,0,1,0,0,0,0,1,0,1,0,0,0
period13,1,1,0,1,1,1,0,1,1,0,0,0,0,0,0,1,0,0,0,0,1,1,1,0,0,0
period14,1,1,0,1,1,1,0,1,1,0,0,0,0,0,0,1,0,0,0,0,1,1,1,0,0,0
period15,1,1,0,1,1,1,0,1,1,0,0,0,0,0,0,1,0,0,0,0,1,1,1,0,0,0
period16,1,1,0,1,1,1,0,1,1,0,0,0,0,0,0,1,0,0,0,0,1,1,1,0,0,0
period17,1,1,0,1,1,1,0,1,1,0,0,0,0,0,0,1,0,0,0,0,1,1,1,0,0,0
period18,1,1,0,1,1,1,0,1,1,0,0,0,0,0,0,1,0,0,0,0,1,1,1,0,0,0
period19,1,1,0,1,1,1,0,1,1,0,1,0,0,0,0,1,0,0,0,0,1,1,1,0,0,0
period20,1,1,0,1,1,1,0,1,1,0,1,0,0,0,0,1,0,0,0,0,1,1,1,0,0,0
period1,0,0,0,0,0,0,0,0,0,0,0,0,0,0,0,0,0,0,0,0,0,0,0,0,0,0
period2,0,0,0,0,0,0,0,0,0,0,0,0,0,0,0,0,0,0,0,0,1,0,0,0,0,0
period3,0,0,0,0,0,0,0,0,0,0,0,0,0,0,0,0,0,0,0,0,1,0,0,0,0,0
period4,0,0,0,0,1,0,0,0,0,0,0,0,0,0,0,1,0,0,0,0,1,0,0,0,0,0
period5,0,0,0,0,1,0,0,0,0,0,0,0,0,0,0,1,0,0,0,0,1,0,0,0,0,0
period6,1,1,0,0,1,0,0,0,0,0,0,0,0,0,0,1,0,0,0,0,1,0,0,0,0,0
period7,1,1,0,0,1,0,0,0,0,0,0,0,0,0,0,1,0,0,0,0,1,0,0,0,0,0
period8,1,1,0,1,1,0,0,0,0,0,0,0,0,0,0,1,0,0,0,0,1,0,0,0,0,0
period9,1,1,0,1,1,0,0,0,0,0,0,0,0,0,0,1,0,0,0,0,1,0,0,0,0,0
period10,1,1,0,1,1,0,0,1,0,0,0,0,0,0,0,1,0,0,0,0,1,0,0,0,0,0
period11,1,1,0,1,1,0,0,1,0,0,0,0,0,0,0,1,0,0,0,0,1,0,0,0,0,0
period12,1,1,0,1,1,0,0,1,0,0,0,0,0,0,0,1,0,0,0,0,1,0,0,0,0,0
period13,1,1,0,1,1,0,0,1,1,0,0,0,0,0,0,1,0,0,0,0,1,1,0,0,0,0
period14,1,1,0,1,1,0,0,1,1,0,0,0,0,0,0,1,0,0,0,0,1,1,0,0,0,0
period15,1,1,0,1,1,0,0,1,1,0,0,0,0,0,0,1,0,0,0,0,1,1,0,0,0,0
period16,1,1,0,1,1,0,0,1,1,0,0,0,0,0,0,1,0,0,0,0,1,1,0,0,0,0
period17,1,1,0,1,1,0,0,1,1,0,0,0,0,0,0,1,0,0,0,0,1,1,0,0,0,0
period18,1,1,0,1,1,0,0,1,1,0,0,0,0,0,0,1,0,0,0,0,1,1,0,0,0,0
period19,1,1,0,1,1,0,0,1,1,0,0,0,0,0,0,1,0,0,0,0,1,1,0,0,0,0
period20,1,1,0,1,1,0,0,1,1,0,0,0,0,0,0,1,0,0,0,0,1,1,0,0,0,0
period21,1,1,0,1,1,0,0,1,1,0,0,0,0,0,0,1,0,0,0,0,1,1,0,0,0,0
period22,1,1,0,1,1,0,0,1,1,0,0,0,0,0,0,1,0,0,0,0,1,1,0,0,0,0
period23,1,1,0,1,1,0,0,1,1,0,0,0,0,0,0,1,0,0,0,0,1,1,0,0,0,0
period24,1,1,0,1,1,0,0,1,1,0,0,0,0,0,0,1,0,0,0,0,1,1,0,0,0,0
period25,1,1,0,1,1,0,0,1,1,0,1,1,0,0,0,1,0,0,0,0,1,1,0,0,1,0
period1,0,0,0,0,0,0,0,0,0,0,0,0,0,0,0,0,0,0,0,0,0,0,0,0,0,0
period2,0,0,0,0,0,0,0,0,0,0,0,0,0,0,0,0,0,0,0,0,0,0,0,0,0,0
period3,0,0,0,0,1,0,0,0,0,0,0,0,0,0,0,0,0,0,0,0,1,0,0,0,0,0
period4,0,0,0,0,1,0,0,0,0,0,0,0,0,0,0,1,0,0,0,0,1,0,0,0,0,0
period5,0,0,0,0,1,0,0,0,0,0,0,0,0,0,0,1,0,0,0,0,1,0,0,0,0,0
period6,0,0,0,1,1,0,0,0,0,0,0,0,0,0,0,1,0,0,0,0,1,0,0,0,0,0
period7,0,0,0,1,1,0,0,0,0,0,0,0,0,0,0,1,0,0,0,0,1,0,0,0,0,0
period8,0,0,0,1,1,0,0,1,0,0,0,0,0,0,0,1,0,0,0,0,1,0,0,0,0,0
period9,0,0,0,1,1,0,0,1,0,0,0,0,0,0,0,1,0,0,0,0,1,0,0,0,0,0
period10,0,0,0,1,1,0,0,1,1,0,0,0,0,0,0,1,0,0,0,0,1,0,1,0,0,0
period11,1,1,0,1,1,1,1,1,1,0,0,0,0,0,0,1,0,0,0,0,1,0,1,0,0,0
period12,1,1,1,1,1,1,1,1,1,0,0,0,0,0,0,1,1,0,0,0,1,0,1,0,0,0
period13,1,1,1,1,1,1,1,1,1,0,0,0,0,0,0,1,1,0,0,0,1,0,1,0,0,0
period14,1,1,1,1,1,1,1,1,1,0,0,0,0,0,0,1,1,0,0,0,1,0,1,0,0,0
period15,1,1,1,1,1,1,1,1,1,0,0,0,0,0,0,1,1,0,0,0,1,0,1,0,0,0
period16,1,1,1,1,1,1,1,1,1,0,0,0,0,0,0,1,1,0,0,0,1,0,1,0,0,0
period17,1,1,1,1,1,1,1,1,1,0,0,0,0,0,0,1,1,0,0,0,1,0,1,0,0,0
period18,1,1,1,1,1,1,1,1,1,0,0,0,0,0,0,1,1,0,0,0,1,0,1,0,0,0
period19,1,1,1,1,1,1,1,1,1,0,0,0,0,0,0,1,1,0,0,0,1,0,1,0,0,0
period20,1,1,1,1,1,1,1,1,1,0,0,0,0,0,0,1,1,0,0,0,1,0,1,0,0,0
period21,1,1,1,1,1,1,1,1,1,0,0,0,0,0,0,1,1,0,0,0,1,0,1,0,0,0
period22,1,1,1,1,1,1,1,1,1,0,0,0,0,0,0,1,1,0,0,0,1,0,1,0,0,0
period23,1,1,1,1,1,1,1,1,1,0,1,0,0,0,0,1,1,1,0,0,1,0,1,0,0,0
period24,1,1,1,1,1,1,1,1,1,0,1,0,0,0,0,1,1,1,0,0,1,0,1,0,0,0
period25,1,1,1,1,1,1,1,1,1,0,1,0,0,1,1,1,1,1,1,1,1,0,1,0,0,0
period1,0,0,0,0,0,0,0,0,0,0,0,0,0,0,0,0,0,0,0,0,0,0,0,0,0,0
period2,0,0,0,0,0,0,0,0,0,0,0,0,0,0,0,0,0,0,0,0,1,0,0,0,0,0
period3,0,0,0,0,0,0,0,0,0,0,0,0,0,0,0,0,0,0,0,0,1,0,0,0,0,0
period4,0,0,0,0,1,0,0,0,0,0,0,0,0,0,0,1,0,0,0,0,1,0,0,0,0,0
period5,0,0,0,1,1,0,0,0,0,0,0,0,0,0,0,1,0,0,0,0,1,0,0,0,0,0
period6,0,0,0,1,1,0,0,0,0,0,0,0,0,0,0,1,0,0,0,0,1,0,0,0,0,0
period7,0,0,0,1,1,0,0,0,0,0,0,0,0,0,0,1,0,0,0,0,1,0,0,0,0,0
period8,0,0,0,1,1,0,0,1,0,0,0,0,0,0,0,1,0,0,0,0,1,0,0,0,0,0
period9,0,0,0,1,1,0,0,1,0,0,0,0,0,0,0,1,0,0,0,0,1,0,0,0,0,0
period10,1,0,0,1,1,0,1,1,1,0,0,0,0,0,0,1,0,0,0,0,1,0,1,0,0,0
period11,1,1,0,1,1,1,1,1,1,0,0,0,0,0,0,1,1,0,0,0,1,0,1,0,0,0
period12,1,1,0,1,1,1,1,1,1,0,0,0,0,0,0,1,1,0,0,0,1,0,1,0,0,0
period13,1,1,0,1,1,1,1,1,1,0,0,0,0,0,0,1,1,0,0,0,1,0,1,0,0,0
period14,1,1,0,1,1,1,1,1,1,0,0,0,0,0,0,1,1,0,0,0,1,0,1,0,0,0
period15,1,1,0,1,1,1,1,1,1,0,0,0,0,0,0,1,1,0,0,0,1,0,1,0,0,0
period16,1,1,0,1,1,1,1,1,1,0,0,0,0,0,0,1,1,1,0,0,1,0,1,0,0,0
period17,1,1,0,1,1,1,1,1,1,0,0,0,0,0,0,1,1,1,0,0,1,0,1,0,0,0
period18,1,1,0,1,1,1,1,1,1,0,0,0,0,0,0,1,1,1,0,0,1,0,1,0,0,0
period19,1,1,0,1,1,1,1,1,1,0,0,0,0,0,0,1,1,1,0,0,1,0,1,0,0,0
period20,1,1,0,1,1,1,1,1,1,0,0,0,0,0,0,1,1,1,0,0,1,0,1,0,0,0
period21,1,1,0,1,1,1,1,1,1,0,1,0,0,0,0,1,1,1,0,0,1,0,1,0,0,0
period22,1,1,0,1,1,1,1,1,1,0,1,0,0,0,0,1,1,1,0,0,1,0,1,0,0,0
period23,1,1,0,1,1,1,1,1,1,0,1,0,0,0,1,1,1,1,0,0,1,0,1,0,0,0
period24,1,1,1,1,1,1,1,1,1,0,1,0,0,1,1,1,1,1,0,1,1,0,1,0,0,0
period25,1,1,1,1,1,1,1,1,1,0,1,0,0,1,1,1,1,1,1,1,1,0,1,0,0,0
period1,0,0,0,0,0,0,0,0,0,0,0,0,0,0,0,0,0,0,0,0,0,0,0,0,0,0
period2,0,0,0,0,0,0,0,0,0,0,0,0,0,0,0,0,0,0,0,0,1,0,0,0,0,0
period3,0,0,0,0,0,0,0,0,0,0,0,0,0,0,0,0,0,0,0,0,1,0,0,0,0,0
period4,0,0,0,0,1,0,0,0,0,0,0,0,0,0,0,1,0,0,0,0,1,0,0,0,0,0
period5,0,0,0,0,1,0,0,0,0,0,0,0,0,0,0,1,0,0,0,0,1,0,0,0,0,0
period6,0,0,0,1,1,0,0,0,0,0,0,0,0,0,0,1,0,0,0,0,1,0,0,0,0,0
period7,0,0,0,1,1,0,1,0,0,0,0,0,0,0,0,1,0,0,0,0,1,0,0,0,0,0
period8,0,0,0,1,1,0,1,0,0,0,0,0,0,0,0,1,1,0,0,0,1,0,0,0,0,0
period9,0,0,0,1,1,0,1,0,0,0,0,0,0,0,0,1,1,0,0,0,1,0,0,0,0,0
period10,0,0,0,1,1,0,1,0,0,0,0,0,0,0,0,1,1,0,0,0,1,0,0,0,0,0
period11,0,0,0,1,1,0,1,0,0,0,0,0,0,0,0,1,1,0,0,0,1,0,0,0,0,0
period12,1,0,0,1,1,0,1,1,0,0,0,0,0,0,0,1,1,0,0,0,1,0,0,0,0,0
period13,1,1,0,1,1,1,1,1,0,0,0,0,0,0,0,1,1,0,0,0,1,0,0,0,0,0
period14,1,1,0,1,1,1,1,1,0,0,0,0,0,0,0,1,1,0,0,0,1,0,0,0,0,0
period15,1,1,0,1,1,1,1,1,0,0,0,0,0,0,0,1,1,0,0,0,1,0,0,0,0,0
period16,1,1,0,1,1,1,1,1,0,0,0,0,0,0,0,1,1,0,0,0,1,0,0,0,0,0
period17,1,1,0,1,1,1,1,1,0,0,0,0,0,0,0,1,1,0,0,0,1,0,0,0,0,0
period18,1,1,0,1,1,1,1,1,0,0,0,0,0,0,0,1,1,0,0,0,1,0,0,0,0,0
period19,1,1,0,1,1,1,1,1,0,0,0,0,0,0,0,1,1,0,0,0,1,0,0,0,0,0
period20,1,1,0,1,1,1,1,1,0,0,0,0,0,0,0,1,1,0,0,0,1,0,0,0,0,0
period21,1,1,0,1,1,1,1,1,0,0,0,0,0,0,0,1,1,0,0,0,1,0,0,0,0,0
period22,1,1,0,1,1,1,1,1,1,0,0,0,0,0,0,1,1,0,0,0,1,0,1,0,0,0
period23,1,1,0,1,1,1,1,1,1,0,0,0,0,0,0,1,1,0,0,0,1,0,1,0,0,0
period24,1,1,0,1,1,1,1,1,1,0,1,0,0,0,0,1,1,0,0,0,1,0,1,0,0,0
period25,1,1,0,1,1,1,1,1,1,0,1,0,0,0,0,1,1,1,0,0,1,0,1,0,0,0
period1,0,0,0,0,0,0,0,0,0,0,0,0,0,0,0,0,0,0,0,0,0,0,0,0,0,0
period2,0,0,0,0,0,0,0,0,0,0,0,0,0,0,0,0,0,0,0,0,1,0,0,0,0,0
period3,0,0,0,0,0,0,0,0,0,0,0,0,0,0,0,0,0,0,0,0,1,0,0,0,0,0
period4,0,0,0,0,1,0,0,0,0,0,0,0,0,0,0,1,0,0,0,0,1,0,0,0,0,0
period5,0,0,0,0,1,0,0,0,0,0,0,0,0,0,0,1,0,0,0,0,1,0,0,0,0,0
period6,0,0,0,1,1,0,0,0,0,0,0,0,0,0,0,1,0,0,0,0,1,0,0,0,0,0
period7,0,0,0,1,1,0,0,0,0,0,0,0,0,0,0,1,0,0,0,0,1,0,0,0,0,0
period8,0,0,0,1,1,0,0,1,0,0,0,0,0,0,0,1,0,0,0,0,1,0,0,0,0,0
period9,1,0,0,1,1,0,0,1,0,0,0,0,0,0,0,1,0,0,0,0,1,0,0,0,0,0
period10,1,1,0,1,1,0,0,1,1,0,0,0,0,0,0,1,0,0,0,0,1,0,1,0,0,0
period11,1,1,0,1,1,1,0,1,1,0,0,0,0,0,0,1,0,0,0,0,1,0,1,0,0,0
period12,1,1,0,1,1,1,0,1,1,0,0,0,0,0,0,1,0,0,0,0,1,0,1,0,0,0
period13,1,1,0,1,1,1,1,1,1,0,0,0,0,0,0,1,0,0,0,0,1,0,1,0,0,0
period14,1,1,0,1,1,1,1,1,1,0,0,0,0,0,0,1,1,0,0,0,1,0,1,0,0,0
period15,1,1,0,1,1,1,1,1,1,0,0,0,0,0,0,1,1,0,0,0,1,0,1,0,0,0
period16,1,1,0,1,1,1,1,1,1,0,0,0,0,0,0,1,1,0,0,0,1,0,1,0,0,0
period17,1,1,0,1,1,1,1,1,1,0,0,0,0,0,0,1,1,0,0,0,1,0,1,0,0,0
period18,1,1,0,1,1,1,1,1,1,0,0,0,0,0,0,1,1,0,0,0,1,0,1,0,0,0
period19,1,1,0,1,1,1,1,1,1,0,0,0,0,0,0,1,1,0,0,0,1,0,1,0,0,0
period20,1,1,1,1,1,1,1,1,1,0,0,0,0,0,0,1,1,1,0,0,1,0,1,0,0,0
period21,1,1,1,1,1,1,1,1,1,0,0,0,0,0,0,1,1,1,0,0,1,0,1,0,0,0
period22,1,1,1,1,1,1,1,1,1,0,1,0,0,0,0,1,1,1,0,0,1,0,1,0,0,0
period23,1,1,1,1,1,1,1,1,1,0,1,0,0,0,1,1,1,1,0,0,1,0,1,0,0,0
period24,1,1,1,1,1,1,1,1,1,0,1,0,0,0,1,1,1,1,0,0,1,0,1,0,0,0
period25,1,1,1,1,1,1,1,1,1,0,1,0,1,0,1,1,1,1,0,1,1,0,1,0,0,0
period1,0,0,0,0,0,0,0,0,0,0,0,0,0,0,0,0,0,0,0,0,0,0,0,0,0,0
period2,0,0,0,0,0,0,0,0,0,0,0,0,0,0,0,0,0,0,0,0,0,0,0,0,0,0
period3,0,0,0,0,1,0,0,0,0,0,0,0,0,0,0,0,0,0,0,0,1,0,0,0,0,0
period4,0,0,0,0,1,0,0,0,0,0,0,0,0,0,0,1,0,0,0,0,1,0,0,0,0,0
period5,0,0,0,1,1,0,0,0,0,0,0,0,0,0,0,1,0,0,0,0,1,0,0,0,0,0
period6,0,0,0,1,1,0,0,0,0,0,0,0,0,0,0,1,0,0,0,0,1,0,0,0,0,0
period7,0,0,0,1,1,0,0,1,0,0,0,0,0,0,0,1,0,0,0,0,1,0,0,0,0,0
period8,0,0,0,1,1,0,0,1,0,0,0,0,0,0,0,1,0,0,0,0,1,0,0,0,0,0
period9,0,0,0,1,1,0,0,1,1,0,0,0,0,0,0,1,0,0,0,0,1,0,0,0,0,0
period10,1,0,0,1,1,1,1,1,1,0,0,0,0,0,0,1,0,0,0,0,1,0,1,0,0,0
period11,1,1,0,1,1,1,1,1,1,0,0,0,0,0,0,1,1,0,0,0,1,0,1,0,0,0
period12,1,1,0,1,1,1,1,1,1,0,0,0,0,0,0,1,1,0,0,0,1,0,1,0,0,0
period13,1,1,0,1,1,1,1,1,1,0,0,0,0,0,0,1,1,1,0,0,1,0,1,0,0,0
period14,1,1,0,1,1,1,1,1,1,0,0,0,0,0,0,1,1,1,0,0,1,0,1,0,0,0
period15,1,1,1,1,1,1,1,1,1,0,0,0,0,0,0,1,1,1,0,0,1,0,1,0,0,0
period16,1,1,1,1,1,1,1,1,1,0,1,0,0,0,0,1,1,1,0,0,1,0,1,0,0,0
period17,1,1,1,1,1,1,1,1,1,0,1,0,0,0,0,1,1,1,0,0,1,0,1,0,0,0
period18,1,1,1,1,1,1,1,1,1,0,1,0,0,0,1,1,1,1,0,0,1,0,1,0,0,0
period19,1,1,1,1,1,1,1,1,1,0,1,0,0,0,1,1,1,1,0,1,1,0,1,0,0,0
period20,1,1,1,1,1,1,1,1,1,0,1,0,0,1,1,1,1,1,0,1,1,0,1,0,0,0
period21,1,1,1,1,1,1,1,1,1,0,1,0,0,1,1,1,1,1,0,1,1,0,1,0,0,0
period22,1,1,1,1,1,1,1,1,1,0,1,0,0,1,1,1,1,1,0,1,1,0,1,0,0,0
period23,1,1,1,1,1,1,1,1,1,0,1,0,0,1,1,1,1,1,0,1,1,0,1,0,0,0
period24,1,1,1,1,1,1,1,1,1,0,1,0,0,1,1,1,1,1,0,1,1,0,1,0,0,0
period25,1,1,1,1,1,1,1,1,1,0,1,0,0,1,1,1,1,1,1,1,1,0,1,0,0,0
period1,0,0,0,0,0,0,0,0,0,0,0,0,0,0,0,0,0,0,0,0,0,0,0,0,0,0
period2,0,0,0,0,0,0,0,0,0,0,0,0,0,0,0,0,0,0,0,0,0,0,0,0,0,0
period3,0,0,0,1,0,0,0,0,0,0,0,0,0,0,0,0,0,0,0,0,1,0,0,0,0,0
period4,0,0,0,1,1,0,0,0,0,0,0,0,0,0,0,1,0,0,0,0,1,0,0,0,0,0
period5,0,0,0,1,1,0,0,0,0,0,0,0,0,0,0,1,0,0,0,0,1,0,0,0,0,0
period6,0,0,0,1,1,0,0,0,0,0,0,0,0,0,0,1,0,0,0,0,1,0,0,0,0,0
period7,0,0,0,1,1,0,0,0,0,0,0,0,0,0,0,1,0,0,0,0,1,0,0,0,0,0
period8,0,0,0,1,1,0,0,1,0,0,0,0,0,0,0,1,0,0,0,0,1,0,0,0,0,0
period9,0,0,0,1,1,0,0,1,0,0,0,0,0,0,0,1,0,0,0,0,1,0,0,0,0,0
period10,1,1,0,1,1,1,1,1,1,0,0,0,0,0,0,1,0,0,0,0,1,0,1,0,0,0
period11,1,1,0,1,1,1,1,1,1,0,0,0,0,0,0,1,1,0,0,0,1,0,1,0,0,0
period12,1,1,0,1,1,1,1,1,1,0,0,0,0,0,0,1,1,0,0,0,1,0,1,0,0,0
period13,1,1,0,1,1,1,1,1,1,0,0,0,0,0,0,1,1,1,0,0,1,0,1,0,0,0
period14,1,1,0,1,1,1,1,1,1,0,0,0,0,0,0,1,1,1,0,0,1,0,1,0,0,0
period15,1,1,0,1,1,1,1,1,1,0,0,0,0,0,0,1,1,1,0,0,1,0,1,0,0,0
period16,1,1,0,1,1,1,1,1,1,0,1,0,0,0,0,1,1,1,0,0,1,0,1,0,0,0
period17,1,1,0,1,1,1,1,1,1,0,1,0,0,0,0,1,1,1,0,0,1,0,1,0,0,0
period18,1,1,1,1,1,1,1,1,1,0,1,0,0,0,0,1,1,1,0,0,1,0,1,0,0,0
period19,1,1,1,1,1,1,1,1,1,0,1,0,0,0,0,1,1,1,0,0,1,0,1,0,0,0
period20,1,1,1,1,1,1,1,1,1,0,1,0,0,0,1,1,1,1,0,0,1,0,1,0,0,0
period21,1,1,1,1,1,1,1,1,1,0,1,0,0,0,1,1,1,1,0,0,1,0,1,0,0,0
period22,1,1,1,1,1,1,1,1,1,0,1,0,0,0,1,1,1,1,0,1,1,0,1,0,0,0
period23,1,1,1,1,1,1,1,1,1,0,1,0,0,1,1,1,1,1,0,1,1,0,1,0,0,0
period24,1,1,1,1,1,1,1,1,1,0,1,0,0,1,1,1,1,1,1,1,1,0,1,0,0,0
period25,1,1,1,1,1,1,1,1,1,0,1,0,0,1,1,1,1,1,1,1,1,0,1,0,0,0
period1,0,0,0,0,0,0,0,0,0,0,0,0,0,0,0,0,0,0,0,0,0,0,0,0,0,0
period2,0,0,0,0,0,0,0,0,0,0,0,0,0,0,0,0,0,0,0,0,1,0,0,0,0,0
period3,0,0,0,0,0,0,0,0,0,0,0,0,0,0,0,0,0,0,0,0,1,0,0,0,0,0
period4,0,0,0,0,1,0,0,0,0,0,0,0,0,0,0,1,0,0,0,0,1,0,0,0,0,0
period5,0,0,0,0,1,0,0,0,0,0,0,0,0,0,0,1,0,0,0,0,1,0,0,0,0,0
period6,0,0,0,1,1,0,0,0,0,0,0,0,0,0,0,1,0,0,0,0,1,0,0,0,0,0
period7,0,0,0,1,1,0,0,0,0,0,0,0,0,0,0,1,0,0,0,0,1,0,0,0,0,0
period8,0,0,0,1,1,0,0,1,0,0,0,0,0,0,0,1,0,0,0,0,1,0,0,0,0,0
period9,0,0,0,1,1,0,0,1,0,0,0,0,0,0,0,1,0,0,0,0,1,0,0,0,0,0
period10,1,0,0,1,1,1,1,1,1,0,0,0,0,0,0,1,0,0,0,0,1,0,1,0,0,0
period11,1,1,0,1,1,1,1,1,1,0,0,0,0,0,0,1,1,0,0,0,1,0,1,0,0,0
period12,1,1,1,1,1,1,1,1,1,0,0,0,0,0,0,1,1,1,0,0,1,0,1,0,0,0
period13,1,1,1,1,1,1,1,1,1,0,0,0,0,0,0,1,1,1,0,0,1,0,1,0,0,0
period14,1,1,1,1,1,1,1,1,1,0,0,0,0,0,0,1,1,1,0,0,1,0,1,0,0,0
period15,1,1,1,1,1,1,1,1,1,0,0,0,0,0,0,1,1,1,0,0,1,0,1,0,0,0
period16,1,1,1,1,1,1,1,1,1,0,0,0,0,0,0,1,1,1,0,0,1,0,1,0,0,0
period17,1,1,1,1,1,1,1,1,1,0,0,0,0,0,0,1,1,1,0,0,1,0,1,0,0,0
period18,1,1,1,1,1,1,1,1,1,0,1,0,0,0,0,1,1,1,0,0,1,0,1,0,0,0
period19,1,1,1,1,1,1,1,1,1,0,1,0,0,0,0,1,1,1,0,0,1,0,1,0,0,0
period20,1,1,1,1,1,1,1,1,1,0,1,0,0,0,1,1,1,1,0,0,1,0,1,0,0,0
period21,1,1,1,1,1,1,1,1,1,0,1,0,0,0,1,1,1,1,0,0,1,0,1,0,0,0
period22,1,1,1,1,1,1,1,1,1,0,1,0,0,0,1,1,1,1,0,1,1,0,1,0,0,0
period23,1,1,1,1,1,1,1,1,1,0,1,0,0,0,1,1,1,1,0,1,1,0,1,0,0,0
period24,1,1,1,1,1,1,1,1,1,0,1,0,0,0,1,1,1,1,0,1,1,0,1,0,0,0
period25,1,1,1,1,1,1,1,1,1,0,1,0,0,0,1,1,1,1,0,1,1,0,1,0,0,0
period1,0,0,0,0,0,0,0,0,0,0,0,0,0,0,0,0,0,0,0,0,0,0,0,0,0,0
period2,0,0,0,0,0,0,0,0,0,0,0,0,0,0,0,0,0,0,0,0,0,0,0,0,0,0
period3,0,0,0,1,1,0,0,0,0,0,0,0,0,0,0,0,0,0,0,0,1,0,0,0,0,0
period4,0,0,0,1,1,0,0,0,0,0,0,0,0,0,0,1,0,0,0,0,1,0,0,0,0,0
period5,0,0,0,1,1,0,0,0,0,0,0,0,0,0,0,1,0,0,0,0,1,0,0,0,0,0
period6,0,0,0,1,1,0,0,0,0,0,0,0,0,0,0,1,0,0,0,0,1,0,0,0,0,0
period7,0,0,0,1,1,0,0,0,0,0,0,0,0,0,0,1,0,0,0,0,1,0,0,0,0,0
period8,0,0,0,1,1,0,0,0,0,0,0,0,0,0,0,1,0,0,0,0,1,0,0,0,0,0
period9,0,0,0,1,1,0,0,1,0,0,0,0,0,0,0,1,0,0,0,0,1,0,0,0,0,0
period10,0,0,0,1,1,0,0,1,0,0,0,0,0,0,0,1,0,0,0,0,1,0,0,0,0,0
period11,0,0,0,1,1,0,0,1,1,0,0,0,0,0,0,1,0,0,0,0,1,0,0,0,0,0
period12,1,0,0,1,1,0,1,1,1,0,0,0,0,0,0,1,0,0,0,0,1,0,1,0,0,0
period13,1,1,0,1,1,0,1,1,1,0,0,0,0,0,0,1,0,0,0,0,1,1,1,0,0,0
period14,1,1,0,1,1,0,1,1,1,0,0,0,0,0,0,1,1,0,0,0,1,1,1,0,0,0
period15,1,1,0,1,1,0,1,1,1,0,0,0,0,0,0,1,1,0,0,0,1,1,1,0,0,0
period16,1,1,0,1,1,0,1,1,1,0,0,0,0,0,0,1,1,0,0,0,1,1,1,0,0,0
period17,1,1,0,1,1,0,1,1,1,0,0,0,0,0,0,1,1,0,0,0,1,1,1,0,0,0
period18,1,1,0,1,1,1,1,1,1,0,0,0,0,0,0,1,1,0,0,0,1,1,1,0,0,0
period19,1,1,0,1,1,1,1,1,1,0,0,0,0,0,0,1,1,0,0,0,1,1,1,0,0,0
period20,1,1,0,1,1,1,1,1,1,0,0,0,0,0,0,1,1,0,0,0,1,1,1,0,0,0
period21,1,1,0,1,1,1,1,1,1,0,0,0,0,0,0,1,1,0,0,0,1,1,1,0,0,0
period22,1,1,0,1,1,1,1,1,1,0,0,0,0,0,0,1,1,0,0,0,1,1,1,0,0,0
period23,1,1,0,1,1,1,1,1,1,0,0,0,0,0,0,1,1,0,0,0,1,1,1,0,0,0
period24,1,1,0,1,1,1,1,1,1,0,0,0,0,0,0,1,1,0,0,0,1,1,1,0,0,0
period25,1,1,0,1,1,1,1,1,1,0,1,0,0,0,0,1,1,1,0,0,1,1,1,0,0,0
period1,0,0,0,0,0,0,0,0,0,0,0,0,0,0,0,0,0,0,0,0,0,0,0,0,0,0
period2,0,0,0,0,0,0,0,0,0,0,0,0,0,0,0,0,0,0,0,0,1,0,0,0,0,0
period3,0,0,0,0,0,0,0,0,0,0,0,0,0,0,0,0,0,0,0,0,1,0,0,0,0,0
period4,0,0,0,0,1,0,0,0,0,0,0,0,0,0,0,1,0,0,0,0,1,0,0,0,0,0
period5,0,0,0,0,1,0,0,0,0,0,0,0,0,0,0,1,0,0,0,0,1,0,0,0,0,0
period6,0,0,0,1,1,0,0,0,0,0,0,0,0,0,0,1,0,0,0,0,1,0,0,0,0,0
period7,0,0,0,1,1,0,0,0,0,0,0,0,0,0,0,1,0,0,0,0,1,0,0,0,0,0
period8,0,0,0,1,1,0,0,1,0,0,0,0,0,0,0,1,0,0,0,0,1,0,0,0,0,0
period9,0,0,0,1,1,0,0,1,0,0,0,0,0,0,0,1,0,0,0,0,1,0,0,0,0,0
period10,1,1,0,1,1,0,1,1,1,0,0,0,0,0,0,1,0,0,0,0,1,1,0,0,0,0
period11,1,1,0,1,1,0,1,1,1,0,0,0,0,0,0,1,0,0,0,0,1,1,0,0,0,0
period12,1,1,0,1,1,0,1,1,1,0,0,0,0,0,0,1,1,0,0,0,1,1,0,0,0,0
period13,1,1,0,1,1,1,1,1,1,0,0,0,0,0,0,1,1,0,0,0,1,1,1,0,0,0
period14,1,1,1,1,1,1,1,1,1,0,0,0,0,0,0,1,1,0,0,0,1,1,1,0,0,0
period15,1,1,1,1,1,1,1,1,1,0,0,0,0,0,0,1,1,0,0,0,1,1,1,0,0,0
period16,1,1,1,1,1,1,1,1,1,0,0,0,0,0,0,1,1,1,0,0,1,1,1,0,0,0
period17,1,1,1,1,1,1,1,1,1,0,0,0,0,0,0,1,1,1,0,0,1,1,1,0,0,0
period18,1,1,1,1,1,1,1,1,1,0,1,0,0,0,0,1,1,1,0,0,1,1,1,0,0,0
period19,1,1,1,1,1,1,1,1,1,0,1,0,1,0,1,1,1,1,0,0,1,1,1,0,0,0
period20,1,1,1,1,1,1,1,1,1,0,1,0,1,1,1,1,1,1,0,0,1,1,1,0,0,0
period21,1,1,1,1,1,1,1,1,1,0,1,0,1,1,1,1,1,1,0,1,1,1,1,0,0,0
period22,1,1,1,1,1,1,1,1,1,0,1,0,1,1,1,1,1,1,1,1,1,1,1,0,0,0
period23,1,1,1,1,1,1,1,1,1,0,1,0,1,1,1,1,1,1,1,1,1,1,1,0,0,0
period24,1,1,1,1,1,1,1,1,1,0,1,0,1,1,1,1,1,1,1,1,1,1,1,0,0,0
period25,1,1,1,1,1,1,1,1,1,0,1,0,1,1,1,1,1,1,1,1,1,1,1,1,0,0
period1,0,0,0,0,0,0,0,0,0,0,0,0,0,0,0,0,0,0,0,0,0,0,0,0,0,0
period2,0,0,0,0,0,0,0,0,0,0,0,0,0,0,0,0,0,0,0,0,1,0,0,0,0,0
period3,0,0,0,0,0,0,0,0,0,0,0,0,0,0,0,0,0,0,0,0,1,0,0,0,0,0
period4,0,0,0,0,0,0,0,0,0,0,0,0,0,0,0,0,0,0,0,0,1,0,0,0,0,0
period5,0,0,0,0,1,0,0,0,0,0,0,0,0,0,0,1,0,0,0,0,1,0,0,0,0,0
period6,0,0,0,0,1,0,0,0,0,0,0,0,0,0,0,1,0,0,0,0,1,0,0,0,0,0
period7,0,0,0,1,1,0,0,0,0,0,0,0,0,0,0,1,0,0,0,0,1,0,0,0,0,0
period8,0,0,0,1,1,1,0,0,0,0,0,0,0,0,0,1,0,0,0,0,1,0,0,0,0,0
period9,1,0,1,1,1,1,1,1,0,0,0,0,0,0,0,1,0,0,0,0,1,0,0,0,0,0
period10,1,1,1,1,1,1,1,1,0,0,0,0,0,0,0,1,1,0,0,0,1,0,0,0,0,0
period11,1,1,1,1,1,1,1,1,0,0,0,0,0,0,0,1,1,0,0,0,1,0,0,0,0,0
period12,1,1,1,1,1,1,1,1,0,0,0,0,0,0,0,1,1,1,0,0,1,0,0,0,0,0
period13,1,1,1,1,1,1,1,1,1,0,0,0,0,0,0,1,1,1,0,0,1,0,0,0,0,0
period14,1,1,1,1,1,1,1,1,1,0,0,0,0,0,0,1,1,1,0,0,1,0,0,0,0,0
period15,1,1,1,1,1,1,1,1,1,0,0,0,0,0,0,1,1,1,0,0,1,0,1,0,0,0
period16,1,1,1,1,1,1,1,1,1,0,0,0,0,0,0,1,1,1,0,0,1,0,1,0,0,0
period17,1,1,1,1,1,1,1,1,1,0,0,0,0,0,0,1,1,1,0,0,1,0,1,0,0,0
period18,1,1,1,1,1,1,1,1,1,0,0,0,0,0,0,1,1,1,0,0,1,0,1,0,0,0
period19,1,1,1,1,1,1,1,1,1,0,0,0,0,0,0,1,1,1,0,0,1,0,1,0,0,0
period20,1,1,1,1,1,1,1,1,1,0,1,0,0,0,0,1,1,1,0,0,1,0,1,0,0,0
period21,1,1,1,1,1,1,1,1,1,0,1,0,0,0,0,1,1,1,0,0,1,0,1,0,0,0
period22,1,1,1,1,1,1,1,1,1,0,1,0,0,0,1,1,1,1,0,0,1,0,1,0,0,0
period23,1,1,1,1,1,1,1,1,1,0,1,0,0,0,1,1,1,1,0,1,1,0,1,0,0,0
period24,1,1,1,1,1,1,1,1,1,0,1,0,0,0,1,1,1,1,0,1,1,0,1,0,0,0
period25,1,1,1,1,1,1,1,1,1,0,1,0,0,1,1,1,1,1,1,1,1,0,1,0,0,0
period1,0,0,0,0,0,0,0,0,0,0,0,0,0,0,0,0,0,0,0,0,0,0,0,0,0,0
period2,0,0,0,0,0,0,0,0,0,0,0,0,0,0,0,0,0,0,0,0,1,0,0,0,0,0
period3,0,0,0,0,0,0,0,0,0,0,0,0,0,0,0,0,0,0,0,0,1,0,0,0,0,0
period4,0,0,0,0,1,0,0,0,0,0,0,0,0,0,0,0,0,0,0,0,1,0,0,0,0,0
period5,0,0,0,0,1,0,0,0,0,0,0,0,0,0,0,1,0,0,0,0,1,0,0,0,0,0
period6,0,0,0,0,1,0,0,0,0,0,0,0,0,0,0,1,0,0,0,0,1,0,0,0,0,0
period7,0,0,0,1,1,0,0,0,0,0,0,0,0,0,0,1,0,0,0,0,1,0,0,0,0,0
period8,0,0,0,1,1,0,0,0,0,0,0,0,0,0,0,1,0,0,0,0,1,0,0,0,0,0
period9,0,0,0,1,1,0,1,1,0,0,0,0,0,0,0,1,1,0,0,0,1,0,0,0,0,0
period10,0,0,0,1,1,0,1,1,0,0,0,0,0,0,0,1,1,0,0,0,1,0,0,0,0,0
period11,1,1,0,1,1,1,1,1,1,0,0,0,0,0,0,1,1,0,0,0,1,0,1,0,0,0
period12,1,1,0,1,1,1,1,1,1,0,0,0,0,0,0,1,1,1,0,0,1,0,1,0,0,0
period13,1,1,0,1,1,1,1,1,1,0,0,0,0,0,0,1,1,1,0,0,1,0,1,0,0,0
period14,1,1,1,1,1,1,1,1,1,0,0,0,0,0,0,1,1,1,0,0,1,0,1,0,0,0
period15,1,1,1,1,1,1,1,1,1,0,0,0,0,0,0,1,1,1,0,0,1,0,1,0,0,0
period16,1,1,1,1,1,1,1,1,1,0,1,0,0,0,0,1,1,1,0,0,1,0,1,0,0,0
period17,1,1,1,1,1,1,1,1,1,0,1,0,0,0,0,1,1,1,0,0,1,0,1,0,0,0
period18,1,1,1,1,1,1,1,1,1,0,1,0,0,0,1,1,1,1,0,0,1,0,1,0,0,0
period19,1,1,1,1,1,1,1,1,1,0,1,0,0,0,1,1,1,1,0,1,1,0,1,0,0,0
period20,1,1,1,1,1,1,1,1,1,0,1,0,0,0,1,1,1,1,0,1,1,0,1,0,0,0
period21,1,1,1,1,1,1,1,1,1,0,1,0,0,0,1,1,1,1,0,1,1,0,1,0,0,0
period22,1,1,1,1,1,1,1,1,1,0,1,0,0,0,1,1,1,1,0,1,1,0,1,0,0,0
period23,1,1,1,1,1,1,1,1,1,0,1,0,0,0,1,1,1,1,0,1,1,0,1,0,0,0
period24,1,1,1,1,1,1,1,1,1,0,1,0,0,1,1,1,1,1,0,1,1,0,1,0,0,0
period25,1,1,1,1,1,1,1,1,1,0,1,0,0,1,1,1,1,1,1,1,1,0,1,0,0,0
period1,0,0,0,0,0,0,0,0,0,0,0,0,0,0,0,0,0,0,0,0,0,0,0,0,0,0
period2,0,0,0,0,0,0,0,0,0,0,0,0,0,0,0,0,0,0,0,0,0,0,0,0,0,0
period3,0,0,0,0,1,0,0,0,0,0,0,0,0,0,0,1,0,0,0,0,0,0,0,0,0,0
period4,0,0,0,0,1,0,0,0,0,0,0,0,0,0,0,1,0,0,0,0,1,0,0,0,0,0
period5,0,0,0,0,1,0,0,0,0,0,0,0,0,0,0,1,0,0,0,0,1,0,0,0,0,0
period6,0,0,0,0,1,0,0,0,0,0,0,0,0,0,0,1,0,0,0,0,1,0,0,0,0,0
period7,0,0,0,1,1,0,0,0,0,0,0,0,0,0,0,1,0,0,0,0,1,0,0,0,0,0
period8,0,0,0,1,1,0,0,0,0,0,0,0,0,0,0,1,0,0,0,0,1,0,0,0,0,0
period9,0,0,0,1,1,0,0,1,0,0,0,0,0,0,0,1,0,0,0,0,1,0,0,0,0,0
period10,0,0,0,1,1,0,0,1,0,0,0,0,0,0,0,1,0,0,0,0,1,0,0,0,0,0
period11,0,0,0,1,1,0,1,1,1,0,0,0,0,0,0,1,0,0,0,0,1,0,0,0,0,0
period12,0,0,0,1,1,0,1,1,1,0,0,0,0,0,0,1,0,0,0,0,1,0,1,0,0,0
period13,1,0,0,1,1,1,1,1,1,0,0,0,0,0,0,1,1,0,0,0,1,0,1,0,0,0
period14,1,0,1,1,1,1,1,1,1,0,0,0,0,0,0,1,1,0,0,0,1,0,1,0,0,0
period15,1,1,1,1,1,1,1,1,1,0,0,0,0,0,0,1,1,1,0,0,1,0,1,0,0,0
period16,1,1,1,1,1,1,1,1,1,0,0,0,0,0,0,1,1,1,0,0,1,0,1,0,0,0
period17,1,1,1,1,1,1,1,1,1,0,0,0,0,0,0,1,1,1,0,0,1,0,1,0,0,0
period18,1,1,1,1,1,1,1,1,1,0,0,0,0,0,0,1,1,1,0,0,1,0,1,0,0,0
period19,1,1,1,1,1,1,1,1,1,0,0,0,0,0,0,1,1,1,0,0,1,0,1,0,0,0
period20,1,1,1,1,1,1,1,1,1,0,0,0,0,0,0,1,1,1,0,0,1,0,1,0,0,0
period21,1,1,1,1,1,1,1,1,1,0,0,0,0,0,0,1,1,1,0,0,1,0,1,0,0,0
period22,1,1,1,1,1,1,1,1,1,0,0,0,0,0,0,1,1,1,0,0,1,0,1,0,0,0
period23,1,1,1,1,1,1,1,1,1,0,1,0,0,0,0,1,1,1,0,0,1,0,1,0,0,0
period24,1,1,1,1,1,1,1,1,1,0,1,0,0,0,1,1,1,1,0,0,1,0,1,0,0,0
period25,1,1,1,1,1,1,1,1,1,0,1,0,0,0,1,1,1,1,0,1,1,0,1,0,0,0
period1,0,0,0,0,0,0,0,0,0,0,0,0,0,0,0,0,0,0,0,0,0,0,0,0,0,0
period2,0,0,0,0,0,0,0,0,0,0,0,0,0,0,0,0,0,0,0,0,0,0,0,0,0,0
period3,0,0,0,0,1,0,0,0,0,0,0,0,0,0,0,0,0,0,0,0,1,0,0,0,0,0
period4,0,0,0,0,1,0,0,0,0,0,0,0,0,0,0,1,0,0,0,0,1,0,0,0,0,0
period5,0,0,0,0,1,0,0,0,0,0,0,0,0,0,0,1,0,0,0,0,1,0,0,0,0,0
period6,0,0,0,1,1,0,0,0,0,0,0,0,0,0,0,1,0,0,0,0,1,0,0,0,0,0
period7,0,0,0,1,1,0,0,0,0,0,0,0,0,0,0,1,0,0,0,0,1,0,0,0,0,0
period8,0,0,0,1,1,0,0,1,0,0,0,0,0,0,0,1,0,0,0,0,1,0,0,0,0,0
period9,0,0,0,1,1,0,0,1,0,0,0,0,0,0,0,1,0,0,0,0,1,0,0,0,0,0
period10,1,0,0,1,1,1,1,1,1,0,0,0,0,0,0,1,0,0,0,0,1,0,1,0,0,0
period11,1,1,0,1,1,1,1,1,1,0,0,0,0,0,0,1,0,0,0,0,1,0,1,0,0,0
period12,1,1,0,1,1,1,1,1,1,0,0,0,0,0,0,1,0,0,0,0,1,0,1,0,0,0
period13,1,1,0,1,1,1,1,1,1,0,0,0,0,0,0,1,1,0,0,0,1,0,1,0,0,0
period14,1,1,0,1,1,1,1,1,1,0,0,0,0,0,0,1,1,1,0,0,1,0,1,0,0,0
period15,1,1,0,1,1,1,1,1,1,0,0,0,0,0,0,1,1,1,0,0,1,0,1,0,0,0
period16,1,1,0,1,1,1,1,1,1,0,0,0,0,0,0,1,1,1,0,0,1,0,1,0,0,0
period17,1,1,0,1,1,1,1,1,1,0,0,0,0,0,0,1,1,1,0,0,1,0,1,0,0,0
period18,1,1,0,1,1,1,1,1,1,0,0,0,0,0,0,1,1,1,0,0,1,0,1,0,0,0
period19,1,1,0,1,1,1,1,1,1,0,1,0,0,0,0,1,1,1,0,0,1,0,1,0,0,0
period20,1,1,0,1,1,1,1,1,1,0,1,0,0,0,1,1,1,1,0,0,1,0,1,0,0,0
period21,1,1,0,1,1,1,1,1,1,0,1,0,0,0,1,1,1,1,0,0,1,0,1,0,0,0
period22,1,1,0,1,1,1,1,1,1,0,1,0,0,0,1,1,1,1,0,1,1,0,1,0,0,0
period23,1,1,0,1,1,1,1,1,1,0,1,0,0,0,1,1,1,1,0,1,1,0,1,0,0,0
period24,1,1,0,1,1,1,1,1,1,0,1,0,0,0,1,1,1,1,0,1,1,0,1,0,0,0
period25,1,1,1,1,1,1,1,1,1,0,1,1,0,1,1,1,1,1,1,1,1,1,1,1,1,1
period1,0,0,0,0,0,0,0,0,0,0,0,0,0,0,0,0,0,0,0,0,0,0,0,0,0,0
period2,0,0,0,0,0,0,0,0,0,0,0,0,0,0,0,0,0,0,0,0,1,0,0,0,0,0
period3,0,0,0,0,0,0,0,0,0,0,0,0,0,0,0,0,0,0,0,0,1,0,0,0,0,0
period4,0,0,0,0,1,0,0,0,0,0,0,0,0,0,0,1,0,0,0,0,1,0,0,0,0,0
period5,0,0,0,0,1,0,0,0,0,0,0,0,0,0,0,1,0,0,0,0,1,0,0,0,0,0
period6,0,0,0,1,1,0,0,0,0,0,0,0,0,0,0,1,0,0,0,0,1,0,0,0,0,0
period7,0,0,0,1,1,0,1,0,0,0,0,0,0,0,0,1,1,0,0,0,1,0,0,0,0,0
period8,0,0,0,1,1,0,1,0,0,0,0,0,0,0,0,1,1,0,0,0,1,0,0,0,0,0
period9,1,1,0,1,1,0,1,0,0,0,0,0,0,0,0,1,1,0,0,0,1,0,0,0,0,0
period10,1,1,0,1,1,0,1,1,0,0,0,0,0,0,0,1,1,0,0,0,1,0,0,0,0,0
period11,1,1,0,1,1,0,1,1,0,0,0,0,0,0,0,1,1,0,0,0,1,0,0,0,0,0
period12,1,1,0,1,1,0,1,1,0,0,0,0,0,0,0,1,1,0,0,0,1,0,0,0,0,0
period13,1,1,0,1,1,0,1,1,0,0,0,0,0,0,0,1,1,1,0,0,1,0,0,0,0,0
period14,1,1,0,1,1,0,1,1,0,0,0,0,0,0,0,1,1,1,0,0,1,0,0,0,0,0
period15,1,1,0,1,1,0,1,1,0,0,0,0,0,0,0,1,1,1,0,0,1,0,0,0,0,0
period16,1,1,0,1,1,1,1,1,0,0,0,0,0,0,0,1,1,1,0,0,1,0,0,0,0,0
period17,1,1,0,1,1,1,1,1,0,0,0,0,0,0,0,1,1,1,0,0,1,0,0,0,0,0
period18,1,1,0,1,1,1,1,1,1,0,0,0,0,0,0,1,1,1,0,0,1,0,0,0,0,0
period19,1,1,0,1,1,1,1,1,1,0,1,0,0,0,0,1,1,1,0,0,1,0,0,0,0,0
period20,1,1,0,1,1,1,1,1,1,0,1,0,1,0,0,1,1,1,0,0,1,0,1,0,0,0
period21,1,1,0,1,1,1,1,1,1,0,1,0,1,0,1,1,1,1,0,0,1,0,1,0,0,0
period22,1,1,0,1,1,1,1,1,1,0,1,0,1,0,1,1,1,1,0,1,1,0,1,0,0,0
period23,1,1,0,1,1,1,1,1,1,0,1,0,1,0,1,1,1,1,0,1,1,0,1,0,0,0
period24,1,1,0,1,1,1,1,1,1,0,1,0,1,0,1,1,1,1,0,1,1,0,1,0,0,0
period25,1,1,1,1,1,1,1,1,1,0,1,0,1,1,1,1,1,1,1,1,1,0,1,0,0,0
period1,0,0,0,0,0,0,0,0,0,0,0,0,0,0,0,0,0,0,0,0,0,0,0,0,0,0
period2,0,0,0,0,0,0,0,0,0,0,0,0,0,0,0,0,0,0,0,0,0,0,0,0,0,0
period3,0,0,0,0,1,0,0,0,0,0,0,0,0,0,0,0,0,0,0,0,1,0,0,0,0,0
period4,0,0,0,0,1,0,0,0,0,0,0,0,0,0,0,1,0,0,0,0,1,0,0,0,0,0
period5,0,0,0,0,1,0,0,0,0,0,0,0,0,0,0,1,0,0,0,0,1,0,0,0,0,0
period6,0,0,0,1,1,0,0,0,0,0,0,0,0,0,0,1,0,0,0,0,1,0,0,0,0,0
period7,0,0,0,1,1,0,0,0,0,0,0,0,0,0,0,1,0,0,0,0,1,0,0,0,0,0
period8,0,0,0,1,1,0,0,0,0,0,0,0,0,0,0,1,0,0,0,0,1,0,0,0,0,0
period9,0,0,0,1,1,0,1,1,0,0,0,0,0,0,0,1,0,0,0,0,1,0,0,0,0,0
period10,1,0,0,1,1,0,1,1,0,0,0,0,0,0,0,1,1,0,0,0,1,0,0,0,0,0
period11,1,1,0,1,1,0,1,1,1,0,0,0,0,0,0,1,1,0,0,0,1,0,0,0,0,0
period12,1,1,0,1,1,0,1,1,1,0,0,0,0,0,0,1,1,0,0,0,1,0,1,0,0,0
period13,1,1,0,1,1,1,1,1,1,0,0,0,0,0,0,1,1,0,0,0,1,0,1,0,0,0
period14,1,1,0,1,1,1,1,1,1,0,0,0,0,0,0,1,1,1,0,0,1,0,1,0,0,0
period15,1,1,0,1,1,1,1,1,1,0,0,0,0,0,0,1,1,1,0,0,1,1,1,0,0,0
period16,1,1,0,1,1,1,1,1,1,0,0,0,0,0,0,1,1,1,0,0,1,1,1,0,0,0
period17,1,1,0,1,1,1,1,1,1,0,0,0,0,0,0,1,1,1,0,0,1,1,1,0,0,0
period18,1,1,0,1,1,1,1,1,1,0,0,0,0,0,0,1,1,1,0,0,1,1,1,0,0,0
period19,1,1,0,1,1,1,1,1,1,0,0,0,0,0,0,1,1,1,0,0,1,1,1,0,0,0
period20,1,1,0,1,1,1,1,1,1,0,0,0,0,0,0,1,1,1,0,0,1,1,1,0,0,0
period21,1,1,0,1,1,1,1,1,1,0,1,0,0,0,0,1,1,1,0,0,1,1,1,0,0,0
period22,1,1,0,1,1,1,1,1,1,0,1,0,0,0,1,1,1,1,0,0,1,1,1,0,0,0
period23,1,1,0,1,1,1,1,1,1,0,1,0,0,0,1,1,1,1,0,0,1,1,1,0,0,0
period24,1,1,0,1,1,1,1,1,1,0,1,0,0,0,1,1,1,1,0,1,1,1,1,0,0,0
period25,1,1,1,1,1,1,1,1,1,0,1,0,0,1,1,1,1,1,1,1,1,1,1,0,0,0
period1,0,0,0,0,0,0,0,0,0,0,0,0,0,0,0,0,0,0,0,0,0,0,0,0,0,0
period2,0,0,0,0,0,0,0,0,0,0,0,0,0,0,0,0,0,0,0,0,1,0,0,0,0,0
period3,0,0,0,0,0,0,0,0,0,0,0,0,0,0,0,0,0,0,0,0,1,0,0,0,0,0
period4,0,0,0,0,0,0,0,0,0,0,0,0,0,0,0,0,0,0,0,0,1,0,0,0,0,0
period5,0,0,0,1,1,0,0,0,0,0,0,0,0,0,0,0,0,0,0,0,1,0,0,0,0,0
period6,0,0,0,1,1,0,0,0,0,0,0,0,0,0,0,1,0,0,0,0,1,0,0,0,0,0
period7,0,0,0,1,1,0,0,1,0,0,0,0,0,0,0,1,0,0,0,0,1,0,0,0,0,0
period8,0,0,0,1,1,0,0,1,0,0,0,0,0,0,0,1,0,0,0,0,1,0,0,0,0,0
period9,0,0,0,1,1,0,0,1,1,0,0,0,0,0,0,1,0,0,0,0,1,0,0,0,0,0
period10,0,0,0,1,1,0,1,1,1,0,0,0,0,0,0,1,1,0,0,0,1,0,1,0,0,0
period11,1,1,0,1,1,1,1,1,1,0,0,0,0,0,0,1,1,0,0,0,1,0,1,0,0,0
period12,1,1,0,1,1,1,1,1,1,0,0,0,0,0,0,1,1,0,0,0,1,0,1,0,0,0
period13,1,1,0,1,1,1,1,1,1,0,0,0,0,0,0,1,1,0,0,0,1,0,1,0,0,0
period14,1,1,0,1,1,1,1,1,1,0,0,0,0,0,0,1,1,1,0,0,1,0,1,0,0,0
period15,1,1,0,1,1,1,1,1,1,0,0,0,0,0,0,1,1,1,0,0,1,0,1,0,0,0
period16,1,1,0,1,1,1,1,1,1,0,0,0,0,0,0,1,1,1,0,0,1,0,1,0,0,0
period17,1,1,0,1,1,1,1,1,1,0,0,0,0,0,0,1,1,1,0,0,1,0,1,0,0,0
period18,1,1,0,1,1,1,1,1,1,0,0,0,0,0,0,1,1,1,0,0,1,0,1,0,0,0
period19,1,1,0,1,1,1,1,1,1,0,0,0,0,0,0,1,1,1,0,0,1,0,1,0,0,0
period20,1,1,0,1,1,1,1,1,1,0,0,0,0,0,0,1,1,1,0,0,1,0,1,0,0,0
period1,0,0,0,0,0,0,0,0,0,0,0,0,0,0,0,0,0,0,0,0,0,0,0,0,0,0
period2,0,0,0,0,0,0,0,0,0,0,0,0,0,0,0,0,0,0,0,0,1,0,0,0,0,0
period3,0,0,0,0,0,0,0,0,0,0,0,0,0,0,0,0,0,0,0,0,1,0,0,0,0,0
period4,0,0,0,0,1,0,0,0,0,0,0,0,0,0,0,0,0,0,0,0,1,0,0,0,0,0
period5,0,0,0,1,1,0,0,0,0,0,0,0,0,0,0,1,0,0,0,0,1,0,0,0,0,0
period6,0,0,0,1,1,0,0,0,0,0,0,0,0,0,0,1,0,0,0,0,1,0,0,0,0,0
period7,0,0,0,1,1,0,0,1,0,0,0,0,0,0,0,1,0,0,0,0,1,0,0,0,0,0
period8,0,0,0,1,1,0,0,1,0,0,0,0,0,0,0,1,0,0,0,0,1,0,0,0,0,0
period9,1,0,0,1,1,1,0,1,1,0,0,0,0,0,0,1,0,0,0,0,1,0,0,0,0,0
period10,1,1,0,1,1,1,0,1,1,0,0,0,0,0,0,1,0,0,0,0,1,0,1,0,0,0
period11,1,1,0,1,1,1,0,1,1,0,0,0,0,0,0,1,0,0,0,0,1,0,1,0,0,0
period12,1,1,1,1,1,1,0,1,1,0,0,0,0,0,0,1,0,0,0,0,1,1,1,0,0,0
period13,1,1,1,1,1,1,0,1,1,0,0,0,0,0,0,1,0,0,0,0,1,1,1,0,0,0
period14,1,1,1,1,1,1,0,1,1,0,1,0,0,0,0,1,0,0,0,0,1,1,1,0,0,0
period15,1,1,1,1,1,1,0,1,1,0,1,0,0,0,0,1,0,0,0,0,1,1,1,0,0,0
period16,1,1,1,1,1,1,0,1,1,0,1,0,0,1,0,1,0,0,0,0,1,1,1,0,0,0
period17,1,1,1,1,1,1,0,1,1,0,1,0,0,1,0,1,0,0,0,0,1,1,1,0,0,0
period18,1,1,1,1,1,1,0,1,1,0,1,0,0,1,1,1,0,0,0,0,1,1,1,0,0,0
period19,1,1,1,1,1,1,0,1,1,0,1,0,0,1,1,1,0,0,1,0,1,1,1,0,0,0
period20,1,1,1,1,1,1,0,1,1,0,1,0,0,1,1,1,0,0,1,1,1,1,1,0,0,0
period21,1,1,1,1,1,1,0,1,1,0,1,0,0,1,1,1,0,0,1,1,1,1,1,0,0,0
period22,1,1,1,1,1,1,0,1,1,0,1,0,0,1,1,1,0,0,1,1,1,1,1,0,0,0
period23,1,1,1,1,1,1,0,1,1,0,1,0,0,1,1,1,0,0,1,1,1,1,1,0,0,0
period24,1,1,1,1,1,1,0,1,1,0,1,0,0,1,1,1,0,0,1,1,1,1,1,0,0,0
period25,1,1,1,1,1,1,0,1,1,0,1,0,0,1,1,1,0,0,1,1,1,1,1,0,0,0
period1,0,0,0,0,0,0,0,0,0,0,0,0,0,0,0,0,0,0,0,0,0,0,0,0,0,0
period2,0,0,0,0,0,0,0,0,0,0,0,0,0,0,0,0,0,0,0,0,1,0,0,0,0,0
period3,0,0,0,0,0,0,0,0,0,0,0,0,0,0,0,0,0,0,0,0,1,0,0,0,0,0
period4,0,0,0,0,1,0,0,0,0,0,0,0,0,0,0,1,0,0,0,0,1,0,0,0,0,0
period5,0,0,0,0,1,0,0,0,0,0,0,0,0,0,0,1,0,0,0,0,1,0,0,0,0,0
period6,0,0,0,1,1,0,0,0,0,0,0,0,0,0,0,1,0,0,0,0,1,0,0,0,0,0
period7,0,0,0,1,1,0,0,0,0,0,0,0,0,0,0,1,0,0,0,0,1,0,0,0,0,0
period8,0,0,0,1,1,0,0,1,0,0,0,0,0,0,0,1,0,0,0,0,1,0,0,0,0,0
period9,0,0,0,1,1,0,0,1,0,0,0,0,0,0,0,1,0,0,0,0,1,0,0,0,0,0
period10,0,0,0,1,1,1,1,1,1,0,0,0,0,0,0,1,0,0,0,0,1,0,0,0,0,0
period11,1,1,0,1,1,1,1,1,1,0,0,0,0,0,0,1,0,0,0,0,1,0,1,0,0,0
period12,1,1,0,1,1,1,1,1,1,0,0,0,0,0,0,1,1,0,0,0,1,0,1,0,0,0
period13,1,1,0,1,1,1,1,1,1,0,0,0,0,0,0,1,1,1,0,0,1,0,1,0,0,0
period14,1,1,0,1,1,1,1,1,1,0,0,0,0,0,0,1,1,1,0,0,1,0,1,0,0,0
period15,1,1,0,1,1,1,1,1,1,0,0,0,0,0,0,1,1,1,0,0,1,0,1,0,0,0
period16,1,1,0,1,1,1,1,1,1,0,0,0,0,0,0,1,1,1,0,0,1,0,1,0,0,0
period17,1,1,0,1,1,1,1,1,1,0,0,0,0,0,0,1,1,1,0,0,1,0,1,0,0,0
period18,1,1,0,1,1,1,1,1,1,0,0,0,0,0,0,1,1,1,0,0,1,0,1,0,0,0
period19,1,1,0,1,1,1,1,1,1,0,0,0,0,0,0,1,1,1,0,0,1,0,1,0,0,0
period20,1,1,0,1,1,1,1,1,1,0,1,0,0,0,0,1,1,1,0,0,1,0,1,0,0,0
period21,1,1,0,1,1,1,1,1,1,0,1,0,0,0,1,1,1,1,0,0,1,0,1,0,0,0
period22,1,1,0,1,1,1,1,1,1,0,1,0,0,1,1,1,1,1,0,0,1,0,1,0,0,0
period23,1,1,0,1,1,1,1,1,1,0,1,0,0,1,1,1,1,1,0,1,1,0,1,0,0,0
period24,1,1,0,1,1,1,1,1,1,0,1,0,0,1,1,1,1,1,0,1,1,0,1,0,0,0
period25,1,1,0,1,1,1,1,1,1,0,1,0,0,1,1,1,1,1,1,1,1,0,1,0,0,0
period1,0,0,0,0,0,0,0,0,0,0,0,0,0,0,0,0,0,0,0,0,0,0,0,0,0,0
period2,0,0,0,0,0,0,0,0,0,0,0,0,0,0,0,0,0,0,0,0,1,0,0,0,0,0
period3,0,0,0,0,0,0,0,0,0,0,0,0,0,0,0,0,0,0,0,0,1,0,0,0,0,0
period4,0,0,0,0,1,0,0,0,0,0,0,0,0,0,0,0,0,0,0,0,1,0,0,0,0,0
period5,0,0,0,0,1,0,0,0,0,0,0,0,0,0,0,1,0,0,0,0,1,0,0,0,0,0
period6,0,0,0,1,1,0,0,0,0,0,0,0,0,0,0,1,0,0,0,0,1,0,0,0,0,0
period7,0,0,0,1,1,0,0,0,0,0,0,0,0,0,0,1,0,0,0,0,1,0,0,0,0,0
period8,0,0,0,1,1,0,0,1,0,0,0,0,0,0,0,1,0,0,0,0,1,0,0,0,0,0
period9,0,0,0,1,1,0,0,1,0,0,0,0,0,0,0,1,0,0,0,0,1,0,0,0,0,0
period10,1,0,0,1,1,0,1,1,1,0,0,0,0,0,0,1,0,0,0,0,1,0,0,0,0,0
period11,1,1,0,1,1,0,1,1,1,0,0,0,0,0,0,1,0,0,0,0,1,0,1,0,0,0
period12,1,1,0,1,1,1,1,1,1,0,0,0,0,0,0,1,1,0,0,0,1,0,1,0,0,0
period13,1,1,0,1,1,1,1,1,1,0,0,0,0,0,0,1,1,1,0,0,1,0,1,0,0,0
period14,1,1,0,1,1,1,1,1,1,0,0,0,0,0,0,1,1,1,0,0,1,0,1,0,0,0
period15,1,1,0,1,1,1,1,1,1,0,0,0,0,0,0,1,1,1,0,0,1,0,1,0,0,0
period16,1,1,0,1,1,1,1,1,1,0,0,0,0,0,0,1,1,1,0,0,1,0,1,0,0,0
period17,1,1,0,1,1,1,1,1,1,0,0,0,0,0,0,1,1,1,0,0,1,0,1,0,0,0
period18,1,1,0,1,1,1,1,1,1,0,0,0,0,0,0,1,1,1,0,0,1,0,1,0,0,0
period19,1,1,0,1,1,1,1,1,1,0,0,0,0,0,0,1,1,1,0,0,1,0,1,0,0,0
period20,1,1,0,1,1,1,1,1,1,0,0,0,0,0,0,1,1,1,0,0,1,1,1,0,0,0
period21,1,1,0,1,1,1,1,1,1,0,0,0,0,0,0,1,1,1,0,0,1,1,1,0,0,0
period22,1,1,0,1,1,1,1,1,1,0,0,0,0,0,0,1,1,1,0,0,1,1,1,0,0,0
period23,1,1,0,1,1,1,1,1,1,0,0,0,0,0,0,1,1,1,0,0,1,1,1,0,0,0
period24,1,1,0,1,1,1,1,1,1,0,0,0,0,0,0,1,1,1,0,0,1,1,1,0,0,0
period25,1,1,1,1,1,1,1,1,1,0,1,0,0,1,1,1,1,1,1,1,1,1,1,0,0,0
period1,0,0,0,0,0,0,0,0,0,0,0,0,0,0,0,0,0,0,0,0,0,0,0,0,0,0
period2,0,0,0,0,0,0,0,0,0,0,0,0,0,0,0,0,0,0,0,0,1,0,0,0,0,0
period3,0,0,0,0,0,0,0,0,0,0,0,0,0,0,0,0,0,0,0,0,1,0,0,0,0,0
period4,0,0,0,0,1,0,0,0,0,0,0,0,0,0,0,0,0,0,0,0,1,0,0,0,0,0
period5,0,0,0,1,1,0,0,0,0,0,0,0,0,0,0,1,0,0,0,0,1,0,0,0,0,0
period6,0,0,0,1,1,0,0,0,0,0,0,0,0,0,0,1,0,0,0,0,1,0,0,0,0,0
period7,0,0,0,1,1,0,0,1,0,0,0,0,0,0,0,1,0,0,0,0,1,0,0,0,0,0
period8,0,0,0,1,1,0,0,1,0,0,0,0,0,0,0,1,0,0,0,0,1,0,0,0,0,0
period9,0,0,0,1,1,0,1,1,1,0,0,0,0,0,0,1,0,0,0,0,1,0,0,0,0,0
period10,1,1,0,1,1,0,1,1,1,0,0,0,0,0,0,1,0,0,0,0,1,0,1,0,0,0
period11,1,1,0,1,1,1,1,1,1,0,0,0,0,0,0,1,1,0,0,0,1,0,1,0,0,0
period12,1,1,0,1,1,1,1,1,1,0,0,0,0,0,0,1,1,0,0,0,1,0,1,0,0,0
period13,1,1,0,1,1,1,1,1,1,0,0,0,0,0,0,1,1,0,0,0,1,0,1,0,0,0
period14,1,1,1,1,1,1,1,1,1,0,0,0,0,0,0,1,1,0,0,0,1,0,1,0,0,0
period15,1,1,1,1,1,1,1,1,1,0,0,0,0,0,0,1,1,0,0,0,1,0,1,0,0,0
period16,1,1,1,1,1,1,1,1,1,0,0,0,0,0,0,1,1,1,0,0,1,0,1,0,0,0
period17,1,1,1,1,1,1,1,1,1,0,0,0,0,0,0,1,1,1,0,0,1,0,1,0,0,0
period18,1,1,1,1,1,1,1,1,1,0,0,0,0,0,0,1,1,1,0,0,1,0,1,0,0,0
period19,1,1,1,1,1,1,1,1,1,0,0,0,0,0,0,1,1,1,0,0,1,0,1,0,0,0
period20,1,1,1,1,1,1,1,1,1,0,0,0,0,0,0,1,1,1,0,0,1,0,1,0,0,0
period21,1,1,1,1,1,1,1,1,1,0,0,0,0,0,0,1,1,1,0,0,1,0,1,0,0,0
period22,1,1,1,1,1,1,1,1,1,0,1,0,0,0,0,1,1,1,0,0,1,0,1,0,0,0
period1,0,0,0,0,0,0,0,0,0,0,0,0,0,0,0,0,0,0,0,0,0,0,0,0,0,0
period2,0,0,0,0,0,0,0,0,0,0,0,0,0,0,0,0,0,0,0,0,1,0,0,0,0,0
period3,0,0,0,0,0,0,0,0,0,0,0,0,0,0,0,0,0,0,0,0,1,0,0,0,0,0
period4,0,0,0,0,1,0,0,0,0,0,0,0,0,0,0,1,0,0,0,0,1,0,0,0,0,0
period5,0,0,0,1,1,0,0,0,0,0,0,0,0,0,0,1,0,0,0,0,1,0,0,0,0,0
period6,0,0,0,1,1,0,0,0,0,0,0,0,0,0,0,1,0,0,0,0,1,0,0,0,0,0
period7,0,0,0,1,1,0,0,0,0,0,0,0,0,0,0,1,0,0,0,0,1,0,0,0,0,0
period8,0,0,0,1,1,0,0,1,0,0,0,0,0,0,0,1,0,0,0,0,1,0,0,0,0,0
period9,0,0,0,1,1,0,0,1,1,0,0,0,0,0,0,1,0,0,0,0,1,0,0,0,0,0
period10,1,1,0,1,1,1,1,1,1,0,0,0,0,0,0,1,0,0,0,0,1,0,1,0,0,0
period11,1,1,1,1,1,1,1,1,1,0,0,0,0,0,0,1,0,0,0,0,1,0,1,0,0,0
period12,1,1,1,1,1,1,1,1,1,0,0,0,0,0,0,1,1,0,0,0,1,0,1,0,0,0
period13,1,1,1,1,1,1,1,1,1,0,0,0,0,0,0,1,1,1,0,0,1,1,1,0,0,0
period14,1,1,1,1,1,1,1,1,1,0,0,0,0,0,0,1,1,1,0,0,1,1,1,0,0,0
period15,1,1,1,1,1,1,1,1,1,0,0,0,0,0,0,1,1,1,0,0,1,1,1,0,0,0
period16,1,1,1,1,1,1,1,1,1,0,0,0,0,0,0,1,1,1,0,0,1,1,1,0,0,0
period17,1,1,1,1,1,1,1,1,1,0,0,0,0,0,0,1,1,1,0,0,1,1,1,0,0,0
period18,1,1,1,1,1,1,1,1,1,0,0,0,0,0,0,1,1,1,0,0,1,1,1,0,0,0
period19,1,1,1,1,1,1,1,1,1,0,0,0,0,0,0,1,1,1,0,0,1,1,1,0,0,0
period20,1,1,1,1,1,1,1,1,1,0,0,0,0,0,0,1,1,1,0,0,1,1,1,0,0,0
period21,1,1,1,1,1,1,1,1,1,0,0,0,0,0,0,1,1,1,0,0,1,1,1,0,0,0
period22,1,1,1,1,1,1,1,1,1,0,0,0,0,0,0,1,1,1,0,0,1,1,1,0,0,0
period23,1,1,1,1,1,1,1,1,1,0,0,0,0,0,0,1,1,1,0,0,1,1,1,0,0,0
period24,1,1,1,1,1,1,1,1,1,0,0,0,0,0,0,1,1,1,0,0,1,1,1,0,0,0
period25,1,1,1,1,1,1,1,1,1,0,1,0,0,0,0,1,1,1,0,0,1,1,1,0,0,0
period1,0,0,0,0,0,0,0,0,0,0,0,0,0,0,0,0,0,0,0,0,0,0,0,0,0,0
period2,0,0,0,0,0,0,0,0,0,0,0,0,0,0,0,0,0,0,0,0,1,0,0,0,0,0
period3,0,0,0,0,0,0,0,0,0,0,0,0,0,0,0,0,0,0,0,0,1,0,0,0,0,0
period4,0,0,0,0,1,0,0,0,0,0,0,0,0,0,0,1,0,0,0,0,1,0,0,0,0,0
period5,0,0,0,0,1,0,0,0,0,0,0,0,0,0,0,1,0,0,0,0,1,0,0,0,0,0
period6,1,1,0,0,1,0,0,0,0,0,0,0,0,0,0,1,0,0,0,0,1,0,0,0,0,0
period7,1,1,0,1,1,0,0,0,0,0,0,0,0,0,0,1,0,0,0,0,1,0,0,0,0,0
period8,1,1,0,1,1,0,0,0,0,0,0,0,0,0,0,1,0,0,0,0,1,0,0,0,0,0
period9,1,1,0,1,1,0,0,1,0,0,0,0,0,0,0,1,0,0,0,0,1,0,0,0,0,0
period10,1,1,0,1,1,0,0,1,0,0,0,0,0,0,0,1,0,0,0,0,1,0,0,0,0,0
period11,1,1,0,1,1,0,0,1,0,0,0,0,0,0,0,1,0,0,0,0,1,0,0,0,0,0
period12,1,1,0,1,1,0,0,1,0,0,0,0,0,0,0,1,0,0,0,0,1,0,0,0,0,0
period13,1,1,0,1,1,0,0,1,1,0,0,0,0,0,0,1,0,0,0,0,1,0,0,0,0,0
period14,1,1,0,1,1,0,0,1,1,0,0,0,0,0,0,1,0,0,0,0,1,1,1,0,0,0
period15,1,1,0,1,1,0,0,1,1,0,0,0,0,0,0,1,0,0,0,0,1,1,1,0,0,0
period16,1,1,0,1,1,0,0,1,1,0,0,0,0,0,0,1,0,0,0,0,1,1,1,0,0,0
period17,1,1,0,1,1,0,0,1,1,0,0,0,0,0,0,1,0,0,0,0,1,1,1,0,0,0
period18,1,1,0,1,1,0,0,1,1,0,0,0,0,0,0,1,0,0,0,0,1,1,1,0,0,0
period19,1,1,0,1,1,0,0,1,1,0,0,0,0,0,0,1,0,0,0,0,1,1,1,0,0,0
period20,1,1,0,1,1,0,0,1,1,0,0,0,0,0,0,1,0,0,0,0,1,1,1,0,0,0
period21,1,1,0,1,1,0,0,1,1,0,0,0,0,0,0,1,0,0,0,0,1,1,1,0,0,0
period22,1,1,0,1,1,0,0,1,1,0,1,0,0,0,0,1,0,0,0,0,1,1,1,0,0,0
period23,1,1,0,1,1,0,0,1,1,0,1,0,0,0,0,1,0,0,0,0,1,1,1,0,0,0
period24,1,1,0,1,1,0,0,1,1,0,1,1,0,0,0,1,0,0,0,0,1,1,1,0,0,0
period25,1,1,0,1,1,0,0,1,1,0,1,1,0,0,0,1,0,0,0,0,1,1,1,0,1,0
period1,0,0,0,0,0,0,0,0,0,0,0,0,0,0,0,0,0,0,0,0,0,0,0,0,0,0
period2,0,0,0,0,0,0,0,0,0,0,0,0,0,0,0,0,0,0,0,0,1,0,0,0,0,0
period3,0,0,0,0,0,0,0,0,0,0,0,0,0,0,0,0,0,0,0,0,1,0,0,0,0,0
period4,0,0,0,0,1,0,0,0,0,0,0,0,0,0,0,1,0,0,0,0,1,0,0,0,0,0
period5,0,0,0,1,1,0,0,0,0,0,0,0,0,0,0,1,0,0,0,0,1,0,0,0,0,0
period6,0,0,0,1,1,0,0,0,0,0,0,0,0,0,0,1,0,0,0,0,1,0,0,0,0,0
period7,0,0,0,1,1,0,0,1,0,0,0,0,0,0,0,1,0,0,0,0,1,0,0,0,0,0
period8,0,0,0,1,1,0,0,1,0,0,0,0,0,0,0,1,0,0,0,0,1,0,0,0,0,0
period9,0,0,0,1,1,0,0,1,1,0,0,0,0,0,0,1,0,0,0,0,1,0,0,0,0,0
period10,0,0,0,1,1,1,0,1,1,0,0,0,0,0,0,1,0,0,0,0,1,0,1,0,0,0
period11,1,1,0,1,1,1,1,1,1,0,0,0,0,0,0,1,0,0,0,0,1,0,1,0,0,0
period12,1,1,0,1,1,1,1,1,1,0,0,0,0,0,0,1,1,0,0,0,1,0,1,0,0,0
period13,1,1,0,1,1,1,1,1,1,0,0,0,0,0,0,1,1,1,0,0,1,0,1,0,0,0
period14,1,1,0,1,1,1,1,1,1,0,0,0,0,0,0,1,1,1,0,0,1,0,1,0,0,0
period15,1,1,0,1,1,1,1,1,1,0,1,0,0,0,0,1,1,1,0,0,1,0,1,0,0,0
period16,1,1,0,1,1,1,1,1,1,0,1,0,0,0,1,1,1,1,0,0,1,0,1,0,0,0
period17,1,1,0,1,1,1,1,1,1,0,1,0,0,0,1,1,1,1,0,0,1,1,1,0,0,0
period18,1,1,0,1,1,1,1,1,1,0,1,0,0,0,1,1,1,1,0,0,1,1,1,0,0,0
period19,1,1,0,1,1,1,1,1,1,0,1,0,0,0,1,1,1,1,0,1,1,1,1,0,0,0
period20,1,1,0,1,1,1,1,1,1,0,1,0,0,1,1,1,1,1,0,1,1,1,1,0,0,0
period21,1,1,0,1,1,1,1,1,1,0,1,0,0,1,1,1,1,1,0,1,1,1,1,0,0,0
period22,1,1,0,1,1,1,1,1,1,0,1,0,0,1,1,1,1,1,0,1,1,1,1,0,0,0
period23,1,1,0,1,1,1,1,1,1,0,1,0,0,1,1,1,1,1,1,1,1,1,1,0,0,0
period24,1,1,0,1,1,1,1,1,1,0,1,0,0,1,1,1,1,1,1,1,1,1,1,0,0,0
period25,1,1,0,1,1,1,1,1,1,0,1,0,0,1,1,1,1,1,1,1,1,1,1,0,0,0
period1,0,0,0,0,0,0,0,0,0,0,0,0,0,0,0,0,0,0,0,0,0,0,0,0,0,0
period2,0,0,0,0,0,0,0,0,0,0,0,0,0,0,0,0,0,0,0,0,0,0,0,0,0,0
period3,0,0,0,1,1,0,0,0,0,0,0,0,0,0,0,0,0,0,0,0,1,0,0,0,0,0
period4,0,0,0,1,1,0,0,0,0,0,0,0,0,0,0,1,0,0,0,0,1,0,0,0,0,0
period5,0,0,0,1,1,0,0,0,0,0,0,0,0,0,0,1,0,0,0,0,1,0,0,0,0,0
period6,0,0,0,1,1,0,0,0,0,0,0,0,0,0,0,1,0,0,0,0,1,0,0,0,0,0
period7,0,0,0,1,1,0,0,1,0,0,0,0,0,0,0,1,0,0,0,0,1,0,0,0,0,0
period8,0,0,0,1,1,0,0,1,0,0,0,0,0,0,0,1,0,0,0,0,1,0,0,0,0,0
period9,0,0,0,1,1,0,0,1,1,0,0,0,0,0,0,1,0,0,0,0,1,0,0,0,0,0
period10,0,0,0,1,1,0,0,1,1,0,0,0,0,0,0,1,0,0,0,0,1,1,1,0,0,0
period11,0,0,0,1,1,0,0,1,1,0,0,0,0,0,0,1,0,0,0,0,1,1,1,0,0,0
period12,0,0,0,1,1,0,0,1,1,0,0,0,0,0,0,1,0,0,0,0,1,1,1,0,0,0
period13,0,0,0,1,1,0,0,1,1,0,0,0,0,0,0,1,0,0,0,0,1,1,1,0,0,0
period14,0,0,0,1,1,0,1,1,1,0,0,0,0,0,0,1,0,0,0,0,1,1,1,0,0,0
period15,0,0,0,1,1,0,1,1,1,0,0,0,0,0,0,1,0,0,0,0,1,1,1,0,0,0
period16,1,0,0,1,1,0,1,1,1,0,0,0,0,0,0,1,1,0,0,0,1,1,1,0,0,0
period17,1,1,0,1,1,1,1,1,1,0,0,0,0,0,0,1,1,0,0,0,1,1,1,0,0,0
period18,1,1,0,1,1,1,1,1,1,0,0,0,0,0,0,1,1,0,0,0,1,1,1,0,0,0
period19,1,1,0,1,1,1,1,1,1,0,0,0,0,0,0,1,1,0,0,0,1,1,1,0,0,0
period20,1,1,0,1,1,1,1,1,1,0,0,0,0,0,0,1,1,0,0,0,1,1,1,0,0,0
period21,1,1,0,1,1,1,1,1,1,0,0,0,0,0,0,1,1,0,0,0,1,1,1,0,0,0
period22,1,1,0,1,1,1,1,1,1,0,0,0,0,0,0,1,1,0,0,0,1,1,1,0,0,0
period23,1,1,0,1,1,1,1,1,1,0,0,0,0,0,0,1,1,0,0,0,1,1,1,0,0,0
period24,1,1,0,1,1,1,1,1,1,0,0,0,0,0,0,1,1,0,0,0,1,1,1,0,0,0
period25,1,1,0,1,1,1,1,1,1,0,0,0,0,0,0,1,1,1,0,0,1,1,1,0,0,0
period1,0,0,0,0,0,0,0,0,0,0,0,0,0,0,0,0,0,0,0,0,0,0,0,0,0,0
period2,0,0,0,0,0,0,0,0,0,0,0,0,0,0,0,0,0,0,0,0,1,0,0,0,0,0
period3,0,0,0,1,0,0,0,0,0,0,0,0,0,0,0,0,0,0,0,0,1,0,0,0,0,0
period4,0,0,0,1,1,0,0,0,0,0,0,0,0,0,0,1,0,0,0,0,1,0,0,0,0,0
period5,0,0,0,1,1,0,0,0,0,0,0,0,0,0,0,1,0,0,0,0,1,0,0,0,0,0
period6,0,0,0,1,1,0,0,0,0,0,0,0,0,0,0,1,0,0,0,0,1,0,0,0,0,0
period7,0,0,0,1,1,0,0,1,0,0,0,0,0,0,0,1,0,0,0,0,1,0,0,0,0,0
period8,0,0,0,1,1,0,0,1,0,0,0,0,0,0,0,1,0,0,0,0,1,0,0,0,0,0
period9,0,0,0,1,1,0,0,1,1,0,0,0,0,0,0,1,0,0,0,0,1,0,0,0,0,0
period10,0,0,0,1,1,0,1,1,1,0,0,0,0,0,0,1,0,0,0,0,1,1,1,0,0,0
period11,1,1,0,1,1,1,1,1,1,0,0,0,0,0,0,1,0,0,0,0,1,1,1,0,0,0
period12,1,1,0,1,1,1,1,1,1,0,0,0,0,0,0,1,1,0,0,0,1,1,1,0,0,0
period13,1,1,0,1,1,1,1,1,1,0,0,0,0,0,0,1,1,0,0,0,1,1,1,0,0,0
period14,1,1,0,1,1,1,1,1,1,0,0,0,0,0,0,1,1,1,0,0,1,1,1,0,0,0
period15,1,1,0,1,1,1,1,1,1,0,0,0,0,0,0,1,1,1,0,0,1,1,1,0,0,0
period16,1,1,0,1,1,1,1,1,1,0,0,0,0,0,0,1,1,1,0,0,1,1,1,0,0,0
period17,1,1,0,1,1,1,1,1,1,0,1,0,0,0,0,1,1,1,0,0,1,1,1,0,0,0
period18,1,1,0,1,1,1,1,1,1,0,1,0,0,0,0,1,1,1,0,0,1,1,1,0,0,0
period19,1,1,0,1,1,1,1,1,1,0,1,0,0,0,1,1,1,1,0,0,1,1,1,0,0,0
period20,1,1,0,1,1,1,1,1,1,0,1,0,0,0,1,1,1,1,0,0,1,1,1,0,0,0
period21,1,1,0,1,1,1,1,1,1,0,1,0,0,0,1,1,1,1,0,1,1,1,1,0,0,0
period22,1,1,0,1,1,1,1,1,1,0,1,0,0,0,1,1,1,1,0,1,1,1,1,0,0,0
period23,1,1,0,1,1,1,1,1,1,0,1,0,0,0,1,1,1,1,0,1,1,1,1,0,0,0
period24,1,1,0,1,1,1,1,1,1,0,1,0,0,0,1,1,1,1,0,1,1,1,1,0,0,0
period25,1,1,0,1,1,1,1,1,1,0,1,0,1,1,1,1,1,1,1,1,1,1,1,0,0,0
period1,0,0,0,0,0,0,0,0,0,0,0,0,0,0,0,0,0,0,0,0,0,0,0,0,0,0
period2,0,0,0,0,0,0,0,0,0,0,0,0,0,0,0,0,0,0,0,0,1,0,0,0,0,0
period3,0,0,0,0,0,0,0,0,0,0,0,0,0,0,0,0,0,0,0,0,1,0,0,0,0,0
period4,0,0,0,0,1,0,0,0,0,0,0,0,0,0,0,1,0,0,0,0,1,0,0,0,0,0
period5,0,0,0,1,1,0,0,0,0,0,0,0,0,0,0,1,0,0,0,0,1,0,0,0,0,0
period6,0,0,0,1,1,0,0,0,0,0,0,0,0,0,0,1,0,0,0,0,1,0,0,0,0,0
period7,0,0,0,1,1,0,0,0,0,0,0,0,0,0,0,1,0,0,0,0,1,0,0,0,0,0
period8,0,0,0,1,1,0,0,1,0,0,0,0,0,0,0,1,0,0,0,0,1,0,0,0,0,0
period9,1,0,0,1,1,0,0,1,0,0,0,0,0,0,0,1,0,0,0,0,1,0,0,0,0,0
period10,1,1,0,1,1,0,1,1,1,0,0,0,0,0,0,1,0,0,0,0,1,0,1,0,0,0
period11,1,1,0,1,1,1,1,1,1,0,0,0,0,0,0,1,1,0,0,0,1,0,1,0,0,0
period12,1,1,0,1,1,1,1,1,1,0,0,0,0,0,0,1,1,0,0,0,1,0,1,0,0,0
period13,1,1,0,1,1,1,1,1,1,0,0,0,0,0,0,1,1,0,0,0,1,0,1,0,0,0
period14,1,1,0,1,1,1,1,1,1,0,0,0,0,0,0,1,1,1,0,0,1,0,1,0,0,0
period15,1,1,0,1,1,1,1,1,1,0,1,0,0,0,0,1,1,1,0,0,1,0,1,0,0,0
period16,1,1,0,1,1,1,1,1,1,0,1,0,0,0,0,1,1,1,0,0,1,0,1,0,0,0
period17,1,1,0,1,1,1,1,1,1,0,1,0,0,0,1,1,1,1,0,0,1,0,1,0,0,0
period18,1,1,0,1,1,1,1,1,1,0,1,0,0,0,1,1,1,1,0,0,1,0,1,0,0,0
period19,1,1,0,1,1,1,1,1,1,0,1,0,0,1,1,1,1,1,0,1,1,0,1,0,0,0
period20,1,1,0,1,1,1,1,1,1,0,1,0,0,1,1,1,1,1,0,1,1,0,1,0,0,0
period21,1,1,0,1,1,1,1,1,1,0,1,0,0,1,1,1,1,1,0,1,1,0,1,0,0,0
period22,1,1,0,1,1,1,1,1,1,0,1,0,0,1,1,1,1,1,0,1,1,0,1,0,0,0
period23,1,1,0,1,1,1,1,1,1,0,1,0,0,1,1,1,1,1,0,1,1,0,1,0,0,0
period24,1,1,0,1,1,1,1,1,1,0,1,0,0,1,1,1,1,1,1,1,1,0,1,0,0,0
period25,1,1,1,1,1,1,1,1,1,0,1,0,0,1,1,1,1,1,1,1,1,0,1,0,0,0
period1,0,0,0,0,0,0,0,0,0,0,0,0,0,0,0,0,0,0,0,0,0,0,0,0,0,0
period2,0,0,0,0,0,0,0,0,0,0,0,0,0,0,0,0,0,0,0,0,1,0,0,0,0,0
period3,0,0,0,0,0,0,0,0,0,0,0,0,0,0,0,0,0,0,0,0,1,0,0,0,0,0
period4,0,0,0,0,1,0,0,0,0,0,0,0,0,0,0,1,0,0,0,0,1,0,0,0,0,0
period5,0,0,0,0,1,0,0,0,0,0,0,0,0,0,0,1,0,0,0,0,1,0,0,0,0,0
period6,0,0,0,1,1,0,0,0,0,0,0,0,0,0,0,1,0,0,0,0,1,0,0,0,0,0
period7,0,0,0,1,1,0,0,0,0,0,0,0,0,0,0,1,0,0,0,0,1,0,0,0,0,0
period8,0,0,0,1,1,0,0,1,0,0,0,0,0,0,0,1,0,0,0,0,1,0,0,0,0,0
period9,1,1,0,1,1,0,1,1,0,0,0,0,0,0,0,1,0,0,0,0,1,0,0,0,0,0
period10,1,1,0,1,1,1,1,1,1,0,0,0,0,0,0,1,0,0,0,0,1,0,1,0,0,0
period11,1,1,0,1,1,1,1,1,1,0,0,0,0,0,0,1,1,0,0,0,1,0,1,0,0,0
period12,1,1,0,1,1,1,1,1,1,0,0,0,0,0,0,1,1,1,0,0,1,0,1,0,0,0
period13,1,1,0,1,1,1,1,1,1,0,0,0,0,0,0,1,1,1,0,0,1,0,1,0,0,0
period14,1,1,0,1,1,1,1,1,1,0,0,0,0,0,0,1,1,1,0,0,1,0,1,0,0,0
period15,1,1,0,1,1,1,1,1,1,0,0,0,0,0,0,1,1,1,0,0,1,0,1,0,0,0
period16,1,1,0,1,1,1,1,1,1,0,0,0,0,0,0,1,1,1,0,0,1,1,1,0,0,0
period17,1,1,0,1,1,1,1,1,1,0,0,0,0,0,0,1,1,1,0,0,1,1,1,0,0,0
period18,1,1,0,1,1,1,1,1,1,0,0,0,0,0,0,1,1,1,0,0,1,1,1,0,0,0
period19,1,1,0,1,1,1,1,1,1,0,0,0,0,0,0,1,1,1,0,0,1,1,1,0,0,0
period20,1,1,0,1,1,1,1,1,1,0,0,0,0,0,0,1,1,1,0,0,1,1,1,0,0,0
period21,1,1,0,1,1,1,1,1,1,0,1,0,0,0,0,1,1,1,0,0,1,1,1,0,0,0
period22,1,1,0,1,1,1,1,1,1,0,1,0,0,0,0,1,1,1,0,0,1,1,1,0,0,0
period23,1,1,0,1,1,1,1,1,1,0,1,0,0,0,0,1,1,1,0,0,1,1,1,0,0,0
period24,1,1,0,1,1,1,1,1,1,0,1,0,0,0,0,1,1,1,0,0,1,1,1,0,0,0
period25,1,1,1,1,1,1,1,1,1,0,1,0,0,1,1,1,1,1,1,1,1,1,1,0,0,0
period1,0,0,0,0,0,0,0,0,0,0,0,0,0,0,0,0,0,0,0,0,0,0,0,0,0,0
period2,0,0,0,0,0,0,0,0,0,0,0,0,0,0,0,0,0,0,0,0,0,0,0,0,0,0
period3,0,0,0,0,0,0,0,0,0,0,0,0,0,0,0,0,0,0,0,0,0,0,0,0,0,0
period4,0,0,0,0,0,0,0,0,0,0,0,0,0,0,0,0,0,0,0,0,0,0,0,0,0,0
period5,0,0,0,0,0,0,0,0,0,0,0,0,0,0,0,0,0,0,0,0,0,0,0,0,0,0
period6,0,0,0,0,0,0,0,0,0,0,0,0,0,0,0,0,0,0,0,0,0,0,0,0,0,0
period7,0,0,0,0,0,0,0,0,0,0,0,0,0,0,0,0,0,0,0,0,0,0,0,0,0,0
period8,0,0,0,0,0,0,0,0,0,0,0,0,0,0,0,0,0,0,0,0,0,0,0,0,0,0
period9,0,0,0,0,0,0,0,0,0,0,0,0,0,0,0,0,0,0,0,0,0,0,0,0,0,0
period10,0,0,0,0,0,0,0,0,0,0,0,0,0,0,0,0,0,0,0,0,0,0,0,0,0,0
period11,0,0,0,0,0,0,0,0,0,0,0,0,0,0,0,0,0,0,0,0,0,0,0,0,0,0
period12,0,0,0,0,0,0,0,0,0,0,0,0,0,0,0,0,0,0,0,0,0,0,0,0,0,0
period13,0,0,0,0,0,0,0,0,0,0,0,0,0,0,0,0,0,0,0,0,0,0,0,0,0,0
period14,0,0,0,0,0,0,0,0,0,0,0,0,0,0,0,0,0,0,0,0,0,0,0,0,0,0
period15,0,0,0,0,0,0,0,0,0,0,0,0,0,0,0,0,0,0,0,0,0,0,0,0,0,0
period16,0,0,0,0,0,0,0,0,0,0,0,0,0,0,0,0,0,0,0,0,0,0,0,0,0,0
period17,0,0,0,0,0,0,0,0,0,0,0,0,0,0,0,0,0,0,0,0,0,0,0,0,0,0
period18,0,0,0,0,0,0,0,0,0,0,0,0,0,0,0,0,0,0,0,0,0,0,0,0,0,0
period19,0,0,0,0,0,0,0,0,0,0,0,0,0,0,0,0,0,0,0,0,0,0,0,0,0,0
period20,0,0,0,0,0,0,0,0,0,0,0,0,0,0,0,0,0,0,0,0,0,0,0,0,0,0
period21,0,0,0,0,0,0,0,0,0,0,0,0,0,0,0,0,0,0,0,0,0,0,0,0,0,0
period22,0,0,0,0,0,0,0,0,0,0,0,0,0,0,0,0,0,0,0,0,0,0,0,0,0,0
period23,0,0,0,0,0,0,0,0,0,0,0,0,0,0,0,0,0,0,0,0,0,0,0,0,0,0
period24,0,0,0,0,0,0,0,0,0,0,0,0,0,0,0,0,0,0,0,0,0,0,0,0,0,0
period25,0,0,0,0,0,0,0,0,0,0,0,0,0,0,0,0,0,0,0,0,0,0,0,0,0,0
period1,0,0,0,0,0,0,0,0,0,0,0,0,0,0,0,0,0,0,0,0,0,0,0,0,0,0
period2,0,0,0,0,0,0,0,0,0,0,0,0,0,0,0,0,0,0,0,0,1,0,0,0,0,0
period3,0,0,0,0,0,0,0,0,0,0,0,0,0,0,0,0,0,0,0,0,1,0,0,0,0,0
period4,0,0,0,0,1,0,0,0,0,0,0,0,0,0,0,1,0,0,0,0,1,0,0,0,0,0
period5,0,0,0,1,1,0,0,0,0,0,0,0,0,0,0,1,0,0,0,0,1,0,0,0,0,0
period6,0,0,0,1,1,0,0,0,0,0,0,0,0,0,0,1,0,0,0,0,1,0,0,0,0,0
period7,0,0,0,1,1,0,0,0,0,0,0,0,0,0,0,1,0,0,0,0,1,0,0,0,0,0
period8,0,0,0,1,1,0,0,1,0,0,0,0,0,0,0,1,0,0,0,0,1,0,0,0,0,0
period9,0,0,0,1,1,0,0,1,1,0,0,0,0,0,0,1,0,0,0,0,1,0,0,0,0,0
period10,1,1,0,1,1,1,1,1,1,0,0,0,0,0,0,1,0,0,0,0,1,0,1,0,0,0
period11,1,1,0,1,1,1,1,1,1,0,0,0,0,0,0,1,0,0,0,0,1,1,1,0,0,0
period12,1,1,0,1,1,1,1,1,1,0,0,0,0,0,0,1,0,0,0,0,1,1,1,0,0,0
period13,1,1,0,1,1,1,1,1,1,0,0,0,0,0,0,1,0,0,0,0,1,1,1,0,0,0
period14,1,1,0,1,1,1,1,1,1,0,0,0,0,0,0,1,0,0,0,0,1,1,1,0,0,0
period15,1,1,0,1,1,1,1,1,1,0,0,0,0,0,0,1,0,0,0,0,1,1,1,0,0,0
period16,1,1,0,1,1,1,1,1,1,0,1,0,0,0,0,1,0,0,0,0,1,1,1,0,0,0
period17,1,1,0,1,1,1,1,1,1,0,1,0,0,0,0,1,0,0,0,0,1,1,1,0,0,0
period18,1,1,1,1,1,1,1,1,1,0,1,1,0,0,0,1,0,0,0,0,1,1,1,0,0,0
period19,1,1,1,1,1,1,1,1,1,0,1,1,0,1,1,1,0,0,0,0,1,1,1,0,1,1
period20,1,1,1,1,1,1,1,1,1,0,1,1,0,1,1,1,0,0,0,1,1,1,1,0,1,1
period21,1,1,1,1,1,1,1,1,1,0,1,1,0,1,1,1,0,0,0,1,1,1,1,0,1,1
period22,1,1,1,1,1,1,1,1,1,0,1,1,0,1,1,1,0,0,0,1,1,1,1,0,1,1
period23,1,1,1,1,1,1,1,1,1,0,1,1,0,1,1,1,0,0,0,1,1,1,1,0,1,1
period24,1,1,1,1,1,1,1,1,1,0,1,1,0,1,1,1,0,0,1,1,1,1,1,0,1,1
period25,1,1,1,1,1,1,1,1,1,0,1,1,0,1,1,1,0,0,1,1,1,1,1,0,1,1
period1,0,0,0,0,0,0,0,0,0,0,0,0,0,0,0,0,0,0,0,0,0,0,0,0,0,0
period2,0,0,0,0,0,0,0,0,0,0,0,0,0,0,0,0,0,0,0,0,1,0,0,0,0,0
period3,0,0,0,0,1,0,0,0,0,0,0,0,0,0,0,0,0,0,0,0,1,0,0,0,0,0
period4,0,0,0,0,1,0,0,0,0,0,0,0,0,0,0,1,0,0,0,0,1,0,0,0,0,0
period5,0,0,0,0,1,0,0,0,0,0,0,0,0,0,0,1,0,0,0,0,1,0,0,0,0,0
period6,0,0,0,0,1,0,0,0,0,0,0,0,0,0,0,1,0,0,0,0,1,0,0,0,0,0
period7,0,0,0,1,1,0,0,0,0,0,0,0,0,0,0,1,0,0,0,0,1,0,0,0,0,0
period8,0,0,0,1,1,0,0,0,0,0,0,0,0,0,0,1,0,0,0,0,1,0,0,0,0,0
period9,0,0,0,1,1,0,0,1,0,0,0,0,0,0,0,1,0,0,0,0,1,0,0,0,0,0
period10,0,0,0,1,1,0,0,1,0,0,0,0,0,0,0,1,0,0,0,0,1,0,0,0,0,0
period11,0,0,0,1,1,0,0,1,1,0,0,0,0,0,0,1,0,0,0,0,1,0,1,0,0,0
period12,1,1,0,1,1,0,0,1,1,0,0,0,0,0,0,1,0,0,0,0,1,0,1,0,0,0
period13,1,1,0,1,1,1,1,1,1,0,0,0,0,0,0,1,1,0,0,0,1,0,1,0,0,0
period14,1,1,1,1,1,1,1,1,1,0,0,0,0,0,0,1,1,0,0,0,1,0,1,0,0,0
period15,1,1,1,1,1,1,1,1,1,0,0,0,0,0,0,1,1,0,0,0,1,0,1,0,0,0
period16,1,1,1,1,1,1,1,1,1,0,0,0,0,0,0,1,1,0,0,0,1,0,1,0,0,0
period17,1,1,1,1,1,1,1,1,1,0,0,0,0,0,0,1,1,0,0,0,1,0,1,0,0,0
period18,1,1,1,1,1,1,1,1,1,0,0,0,0,0,0,1,1,0,0,0,1,0,1,0,0,0
period19,1,1,1,1,1,1,1,1,1,0,0,0,0,0,0,1,1,1,0,0,1,0,1,0,0,0
period20,1,1,1,1,1,1,1,1,1,0,1,0,0,0,0,1,1,1,0,0,1,0,1,0,0,0
period21,1,1,1,1,1,1,1,1,1,0,1,0,0,0,0,1,1,1,0,0,1,0,1,0,0,0
period22,1,1,1,1,1,1,1,1,1,0,1,0,0,0,1,1,1,1,0,0,1,0,1,0,0,0
period23,1,1,1,1,1,1,1,1,1,0,1,0,1,0,1,1,1,1,0,0,1,0,1,0,0,0
period24,1,1,1,1,1,1,1,1,1,0,1,1,1,0,1,1,1,1,0,1,1,0,1,0,0,0
period25,1,1,1,1,1,1,1,1,1,0,1,1,1,0,1,1,1,1,0,1,1,1,1,0,1,1
period1,0,0,0,0,0,0,0,0,0,0,0,0,0,0,0,0,0,0,0,0,0,0,0,0,0,0
period2,0,0,0,0,0,0,0,0,0,0,0,0,0,0,0,0,0,0,0,0,1,0,0,0,0,0
period3,0,0,0,1,0,0,0,0,0,0,0,0,0,0,0,0,0,0,0,0,1,0,0,0,0,0
period4,0,0,0,1,1,0,0,0,0,0,0,0,0,0,0,1,0,0,0,0,1,0,0,0,0,0
period5,0,0,0,1,1,0,0,0,0,0,0,0,0,0,0,1,0,0,0,0,1,0,0,0,0,0
period6,0,0,0,1,1,0,0,0,0,0,0,0,0,0,0,1,0,0,0,0,1,0,0,0,0,0
period7,0,0,0,1,1,0,0,0,0,0,0,0,0,0,0,1,0,0,0,0,1,0,0,0,0,0
period8,0,0,0,1,1,0,0,1,0,0,0,0,0,0,0,1,0,0,0,0,1,0,0,0,0,0
period9,0,0,0,1,1,0,1,1,0,0,0,0,0,0,0,1,0,0,0,0,1,0,0,0,0,0
period10,0,0,0,1,1,0,1,1,1,0,0,0,0,0,0,1,0,0,0,0,1,0,0,0,0,0
period11,0,0,0,1,1,0,1,1,1,0,0,0,0,0,0,1,1,0,0,0,1,0,1,0,0,0
period12,0,0,0,1,1,0,1,1,1,0,0,0,0,0,0,1,1,0,0,0,1,0,1,0,0,0
period13,0,0,0,1,1,1,1,1,1,0,0,0,0,0,0,1,1,1,0,0,1,0,1,0,0,0
period14,0,0,0,1,1,1,1,1,1,0,0,0,0,0,0,1,1,1,0,0,1,0,1,0,0,0
period15,0,0,0,1,1,1,1,1,1,0,0,0,0,0,0,1,1,1,0,0,1,0,1,0,0,0
period16,1,0,0,1,1,1,1,1,1,0,0,0,0,0,0,1,1,1,0,0,1,0,1,0,0,0
period17,1,0,0,1,1,1,1,1,1,0,0,0,0,0,0,1,1,1,0,0,1,0,1,0,0,0
period18,1,1,0,1,1,1,1,1,1,0,0,0,0,0,0,1,1,1,0,0,1,0,1,0,0,0
period19,1,1,0,1,1,1,1,1,1,0,0,0,0,0,0,1,1,1,0,0,1,0,1,0,0,0
period20,1,1,0,1,1,1,1,1,1,0,1,0,0,0,0,1,1,1,0,0,1,0,1,0,0,0
period21,1,1,0,1,1,1,1,1,1,0,1,0,0,0,1,1,1,1,0,0,1,0,1,0,0,0
period22,1,1,0,1,1,1,1,1,1,0,1,0,0,0,1,1,1,1,0,0,1,0,1,0,0,0
period23,1,1,1,1,1,1,1,1,1,0,1,0,0,1,1,1,1,1,0,1,1,0,1,0,0,0
period24,1,1,1,1,1,1,1,1,1,0,1,0,0,1,1,1,1,1,0,1,1,0,1,0,0,0
period25,1,1,1,1,1,1,1,1,1,0,1,0,0,1,1,1,1,1,1,1,1,0,1,1,0,0
period1,0,0,0,0,0,0,0,0,0,0,0,0,0,0,0,0,0,0,0,0,0,0,0,0,0,0
period2,0,0,0,0,0,0,0,0,0,0,0,0,0,0,0,0,0,0,0,0,1,0,0,0,0,0
period3,0,0,0,0,0,0,0,0,0,0,0,0,0,0,0,0,0,0,0,0,1,0,0,0,0,0
period4,0,0,0,0,0,0,0,0,0,0,0,0,0,0,0,0,0,0,0,0,1,0,0,0,0,0
period5,0,0,0,1,1,0,0,0,0,0,0,0,0,0,0,1,0,0,0,0,1,0,0,0,0,0
period6,0,0,0,1,1,0,0,0,0,0,0,0,0,0,0,1,0,0,0,0,1,0,0,0,0,0
period7,0,0,0,1,1,0,0,1,0,0,0,0,0,0,0,1,0,0,0,0,1,0,0,0,0,0
period8,0,0,0,1,1,0,0,1,0,0,0,0,0,0,0,1,0,0,0,0,1,0,0,0,0,0
period9,0,0,0,1,1,0,0,1,1,0,0,0,0,0,0,1,0,0,0,0,1,0,1,0,0,0
period10,1,1,0,1,1,1,1,1,1,0,0,0,0,0,0,1,1,0,0,0,1,0,1,0,0,0
period11,1,1,0,1,1,1,1,1,1,0,0,0,0,0,0,1,1,0,0,0,1,0,1,0,0,0
period12,1,1,0,1,1,1,1,1,1,0,0,0,0,0,0,1,1,0,0,0,1,0,1,0,0,0
period13,1,1,0,1,1,1,1,1,1,0,0,0,0,0,0,1,1,0,0,0,1,0,1,0,0,0
period14,1,1,0,1,1,1,1,1,1,0,0,0,0,0,0,1,1,1,0,0,1,0,1,0,0,0
period15,1,1,0,1,1,1,1,1,1,0,0,0,0,0,0,1,1,1,0,0,1,0,1,0,0,0
period16,1,1,0,1,1,1,1,1,1,0,1,0,0,0,0,1,1,1,0,0,1,0,1,0,0,0
period17,1,1,0,1,1,1,1,1,1,0,1,0,0,0,1,1,1,1,0,0,1,0,1,0,0,0
period18,1,1,0,1,1,1,1,1,1,0,1,0,0,0,1,1,1,1,0,0,1,0,1,0,0,0
period19,1,1,0,1,1,1,1,1,1,0,1,0,0,0,1,1,1,1,0,1,1,0,1,0,0,0
period20,1,1,0,1,1,1,1,1,1,0,1,0,0,1,1,1,1,1,0,1,1,0,1,0,0,0
period21,1,1,0,1,1,1,1,1,1,0,1,0,0,1,1,1,1,1,0,1,1,0,1,0,0,0
period22,1,1,0,1,1,1,1,1,1,0,1,0,0,1,1,1,1,1,1,1,1,0,1,0,0,0
period23,1,1,0,1,1,1,1,1,1,0,1,0,0,1,1,1,1,1,1,1,1,0,1,0,0,0
period24,1,1,0,1,1,1,1,1,1,0,1,0,0,1,1,1,1,1,1,1,1,0,1,0,0,0
period25,1,1,0,1,1,1,1,1,1,0,1,0,0,1,1,1,1,1,1,1,1,0,1,0,0,0
period1,0,0,0,0,0,0,0,0,0,0,0,0,0,0,0,0,0,0,0,0,0,0,0,0,0,0
period2,0,0,0,0,0,0,0,0,0,0,0,0,0,0,0,0,0,0,0,0,1,0,0,0,0,0
period3,0,0,0,0,0,0,0,0,0,0,0,0,0,0,0,0,0,0,0,0,1,0,0,0,0,0
period4,0,0,0,0,0,0,0,0,0,0,0,0,0,0,0,0,0,0,0,0,1,0,0,0,0,0
period5,0,0,0,0,1,0,0,0,0,0,0,0,0,0,0,1,0,0,0,0,1,0,0,0,0,0
period6,0,0,0,0,1,0,0,0,0,0,0,0,0,0,0,1,0,0,0,0,1,0,0,0,0,0
period7,0,0,0,1,1,0,0,0,0,0,0,0,0,0,0,1,0,0,0,0,1,0,0,0,0,0
period8,0,0,0,1,1,0,0,0,0,0,0,0,0,0,0,1,0,0,0,0,1,0,0,0,0,0
period9,0,0,0,1,1,0,1,0,0,0,0,0,0,0,0,1,0,0,0,0,1,0,0,0,0,0
period10,1,1,0,1,1,1,1,0,0,0,0,0,0,0,0,1,1,0,0,0,1,0,0,0,0,0
period11,1,1,0,1,1,1,1,0,0,0,0,0,0,0,0,1,1,0,0,0,1,0,0,0,0,0
period12,1,1,0,1,1,1,1,1,0,0,0,0,0,0,0,1,1,0,0,0,1,0,0,0,0,0
period13,1,1,0,1,1,1,1,1,0,0,0,0,0,0,0,1,1,0,0,0,1,0,0,0,0,0
period14,1,1,0,1,1,1,1,1,1,0,0,0,0,0,0,1,1,0,0,0,1,0,0,0,0,0
period15,1,1,0,1,1,1,1,1,1,0,0,0,0,0,0,1,1,0,0,0,1,0,0,0,0,0
period16,1,1,0,1,1,1,1,1,1,0,0,0,0,0,0,1,1,0,0,0,1,0,0,0,0,0
period17,1,1,0,1,1,1,1,1,1,0,0,0,0,0,0,1,1,1,0,0,1,0,0,0,0,0
period18,1,1,0,1,1,1,1,1,1,0,0,0,0,0,0,1,1,1,0,0,1,0,0,0,0,0
period19,1,1,0,1,1,1,1,1,1,0,0,0,0,0,0,1,1,1,0,0,1,0,0,0,0,0
period20,1,1,0,1,1,1,1,1,1,0,0,0,0,0,0,1,1,1,0,0,1,0,0,0,0,0
period21,1,1,0,1,1,1,1,1,1,0,1,0,0,0,0,1,1,1,0,0,1,0,0,0,0,0
period22,1,1,1,1,1,1,1,1,1,0,1,0,0,0,0,1,1,1,0,0,1,0,0,0,0,0
period23,1,1,1,1,1,1,1,1,1,0,1,0,0,0,1,1,1,1,0,0,1,0,1,0,0,0
period24,1,1,1,1,1,1,1,1,1,0,1,0,0,0,1,1,1,1,0,0,1,0,1,0,0,0
period25,1,1,1,1,1,1,1,1,1,0,1,0,1,1,1,1,1,1,1,1,1,0,1,0,0,0
period1,0,0,0,0,0,0,0,0,0,0,0,0,0,0,0,0,0,0,0,0,0,0,0,0,0,0
period2,0,0,0,0,0,0,0,0,0,0,0,0,0,0,0,0,0,0,0,0,1,0,0,0,0,0
period3,0,0,0,0,0,0,0,0,0,0,0,0,0,0,0,0,0,0,0,0,1,0,0,0,0,0
period4,0,0,0,0,1,0,0,0,0,0,0,0,0,0,0,1,0,0,0,0,1,0,0,0,0,0
period5,0,0,0,0,1,0,0,0,0,0,0,0,0,0,0,1,0,0,0,0,1,0,0,0,0,0
period6,0,0,0,1,1,0,0,0,0,0,0,0,0,0,0,1,0,0,0,0,1,0,0,0,0,0
period7,0,0,0,1,1,0,0,0,0,0,0,0,0,0,0,1,0,0,0,0,1,0,0,0,0,0
period8,0,0,0,1,1,0,0,1,0,0,0,0,0,0,0,1,0,0,0,0,1,0,0,0,0,0
period9,0,0,0,1,1,0,0,1,0,0,0,0,0,0,0,1,0,0,0,0,1,0,0,0,0,0
period10,0,0,0,1,1,0,1,1,1,0,0,0,0,0,0,1,0,0,0,0,1,1,0,0,0,0
period11,1,1,0,1,1,1,1,1,1,0,0,0,0,0,0,1,1,0,0,0,1,1,0,0,0,0
period12,1,1,0,1,1,1,1,1,1,0,0,0,0,0,0,1,1,0,0,0,1,1,0,0,0,0
period13,1,1,0,1,1,1,1,1,1,0,0,0,0,0,0,1,1,0,0,0,1,1,0,0,0,0
period14,1,1,0,1,1,1,1,1,1,0,0,0,0,0,0,1,1,0,0,0,1,1,1,0,0,0
period15,1,1,0,1,1,1,1,1,1,0,0,0,0,0,0,1,1,0,0,0,1,1,1,0,0,0
period16,1,1,0,1,1,1,1,1,1,0,0,0,0,0,0,1,1,0,0,0,1,1,1,0,0,0
period17,1,1,0,1,1,1,1,1,1,0,0,0,0,0,0,1,1,0,0,0,1,1,1,0,0,0
period18,1,1,0,1,1,1,1,1,1,0,0,0,0,0,0,1,1,0,0,0,1,1,1,0,0,0
period19,1,1,0,1,1,1,1,1,1,0,0,0,0,0,0,1,1,0,0,0,1,1,1,0,0,0
period20,1,1,0,1,1,1,1,1,1,0,1,0,0,0,0,1,1,1,0,0,1,1,1,0,0,0
period21,1,1,0,1,1,1,1,1,1,0,1,0,0,0,0,1,1,1,0,0,1,1,1,0,0,0
period22,1,1,0,1,1,1,1,1,1,0,1,0,0,0,0,1,1,1,0,0,1,1,1,0,0,0
period23,1,1,0,1,1,1,1,1,1,0,1,0,0,0,0,1,1,1,0,0,1,1,1,0,0,0
period24,1,1,0,1,1,1,1,1,1,0,1,0,0,0,0,1,1,1,0,0,1,1,1,0,0,0
period25,1,1,0,1,1,1,1,1,1,0,1,0,0,0,1,1,1,1,0,1,1,1,1,0,0,0
period1,0,0,0,0,0,0,0,0,0,0,0,0,0,0,0,0,0,0,0,0,0,0,0,0,0,0
period2,0,0,0,0,0,0,0,0,0,0,0,0,0,0,0,0,0,0,0,0,0,0,0,0,0,0
period3,0,0,0,1,0,0,0,0,0,0,0,0,0,0,0,0,0,0,0,0,1,0,0,0,0,0
period4,0,0,0,1,1,0,0,0,0,0,0,0,0,0,0,1,0,0,0,0,1,0,0,0,0,0
period5,0,0,0,1,1,0,0,0,0,0,0,0,0,0,0,1,0,0,0,0,1,0,0,0,0,0
period6,0,0,0,1,1,0,0,0,0,0,0,0,0,0,0,1,0,0,0,0,1,0,0,0,0,0
period7,1,1,0,1,1,0,0,0,0,0,0,0,0,0,0,1,0,0,0,0,1,0,0,0,0,0
period8,1,1,0,1,1,0,0,0,0,0,0,0,0,0,0,1,0,0,0,0,1,0,0,0,0,0
period9,1,1,0,1,1,0,0,0,0,0,0,0,0,0,0,1,0,0,0,0,1,0,0,0,0,0
period10,1,1,0,1,1,0,0,0,0,0,0,0,0,0,0,1,0,0,0,0,1,0,0,0,0,0
period11,1,1,0,1,1,0,0,0,0,0,0,0,0,0,0,1,0,0,0,0,1,0,0,0,0,0
period12,1,1,0,1,1,0,0,0,0,0,0,0,0,0,0,1,0,0,0,0,1,0,0,0,0,0
period13,1,1,0,1,1,0,0,0,0,0,0,0,0,0,0,1,0,0,0,0,1,0,0,0,0,0
period14,1,1,0,1,1,0,1,0,0,0,0,0,0,0,0,1,0,0,0,0,1,0,0,0,0,0
period15,1,1,0,1,1,0,1,0,0,0,0,0,0,0,0,1,1,0,0,0,1,0,0,0,0,0
period16,1,1,0,1,1,0,1,1,0,0,0,0,0,0,0,1,1,0,0,0,1,0,0,0,0,0
period17,1,1,0,1,1,0,1,1,0,0,0,0,0,0,0,1,1,0,0,0,1,0,0,0,0,0
period18,1,1,0,1,1,0,1,1,0,0,0,0,0,0,0,1,1,0,0,0,1,0,0,0,0,0
period19,1,1,0,1,1,0,1,1,0,0,0,0,0,0,0,1,1,0,0,0,1,0,0,0,0,0
period20,1,1,0,1,1,0,1,1,0,0,0,0,0,0,0,1,1,1,0,0,1,0,0,0,0,0
period21,1,1,0,1,1,0,1,1,0,0,0,0,0,0,0,1,1,1,0,0,1,0,0,0,0,0
period22,1,1,0,1,1,0,1,1,0,0,0,0,0,0,0,1,1,1,0,0,1,0,0,0,0,0
period23,1,1,0,1,1,0,1,1,0,0,0,0,0,0,0,1,1,1,0,0,1,0,0,0,0,0
period24,1,1,0,1,1,1,1,1,0,0,0,0,0,0,0,1,1,1,0,0,1,0,0,0,0,0
period25,1,1,1,1,1,1,1,1,1,0,1,0,1,0,0,1,1,1,0,0,1,0,1,0,0,0
period1,0,0,0,0,0,0,0,0,0,0,0,0,0,0,0,0,0,0,0,0,0,0,0,0,0,0
period2,0,0,0,0,0,0,0,0,0,0,0,0,0,0,0,0,0,0,0,0,1,0,0,0,0,0
period3,0,0,0,0,0,0,0,0,0,0,0,0,0,0,0,0,0,0,0,0,1,0,0,0,0,0
period4,0,0,0,0,0,0,0,0,0,0,0,0,0,0,0,0,0,0,0,0,1,0,0,0,0,0
period5,0,0,0,1,1,0,0,0,0,0,0,0,0,0,0,1,0,0,0,0,1,0,0,0,0,0
period6,0,0,0,1,1,0,0,0,0,0,0,0,0,0,0,1,0,0,0,0,1,0,0,0,0,0
period7,0,0,0,1,1,0,1,0,0,0,0,0,0,0,0,1,1,0,0,0,1,0,0,0,0,0
period8,0,0,0,1,1,0,1,0,0,0,0,0,0,0,0,1,1,0,0,0,1,0,0,0,0,0
period9,0,0,0,1,1,0,1,0,0,0,0,0,0,0,0,1,1,0,0,0,1,0,0,0,0,0
period10,0,0,0,1,1,0,1,0,0,0,0,0,0,0,0,1,1,0,0,0,1,0,0,0,0,0
period11,1,1,0,1,1,1,1,1,0,0,0,0,0,0,0,1,1,0,0,0,1,0,0,0,0,0
period12,1,1,0,1,1,1,1,1,0,0,0,0,0,0,0,1,1,0,0,0,1,0,0,0,0,0
period13,1,1,0,1,1,1,1,1,0,0,0,0,0,0,0,1,1,0,0,0,1,0,0,0,0,0
period14,1,1,0,1,1,1,1,1,0,0,0,0,0,0,0,1,1,0,0,0,1,0,0,0,0,0
period15,1,1,0,1,1,1,1,1,0,0,0,0,0,0,0,1,1,1,0,0,1,0,0,0,0,0
period16,1,1,0,1,1,1,1,1,0,0,0,0,0,0,0,1,1,1,0,0,1,0,0,0,0,0
period17,1,1,0,1,1,1,1,1,0,0,0,0,0,0,0,1,1,1,0,0,1,0,0,0,0,0
period18,1,1,0,1,1,1,1,1,0,0,0,0,0,0,0,1,1,1,0,0,1,0,0,0,0,0
period19,1,1,0,1,1,1,1,1,0,0,0,0,0,0,0,1,1,1,0,0,1,0,0,0,0,0
period20,1,1,0,1,1,1,1,1,0,0,0,0,0,0,0,1,1,1,0,0,1,0,0,0,0,0
period21,1,1,0,1,1,1,1,1,0,0,0,0,0,0,0,1,1,1,0,0,1,0,0,0,0,0
period22,1,1,0,1,1,1,1,1,0,0,0,0,0,0,0,1,1,1,0,0,1,0,0,0,0,0
period23,1,1,0,1,1,1,1,1,0,0,0,0,0,0,0,1,1,1,0,0,1,0,0,0,0,0
period24,1,1,0,1,1,1,1,1,0,0,0,0,0,0,0,1,1,1,0,0,1,0,0,0,0,0
period1,0,0,0,0,0,0,0,0,0,0,0,0,0,0,0,0,0,0,0,0,0,0,0,0,0,0
period2,0,0,0,0,0,0,0,0,0,0,0,0,0,0,0,0,0,0,0,0,1,0,0,0,0,0
period3,0,0,0,0,0,0,0,0,0,0,0,0,0,0,0,0,0,0,0,0,1,0,0,0,0,0
period4,0,0,0,0,0,0,0,0,0,0,0,0,0,0,0,0,0,0,0,0,1,0,0,0,0,0
period5,0,0,0,1,1,0,0,0,0,0,0,0,0,0,0,0,0,0,0,0,1,0,0,0,0,0
period6,0,0,0,1,1,0,0,0,0,0,0,0,0,0,0,1,0,0,0,0,1,0,0,0,0,0
period7,0,0,0,1,1,0,0,1,0,0,0,0,0,0,0,1,0,0,0,0,1,0,0,0,0,0
period8,0,0,0,1,1,0,0,1,0,0,0,0,0,0,0,1,0,0,0,0,1,0,0,0,0,0
period9,0,0,0,1,1,0,0,1,1,0,0,0,0,0,0,1,0,0,0,0,1,0,0,0,0,0
period10,1,0,0,1,1,0,1,1,1,0,0,0,0,0,0,1,0,0,0,0,1,0,1,0,0,0
period11,1,1,0,1,1,1,1,1,1,0,0,0,0,0,0,1,1,0,0,0,1,0,1,0,0,0
period12,1,1,0,1,1,1,1,1,1,0,0,0,0,0,0,1,1,0,0,0,1,1,1,0,0,0
period13,1,1,0,1,1,1,1,1,1,0,0,0,0,0,0,1,1,1,0,0,1,1,1,0,0,0
period14,1,1,0,1,1,1,1,1,1,0,0,0,0,0,0,1,1,1,0,0,1,1,1,0,0,0
period15,1,1,0,1,1,1,1,1,1,0,0,0,0,0,0,1,1,1,0,0,1,1,1,0,0,0
period16,1,1,0,1,1,1,1,1,1,0,0,0,0,0,0,1,1,1,0,0,1,1,1,0,0,0
period17,1,1,0,1,1,1,1,1,1,0,0,0,0,0,0,1,1,1,0,0,1,1,1,0,0,0
period18,1,1,0,1,1,1,1,1,1,0,0,0,0,0,0,1,1,1,0,0,1,1,1,0,0,0
period19,1,1,0,1,1,1,1,1,1,0,0,0,0,0,0,1,1,1,0,0,1,1,1,0,0,0
period20,1,1,0,1,1,1,1,1,1,0,0,0,0,0,0,1,1,1,0,0,1,1,1,0,0,0
period21,1,1,0,1,1,1,1,1,1,0,1,0,0,0,0,1,1,1,0,0,1,1,1,0,0,0
period22,1,1,0,1,1,1,1,1,1,0,1,0,0,0,0,1,1,1,0,0,1,1,1,0,0,0
period23,1,1,0,1,1,1,1,1,1,0,1,0,0,0,0,1,1,1,0,0,1,1,1,0,0,0
period24,1,1,0,1,1,1,1,1,1,0,1,0,0,0,0,1,1,1,0,0,1,1,1,0,0,0
period25,1,1,1,1,1,1,1,1,1,0,1,0,0,1,0,1,1,1,0,0,1,1,1,0,0,0
period1,0,0,0,0,0,0,0,0,0,0,0,0,0,0,0,0,0,0,0,0,0,0,0,0,0,0
period2,0,0,0,0,0,0,0,0,0,0,0,0,0,0,0,0,0,0,0,0,1,0,0,0,0,0
period3,0,0,0,0,0,0,0,0,0,0,0,0,0,0,0,0,0,0,0,0,1,0,0,0,0,0
period4,0,0,0,0,0,0,0,0,0,0,0,0,0,0,0,0,0,0,0,0,1,0,0,0,0,0
period5,0,0,0,1,1,0,0,0,0,0,0,0,0,0,0,1,0,0,0,0,1,0,0,0,0,0
period6,0,0,0,1,1,0,0,0,0,0,0,0,0,0,0,1,0,0,0,0,1,0,0,0,0,0
period7,0,0,0,1,1,0,0,0,0,0,0,0,0,0,0,1,0,0,0,0,1,0,0,0,0,0
period8,0,0,0,1,1,0,1,1,0,0,0,0,0,0,0,1,0,0,0,0,1,0,0,0,0,0
period9,0,0,0,1,1,0,1,1,0,0,0,0,0,0,0,1,1,0,0,0,1,0,0,0,0,0
period10,1,1,0,1,1,1,1,1,1,0,0,0,0,0,0,1,1,0,0,0,1,0,0,0,0,0
period11,1,1,0,1,1,1,1,1,1,0,0,0,0,0,0,1,1,0,0,0,1,0,1,0,0,0
period12,1,1,0,1,1,1,1,1,1,0,0,0,0,0,0,1,1,0,0,0,1,1,1,0,0,0
period13,1,1,0,1,1,1,1,1,1,0,0,0,0,0,0,1,1,0,0,0,1,1,1,0,0,0
period14,1,1,0,1,1,1,1,1,1,0,0,0,0,0,0,1,1,0,0,0,1,1,1,0,0,0
period15,1,1,0,1,1,1,1,1,1,0,0,0,0,0,0,1,1,0,0,0,1,1,1,0,0,0
period16,1,1,0,1,1,1,1,1,1,0,0,0,0,0,0,1,1,1,0,0,1,1,1,0,0,0
period17,1,1,0,1,1,1,1,1,1,0,0,0,0,0,0,1,1,1,0,0,1,1,1,0,0,0
period18,1,1,0,1,1,1,1,1,1,0,0,0,0,0,0,1,1,1,0,0,1,1,1,0,0,0
period19,1,1,0,1,1,1,1,1,1,0,0,0,0,0,0,1,1,1,0,0,1,1,1,0,0,0
period20,1,1,0,1,1,1,1,1,1,0,0,0,0,0,0,1,1,1,0,0,1,1,1,0,0,0
period21,1,1,0,1,1,1,1,1,1,0,0,0,0,0,0,1,1,1,0,0,1,1,1,0,0,0
period22,1,1,0,1,1,1,1,1,1,0,0,0,0,0,0,1,1,1,0,0,1,1,1,0,0,0
period23,1,1,0,1,1,1,1,1,1,0,0,0,0,0,0,1,1,1,0,0,1,1,1,0,0,0
period24,1,1,0,1,1,1,1,1,1,0,0,0,0,0,0,1,1,1,0,0,1,1,1,0,0,0
period25,1,1,0,1,1,1,1,1,1,0,1,0,0,0,0,1,1,1,0,0,1,1,1,0,0,0
period1,0,0,0,0,0,0,0,0,0,0,0,0,0,0,0,0,0,0,0,0,0,0,0,0,0,0
period2,0,0,0,0,0,0,0,0,0,0,0,0,0,0,0,0,0,0,0,0,1,0,0,0,0,0
period3,0,0,0,0,0,0,0,0,0,0,0,0,0,0,0,0,0,0,0,0,1,0,0,0,0,0
period4,0,0,0,0,1,0,0,0,0,0,0,0,0,0,0,1,0,0,0,0,1,0,0,0,0,0
period5,0,0,0,1,1,0,0,0,0,0,0,0,0,0,0,1,0,0,0,0,1,0,0,0,0,0
period6,0,0,0,1,1,0,0,0,0,0,0,0,0,0,0,1,0,0,0,0,1,0,0,0,0,0
period7,0,0,0,1,1,0,0,0,0,0,0,0,0,0,0,1,0,0,0,0,1,0,0,0,0,0
period8,0,0,0,1,1,0,0,1,0,0,0,0,0,0,0,1,0,0,0,0,1,0,0,0,0,0
period9,0,0,0,1,1,0,0,1,0,0,0,0,0,0,0,1,0,0,0,0,1,0,0,0,0,0
period10,1,1,0,1,1,1,0,1,1,0,0,0,0,0,0,1,0,0,0,0,1,1,0,0,0,0
period11,1,1,0,1,1,1,0,1,1,0,0,0,0,0,0,1,0,0,0,0,1,1,0,0,0,0
period12,1,1,0,1,1,1,0,1,1,0,0,0,0,0,0,1,0,0,0,0,1,1,0,0,0,0
period13,1,1,0,1,1,1,1,1,1,0,0,0,0,0,0,1,0,0,0,0,1,1,1,0,0,0
period14,1,1,1,1,1,1,1,1,1,0,0,0,0,0,0,1,0,0,0,0,1,1,1,0,0,0
period15,1,1,1,1,1,1,1,1,1,0,0,0,0,0,0,1,1,0,0,0,1,1,1,0,0,0
period16,1,1,1,1,1,1,1,1,1,0,0,0,0,0,0,1,1,0,0,0,1,1,1,0,0,0
period17,1,1,1,1,1,1,1,1,1,0,0,0,0,0,0,1,1,0,0,0,1,1,1,0,0,0
period18,1,1,1,1,1,1,1,1,1,0,0,0,0,0,0,1,1,0,0,0,1,1,1,0,0,0
period19,1,1,1,1,1,1,1,1,1,0,0,0,0,0,0,1,1,0,0,0,1,1,1,0,0,0
period20,1,1,1,1,1,1,1,1,1,0,0,0,0,0,0,1,1,0,0,0,1,1,1,0,0,0
period21,1,1,1,1,1,1,1,1,1,0,0,0,0,0,0,1,1,0,0,0,1,1,1,0,0,0
period22,1,1,1,1,1,1,1,1,1,0,0,0,0,0,0,1,1,0,0,0,1,1,1,0,0,0
period23,1,1,1,1,1,1,1,1,1,0,0,0,0,0,0,1,1,0,0,0,1,1,1,0,0,0
period24,1,1,1,1,1,1,1,1,1,0,0,0,0,0,0,1,1,0,0,0,1,1,1,0,0,0
period25,1,1,1,1,1,1,1,1,1,0,1,0,0,0,1,1,1,1,0,1,1,1,1,0,0,0
period1,0,0,0,0,0,0,0,0,0,0,0,0,0,0,0,0,0,0,0,0,0,0,0,0,0,0
period2,0,0,0,0,0,0,0,0,0,0,0,0,0,0,0,0,0,0,0,0,0,0,0,0,0,0
period3,0,0,0,0,1,0,0,0,0,0,0,0,0,0,0,0,0,0,0,0,1,0,0,0,0,0
period4,0,0,0,0,1,0,0,0,0,0,0,0,0,0,0,1,0,0,0,0,1,0,0,0,0,0
period5,0,0,0,0,1,0,0,0,0,0,0,0,0,0,0,1,0,0,0,0,1,0,0,0,0,0
period6,0,0,0,1,1,0,0,0,0,0,0,0,0,0,0,1,0,0,0,0,1,0,0,0,0,0
period7,0,0,0,1,1,0,0,0,0,0,0,0,0,0,0,1,0,0,0,0,1,0,0,0,0,0
period8,0,0,0,1,1,0,0,1,0,0,0,0,0,0,0,1,0,0,0,0,1,0,0,0,0,0
period9,0,0,0,1,1,0,0,1,0,0,0,0,0,0,0,1,0,0,0,0,1,0,0,0,0,0
period10,1,0,0,1,1,1,1,1,1,0,0,0,0,0,0,1,0,0,0,0,1,0,1,0,0,0
period11,1,1,0,1,1,1,1,1,1,0,0,0,0,0,0,1,0,0,0,0,1,0,1,0,0,0
period12,1,1,0,1,1,1,1,1,1,0,0,0,0,0,0,1,0,0,0,0,1,1,1,0,0,0
period13,1,1,0,1,1,1,1,1,1,0,0,0,0,0,0,1,0,0,0,0,1,1,1,0,0,0
period14,1,1,0,1,1,1,1,1,1,0,0,0,0,0,0,1,1,0,0,0,1,1,1,0,0,0
period15,1,1,0,1,1,1,1,1,1,0,0,0,0,0,0,1,1,0,0,0,1,1,1,0,0,0
period16,1,1,0,1,1,1,1,1,1,0,0,0,0,0,0,1,1,0,0,0,1,1,1,0,0,0
period17,1,1,0,1,1,1,1,1,1,0,0,0,0,0,0,1,1,0,0,0,1,1,1,0,0,0
period18,1,1,0,1,1,1,1,1,1,0,0,0,0,0,0,1,1,0,0,0,1,1,1,0,0,0
period19,1,1,1,1,1,1,1,1,1,0,0,0,0,0,0,1,1,0,0,0,1,1,1,0,0,0
period20,1,1,1,1,1,1,1,1,1,0,0,0,0,0,0,1,1,1,0,0,1,1,1,0,0,0
period21,1,1,1,1,1,1,1,1,1,0,0,0,0,0,0,1,1,1,0,0,1,1,1,0,0,0
period22,1,1,1,1,1,1,1,1,1,0,0,0,0,0,0,1,1,1,0,0,1,1,1,0,0,0
period23,1,1,1,1,1,1,1,1,1,0,1,0,0,0,0,1,1,1,0,0,1,1,1,0,0,0
period24,1,1,1,1,1,1,1,1,1,0,1,0,0,0,1,1,1,1,0,0,1,1,1,0,0,0
period25,1,1,1,1,1,1,1,1,1,0,1,0,0,1,1,1,1,1,1,1,1,1,1,0,0,0
period1,0,0,0,0,0,0,0,0,0,0,0,0,0,0,0,0,0,0,0,0,0,0,0,0,0,0
period2,0,0,0,0,0,0,0,0,0,0,0,0,0,0,0,0,0,0,0,0,1,0,0,0,0,0
period3,0,0,0,0,0,0,0,0,0,0,0,0,0,0,0,0,0,0,0,0,1,0,0,0,0,0
period4,0,0,0,0,0,0,0,0,0,0,0,0,0,0,0,0,0,0,0,0,1,0,0,0,0,0
period5,0,0,0,0,1,0,0,0,0,0,0,0,0,0,0,1,0,0,0,0,1,0,0,0,0,0
period6,0,0,0,1,1,0,0,0,0,0,0,0,0,0,0,1,0,0,0,0,1,0,0,0,0,0
period7,1,0,0,1,1,0,1,0,0,0,0,0,0,0,0,1,0,0,0,0,1,0,0,0,0,0
period8,1,1,0,1,1,0,1,0,0,0,0,0,0,0,0,1,0,0,0,0,1,0,0,0,0,0
period9,1,1,0,1,1,0,1,0,0,0,0,0,0,0,0,1,1,0,0,0,1,0,0,0,0,0
period10,1,1,0,1,1,0,1,1,0,0,0,0,0,0,0,1,1,0,0,0,1,0,0,0,0,0
period11,1,1,0,1,1,1,1,1,0,0,0,0,0,0,0,1,1,0,0,0,1,0,0,0,0,0
period12,1,1,0,1,1,1,1,1,1,0,0,0,0,0,0,1,1,0,0,0,1,0,1,0,0,0
period13,1,1,0,1,1,1,1,1,1,0,0,0,0,0,0,1,1,0,0,0,1,0,1,0,0,0
period14,1,1,0,1,1,1,1,1,1,0,0,0,0,0,0,1,1,1,0,0,1,0,1,0,0,0
period15,1,1,0,1,1,1,1,1,1,0,0,0,0,0,0,1,1,1,0,0,1,0,1,0,0,0
period16,1,1,0,1,1,1,1,1,1,0,0,0,0,0,0,1,1,1,0,0,1,0,1,0,0,0
period17,1,1,0,1,1,1,1,1,1,0,0,0,0,0,0,1,1,1,0,0,1,0,1,0,0,0
period18,1,1,0,1,1,1,1,1,1,0,0,0,0,0,0,1,1,1,0,0,1,0,1,0,0,0
period19,1,1,0,1,1,1,1,1,1,0,1,0,0,0,0,1,1,1,0,0,1,0,1,0,0,0
period20,1,1,0,1,1,1,1,1,1,0,1,0,0,1,0,1,1,1,0,0,1,0,1,0,0,0
period21,1,1,1,1,1,1,1,1,1,0,1,0,0,1,0,1,1,1,0,0,1,0,1,0,0,0
period22,1,1,1,1,1,1,1,1,1,0,1,0,0,1,0,1,1,1,0,0,1,0,1,0,0,0
period23,1,1,1,1,1,1,1,1,1,0,1,0,0,1,0,1,1,1,0,0,1,0,1,0,0,0
period24,1,1,1,1,1,1,1,1,1,0,1,0,0,1,0,1,1,1,1,0,1,0,1,0,0,0
period25,1,1,1,1,1,1,1,1,1,0,1,1,0,1,0,1,1,1,1,0,1,1,1,0,1,0
period1,0,0,0,0,0,0,0,0,0,0,0,0,0,0,0,0,0,0,0,0,0,0,0,0,0,0
period2,0,0,0,0,0,0,0,0,0,0,0,0,0,0,0,0,0,0,0,0,1,0,0,0,0,0
period3,0,0,0,0,0,0,0,0,0,0,0,0,0,0,0,0,0,0,0,0,1,0,0,0,0,0
period4,0,0,0,0,1,0,0,0,0,0,0,0,0,0,0,1,0,0,0,0,1,0,0,0,0,0
period5,0,0,0,1,1,0,0,0,0,0,0,0,0,0,0,1,0,0,0,0,1,0,0,0,0,0
period6,0,0,0,1,1,0,0,0,0,0,0,0,0,0,0,1,0,0,0,0,1,0,0,0,0,0
period7,0,0,0,1,1,0,0,1,0,0,0,0,0,0,0,1,0,0,0,0,1,0,0,0,0,0
period8,0,0,0,1,1,0,0,1,0,0,0,0,0,0,0,1,0,0,0,0,1,0,0,0,0,0
period9,0,0,0,1,1,0,0,1,1,0,0,0,0,0,0,1,0,0,0,0,1,0,0,0,0,0
period10,1,1,0,1,1,0,0,1,1,0,0,0,0,0,0,1,0,0,0,0,1,0,1,0,0,0
period11,1,1,0,1,1,0,0,1,1,0,0,0,0,0,0,1,0,0,0,0,1,0,1,0,0,0
period12,1,1,0,1,1,1,0,1,1,0,0,0,0,0,0,1,0,0,0,0,1,1,1,0,0,0
period13,1,1,0,1,1,1,1,1,1,0,0,0,0,0,0,1,0,0,0,0,1,1,1,0,0,0
period14,1,1,0,1,1,1,1,1,1,0,0,0,0,0,0,1,0,0,0,0,1,1,1,0,0,0
period15,1,1,0,1,1,1,1,1,1,0,0,0,0,0,0,1,0,0,0,0,1,1,1,0,0,0
period16,1,1,0,1,1,1,1,1,1,0,1,0,0,0,0,1,0,0,0,0,1,1,1,0,0,0
period17,1,1,1,1,1,1,1,1,1,0,1,0,0,0,0,1,0,0,0,0,1,1,1,0,0,0
period18,1,1,1,1,1,1,1,1,1,0,1,0,1,1,0,1,0,0,0,0,1,1,1,0,0,0
period19,1,1,1,1,1,1,1,1,1,0,1,0,1,1,1,1,0,0,0,0,1,1,1,0,0,0
period20,1,1,1,1,1,1,1,1,1,0,1,0,1,1,1,1,0,0,0,0,1,1,1,0,0,0
period21,1,1,1,1,1,1,1,1,1,0,1,0,1,1,1,1,0,0,1,0,1,1,1,0,0,0
period22,1,1,1,1,1,1,1,1,1,0,1,0,1,1,1,1,0,0,1,0,1,1,1,0,0,0
period23,1,1,1,1,1,1,1,1,1,0,1,0,1,1,1,1,0,0,1,1,1,1,1,0,0,0
period24,1,1,1,1,1,1,1,1,1,0,1,0,1,1,1,1,0,0,1,1,1,1,1,0,0,0
period25,1,1,1,1,1,1,1,1,1,0,1,0,1,1,1,1,1,0,1,1,1,1,1,0,0,0
period1,0,0,0,0,0,0,0,0,0,0,0,0,0,0,0,0,0,0,0,0,0,0,0,0,0,0
period2,0,0,0,0,0,0,0,0,0,0,0,0,0,0,0,0,0,0,0,0,1,0,0,0,0,0
period3,0,0,0,0,0,0,0,0,0,0,0,0,0,0,0,0,0,0,0,0,1,0,0,0,0,0
period4,0,0,0,0,0,0,0,0,0,0,0,0,0,0,0,0,0,0,0,0,1,0,0,0,0,0
period5,0,0,0,0,1,0,0,0,0,0,0,0,0,0,0,1,0,0,0,0,1,0,0,0,0,0
period6,1,1,0,1,1,0,0,0,0,0,0,0,0,0,0,1,0,0,0,0,1,0,0,0,0,0
period7,1,1,0,1,1,0,1,0,0,0,0,0,0,0,0,1,1,0,0,0,1,0,0,0,0,0
period8,1,1,0,1,1,0,1,0,0,0,0,0,0,0,0,1,1,0,0,0,1,0,0,0,0,0
period9,1,1,0,1,1,0,1,0,0,0,0,0,0,0,0,1,1,0,0,0,1,0,0,0,0,0
period10,1,1,0,1,1,0,1,0,0,0,0,0,0,0,0,1,1,0,0,0,1,0,0,0,0,0
period11,1,1,0,1,1,0,1,0,0,0,0,0,0,0,0,1,1,0,0,0,1,0,0,0,0,0
period12,1,1,0,1,1,0,1,0,0,0,0,0,0,0,0,1,1,0,0,0,1,0,0,0,0,0
period13,1,1,0,1,1,0,1,0,0,0,0,0,0,0,0,1,1,0,0,0,1,0,0,0,0,0
period14,1,1,0,1,1,0,1,1,0,0,0,0,0,0,0,1,1,0,0,0,1,0,0,0,0,0
period15,1,1,0,1,1,0,1,1,0,0,0,0,0,0,0,1,1,0,0,0,1,0,0,0,0,0
period16,1,1,0,1,1,0,1,1,0,0,0,0,0,0,0,1,1,1,0,0,1,0,0,0,0,0
period17,1,1,0,1,1,1,1,1,0,0,0,0,0,0,0,1,1,1,0,0,1,0,0,0,0,0
period18,1,1,0,1,1,1,1,1,0,0,0,0,0,0,0,1,1,1,0,0,1,0,0,0,0,0
period19,1,1,0,1,1,1,1,1,1,0,0,0,0,0,0,1,1,1,0,0,1,0,1,0,0,0
period20,1,1,0,1,1,1,1,1,1,0,0,0,0,0,0,1,1,1,0,0,1,0,1,0,0,0
period21,1,1,0,1,1,1,1,1,1,0,0,0,0,0,0,1,1,1,0,0,1,0,1,0,0,0
period22,1,1,0,1,1,1,1,1,1,0,0,0,0,0,0,1,1,1,0,0,1,0,1,0,0,0
period23,1,1,0,1,1,1,1,1,1,0,0,0,0,0,0,1,1,1,0,0,1,0,1,0,0,0
period24,1,1,0,1,1,1,1,1,1,0,0,0,0,0,0,1,1,1,0,0,1,0,1,0,0,0
period25,1,1,0,1,1,1,1,1,1,0,1,0,0,0,0,1,1,1,0,0,1,0,1,0,0,0
period1,0,0,0,0,0,0,0,0,0,0,0,0,0,0,0,0,0,0,0,0,0,0,0,0,0,0
period2,0,0,0,0,0,0,0,0,0,0,0,0,0,0,0,0,0,0,0,0,0,0,0,0,0,0
period3,0,0,0,0,0,0,0,0,0,0,0,0,0,0,0,0,0,0,0,0,1,0,0,0,0,0
period4,0,0,0,0,1,0,0,0,0,0,0,0,0,0,0,1,0,0,0,0,1,0,0,0,0,0
period5,0,0,0,1,1,0,0,0,0,0,0,0,0,0,0,1,0,0,0,0,1,0,0,0,0,0
period6,0,0,0,1,1,0,0,0,0,0,0,0,0,0,0,1,0,0,0,0,1,0,0,0,0,0
period7,0,0,0,1,1,0,0,0,0,0,0,0,0,0,0,1,0,0,0,0,1,0,0,0,0,0
period8,0,0,0,1,1,0,0,1,0,0,0,0,0,0,0,1,0,0,0,0,1,0,0,0,0,0
period9,0,0,0,1,1,0,0,1,0,0,0,0,0,0,0,1,0,0,0,0,1,0,0,0,0,0
period10,1,0,0,1,1,0,0,1,1,0,0,0,0,0,0,1,0,0,0,0,1,0,1,0,0,0
period11,1,1,0,1,1,1,1,1,1,0,0,0,0,0,0,1,0,0,0,0,1,0,1,0,0,0
period12,1,1,0,1,1,1,1,1,1,0,0,0,0,0,0,1,0,0,0,0,1,1,1,0,0,0
period13,1,1,0,1,1,1,1,1,1,0,0,0,0,0,0,1,0,0,0,0,1,1,1,0,0,0
period14,1,1,0,1,1,1,1,1,1,0,0,0,0,0,0,1,0,0,0,0,1,1,1,0,0,0
period15,1,1,0,1,1,1,1,1,1,0,0,0,0,0,0,1,0,0,0,0,1,1,1,0,0,0
period16,1,1,0,1,1,1,1,1,1,0,1,0,0,0,0,1,0,0,0,0,1,1,1,0,0,0
period17,1,1,0,1,1,1,1,1,1,0,1,0,0,0,1,1,0,0,0,0,1,1,1,0,0,0
period18,1,1,0,1,1,1,1,1,1,0,1,0,1,0,1,1,0,0,0,0,1,1,1,0,0,0
period19,1,1,0,1,1,1,1,1,1,0,1,1,1,0,1,1,0,0,0,1,1,1,1,0,0,0
period20,1,1,0,1,1,1,1,1,1,0,1,1,1,1,1,1,0,0,0,1,1,1,1,0,1,1
period21,1,1,0,1,1,1,1,1,1,0,1,1,1,1,1,1,0,0,1,1,1,1,1,0,1,1
period22,1,1,0,1,1,1,1,1,1,0,1,1,1,1,1,1,0,0,1,1,1,1,1,0,1,1
period23,1,1,0,1,1,1,1,1,1,0,1,1,1,1,1,1,0,0,1,1,1,1,1,0,1,1
period24,1,1,0,1,1,1,1,1,1,0,1,1,1,1,1,1,0,0,1,1,1,1,1,0,1,1
period25,1,1,0,1,1,1,1,1,1,0,1,1,1,1,1,1,0,0,1,1,1,1,1,0,1,1
period1,0,0,0,0,0,0,0,0,0,0,0,0,0,0,0,0,0,0,0,0,0,0,0,0,0,0
period2,0,0,0,0,0,0,0,0,0,0,0,0,0,0,0,0,0,0,0,0,0,0,0,0,0,0
period3,0,0,0,0,1,0,0,0,0,0,0,0,0,0,0,0,0,0,0,0,1,0,0,0,0,0
period4,0,0,0,0,1,0,0,0,0,0,0,0,0,0,0,1,0,0,0,0,1,0,0,0,0,0
period5,0,0,0,0,1,0,0,0,0,0,0,0,0,0,0,1,0,0,0,0,1,0,0,0,0,0
period6,0,0,0,1,1,0,0,0,0,0,0,0,0,0,0,1,0,0,0,0,1,0,0,0,0,0
period7,0,0,0,1,1,0,0,0,0,0,0,0,0,0,0,1,0,0,0,0,1,0,0,0,0,0
period8,0,0,0,1,1,0,0,0,0,0,0,0,0,0,0,1,0,0,0,0,1,0,0,0,0,0
period9,0,0,0,1,1,0,0,0,0,0,0,0,0,0,0,1,0,0,0,0,1,0,0,0,0,0
period10,1,1,0,1,1,0,0,0,0,0,0,0,0,0,0,1,0,0,0,0,1,0,0,0,0,0
period11,1,1,0,1,1,0,1,1,0,0,0,0,0,0,0,1,1,0,0,0,1,0,0,0,0,0
period12,1,1,0,1,1,0,1,1,0,0,0,0,0,0,0,1,1,0,0,0,1,0,0,0,0,0
period13,1,1,0,1,1,0,1,1,0,0,0,0,0,0,0,1,1,0,0,0,1,0,0,0,0,0
period14,1,1,0,1,1,0,1,1,0,0,0,0,0,0,0,1,1,0,0,0,1,0,0,0,0,0
period15,1,1,0,1,1,0,1,1,0,0,0,0,0,0,0,1,1,0,0,0,1,0,0,0,0,0
period16,1,1,0,1,1,0,1,1,0,0,0,0,0,0,0,1,1,0,0,0,1,0,0,0,0,0
period17,1,1,0,1,1,1,1,1,0,0,0,0,0,0,0,1,1,1,0,0,1,0,0,0,0,0
period18,1,1,0,1,1,1,1,1,0,0,0,0,0,0,0,1,1,1,0,0,1,0,0,0,0,0
period19,1,1,0,1,1,1,1,1,0,0,0,0,0,0,0,1,1,1,0,0,1,0,0,0,0,0
period20,1,1,0,1,1,1,1,1,0,0,0,0,0,0,0,1,1,1,0,0,1,0,0,0,0,0
period21,1,1,0,1,1,1,1,1,0,0,0,0,0,0,0,1,1,1,0,0,1,0,0,0,0,0
period22,1,1,0,1,1,1,1,1,0,0,0,0,0,0,0,1,1,1,0,0,1,0,0,0,0,0
period23,1,1,0,1,1,1,1,1,0,0,0,0,0,0,0,1,1,1,0,0,1,0,0,0,0,0
period24,1,1,0,1,1,1,1,1,0,0,0,0,0,0,0,1,1,1,0,0,1,0,0,0,0,0
period25,1,1,1,1,1,1,1,1,1,0,1,0,0,1,1,1,1,1,1,1,1,0,1,0,0,0
period1,0,0,0,0,0,0,0,0,0,0,0,0,0,0,0,0,0,0,0,0,0,0,0,0,0,0
period2,0,0,0,0,0,0,0,0,0,0,0,0,0,0,0,0,0,0,0,0,1,0,0,0,0,0
period3,0,0,0,0,0,0,0,0,0,0,0,0,0,0,0,0,0,0,0,0,1,0,0,0,0,0
period4,0,0,0,0,0,0,0,0,0,0,0,0,0,0,0,0,0,0,0,0,1,0,0,0,0,0
period5,0,0,0,1,1,0,0,0,0,0,0,0,0,0,0,0,0,0,0,0,1,0,0,0,0,0
period6,0,0,0,1,1,0,0,0,0,0,0,0,0,0,0,1,0,0,0,0,1,0,0,0,0,0
period7,0,0,0,1,1,0,0,1,0,0,0,0,0,0,0,1,0,0,0,0,1,0,0,0,0,0
period8,0,0,0,1,1,0,0,1,0,0,0,0,0,0,0,1,0,0,0,0,1,0,0,0,0,0
period9,0,0,0,1,1,0,0,1,1,0,0,0,0,0,0,1,0,0,0,0,1,0,0,0,0,0
period10,0,0,0,1,1,1,1,1,1,0,0,0,0,0,0,1,0,0,0,0,1,0,1,0,0,0
period11,0,0,0,1,1,1,1,1,1,0,0,0,0,0,0,1,1,0,0,0,1,0,1,0,0,0
period12,0,0,0,1,1,1,1,1,1,0,0,0,0,0,0,1,1,0,0,0,1,0,1,0,0,0
period13,1,0,0,1,1,1,1,1,1,0,0,0,0,0,0,1,1,0,0,0,1,0,1,0,0,0
period14,1,1,0,1,1,1,1,1,1,0,0,0,0,0,0,1,1,0,0,0,1,0,1,0,0,0
period15,1,1,0,1,1,1,1,1,1,0,0,0,0,0,0,1,1,0,0,0,1,0,1,0,0,0
period16,1,1,1,1,1,1,1,1,1,0,0,0,0,0,0,1,1,0,0,0,1,0,1,0,0,0
period17,1,1,1,1,1,1,1,1,1,0,0,0,0,0,0,1,1,0,0,0,1,0,1,0,0,0
period18,1,1,1,1,1,1,1,1,1,0,0,0,0,0,0,1,1,0,0,0,1,0,1,0,0,0
period19,1,1,1,1,1,1,1,1,1,0,0,0,0,0,0,1,1,0,0,0,1,1,1,0,0,0
period20,1,1,1,1,1,1,1,1,1,0,0,0,0,0,0,1,1,0,0,0,1,1,1,0,0,0
period21,1,1,1,1,1,1,1,1,1,0,0,0,0,0,0,1,1,0,0,0,1,1,1,0,0,0
period22,1,1,1,1,1,1,1,1,1,0,0,0,0,0,0,1,1,0,0,0,1,1,1,0,0,0
period23,1,1,1,1,1,1,1,1,1,0,0,0,0,0,0,1,1,0,0,0,1,1,1,0,0,0
period24,1,1,1,1,1,1,1,1,1,0,0,0,0,0,0,1,1,0,0,0,1,1,1,0,0,0
period25,1,1,1,1,1,1,1,1,1,0,0,0,0,0,0,1,1,0,0,0,1,1,1,0,0,0
period1,0,0,0,0,0,0,0,0,0,0,0,0,0,0,0,0,0,0,0,0,0,0,0,0,0,0
period2,0,0,0,0,0,0,0,0,0,0,0,0,0,0,0,0,0,0,0,0,1,0,0,0,0,0
period3,0,0,0,0,0,0,0,0,0,0,0,0,0,0,0,0,0,0,0,0,1,0,0,0,0,0
period4,0,0,0,0,1,0,0,0,0,0,0,0,0,0,0,1,0,0,0,0,1,0,0,0,0,0
period5,0,0,0,1,1,0,0,0,0,0,0,0,0,0,0,1,0,0,0,0,1,0,0,0,0,0
period6,0,0,0,1,1,0,0,0,0,0,0,0,0,0,0,1,0,0,0,0,1,0,0,0,0,0
period7,0,0,0,1,1,0,0,1,0,0,0,0,0,0,0,1,0,0,0,0,1,0,0,0,0,0
period8,0,0,0,1,1,0,1,1,0,0,0,0,0,0,0,1,0,0,0,0,1,0,0,0,0,0
period9,1,1,0,1,1,0,1,1,1,0,0,0,0,0,0,1,1,0,0,0,1,0,0,0,0,0
period10,1,1,0,1,1,0,1,1,1,0,0,0,0,0,0,1,1,0,0,0,1,0,1,0,0,0
period11,1,1,0,1,1,0,1,1,1,0,0,0,0,0,0,1,1,1,0,0,1,1,1,0,0,0
period12,1,1,0,1,1,1,1,1,1,0,0,0,0,0,0,1,1,1,0,0,1,1,1,0,0,0
period13,1,1,0,1,1,1,1,1,1,0,0,0,0,0,0,1,1,1,0,0,1,1,1,0,0,0
period14,1,1,0,1,1,1,1,1,1,0,0,0,0,0,0,1,1,1,0,0,1,1,1,0,0,0
period15,1,1,0,1,1,1,1,1,1,0,0,0,0,0,0,1,1,1,0,0,1,1,1,0,0,0
period16,1,1,0,1,1,1,1,1,1,0,0,0,0,0,0,1,1,1,0,0,1,1,1,0,0,0
period17,1,1,0,1,1,1,1,1,1,0,0,0,0,0,0,1,1,1,0,0,1,1,1,0,0,0
period18,1,1,0,1,1,1,1,1,1,0,0,0,0,0,0,1,1,1,0,0,1,1,1,0,0,0
period19,1,1,0,1,1,1,1,1,1,0,0,0,0,0,0,1,1,1,0,0,1,1,1,0,0,0
period20,1,1,0,1,1,1,1,1,1,0,0,0,0,0,0,1,1,1,0,0,1,1,1,0,0,0
period21,1,1,0,1,1,1,1,1,1,0,0,0,0,0,0,1,1,1,0,0,1,1,1,0,0,0
period22,1,1,1,1,1,1,1,1,1,0,0,0,0,0,0,1,1,1,0,0,1,1,1,0,0,0
period23,1,1,1,1,1,1,1,1,1,0,1,0,0,0,0,1,1,1,0,0,1,1,1,0,0,0
period24,1,1,1,1,1,1,1,1,1,0,1,0,0,0,1,1,1,1,0,0,1,1,1,0,0,0
period25,1,1,1,1,1,1,1,1,1,0,1,0,0,1,1,1,1,1,1,1,1,1,1,0,0,0
period1,0,0,0,0,0,0,0,0,0,0,0,0,0,0,0,0,0,0,0,0,0,0,0,0,0,0
period2,0,0,0,0,0,0,0,0,0,0,0,0,0,0,0,0,0,0,0,0,1,0,0,0,0,0
period3,0,0,0,0,0,0,0,0,0,0,0,0,0,0,0,0,0,0,0,0,1,0,0,0,0,0
period4,0,0,0,0,0,0,0,0,0,0,0,0,0,0,0,0,0,0,0,0,1,0,0,0,0,0
period5,0,0,0,0,1,0,0,0,0,0,0,0,0,0,0,0,0,0,0,0,1,0,0,0,0,0
period6,0,0,0,0,1,0,0,0,0,0,0,0,0,0,0,1,0,0,0,0,1,0,0,0,0,0
period7,0,0,0,1,1,0,0,0,0,0,0,0,0,0,0,1,0,0,0,0,1,0,0,0,0,0
period8,0,0,0,1,1,0,1,0,0,0,0,0,0,0,0,1,0,0,0,0,1,0,0,0,0,0
period9,0,0,0,1,1,0,1,0,0,0,0,0,0,0,0,1,1,0,0,0,1,0,0,0,0,0
period10,0,0,0,1,1,0,1,1,0,0,0,0,0,0,0,1,1,0,0,0,1,0,0,0,0,0
period11,0,0,0,1,1,0,1,1,0,0,0,0,0,0,0,1,1,0,0,0,1,0,0,0,0,0
period12,0,0,0,1,1,1,1,1,0,0,0,0,0,0,0,1,1,0,0,0,1,0,0,0,0,0
period13,0,0,0,1,1,1,1,1,0,0,0,0,0,0,0,1,1,0,0,0,1,0,0,0,0,0
period14,0,0,0,1,1,1,1,1,0,0,0,0,0,0,0,1,1,0,0,0,1,0,0,0,0,0
period15,0,0,0,1,1,1,1,1,0,0,0,0,0,0,0,1,1,0,0,0,1,0,0,0,0,0
period16,1,0,0,1,1,1,1,1,0,0,0,0,0,0,0,1,1,0,0,0,1,0,0,0,0,0
period17,1,1,1,1,1,1,1,1,0,0,0,0,0,0,0,1,1,0,0,0,1,0,0,0,0,0
period18,1,1,1,1,1,1,1,1,0,0,0,0,0,0,0,1,1,0,0,0,1,0,0,0,0,0
period19,1,1,1,1,1,1,1,1,0,0,0,0,0,0,0,1,1,1,0,0,1,0,0,0,0,0
period20,1,1,1,1,1,1,1,1,0,0,0,0,0,0,0,1,1,1,0,0,1,0,0,0,0,0
period21,1,1,1,1,1,1,1,1,0,0,0,0,0,0,0,1,1,1,0,0,1,0,0,0,0,0
period22,1,1,1,1,1,1,1,1,0,0,0,0,0,0,0,1,1,1,0,0,1,0,0,0,0,0
period23,1,1,1,1,1,1,1,1,0,0,0,0,0,0,0,1,1,1,0,0,1,0,0,0,0,0
period24,1,1,1,1,1,1,1,1,0,0,0,0,0,0,0,1,1,1,0,0,1,0,0,0,0,0
period25,1,1,1,1,1,1,1,1,1,0,1,0,0,1,1,1,1,1,1,1,1,0,1,0,0,0
period1,0,0,0,0,0,0,0,0,0,0,0,0,0,0,0,0,0,0,0,0,0,0,0,0,0,0
period2,0,0,0,0,0,0,0,0,0,0,0,0,0,0,0,0,0,0,0,0,1,0,0,0,0,0
period3,0,0,0,0,0,0,0,0,0,0,0,0,0,0,0,0,0,0,0,0,1,0,0,0,0,0
period4,0,0,0,0,1,0,0,0,0,0,0,0,0,0,0,1,0,0,0,0,1,0,0,0,0,0
period5,0,0,0,1,1,0,0,0,0,0,0,0,0,0,0,1,0,0,0,0,1,0,0,0,0,0
period6,0,0,0,1,1,0,0,0,0,0,0,0,0,0,0,1,0,0,0,0,1,0,0,0,0,0
period7,0,0,0,1,1,0,0,1,0,0,0,0,0,0,0,1,0,0,0,0,1,0,0,0,0,0
period8,0,0,0,1,1,0,0,1,0,0,0,0,0,0,0,1,0,0,0,0,1,0,0,0,0,0
period9,0,0,0,1,1,0,1,1,1,0,0,0,0,0,0,1,0,0,0,0,1,0,1,0,0,0
period10,1,1,0,1,1,1,1,1,1,0,0,0,0,0,0,1,0,0,0,0,1,0,1,0,0,0
period11,1,1,0,1,1,1,1,1,1,0,0,0,0,0,0,1,1,0,0,0,1,0,1,0,0,0
period12,1,1,0,1,1,1,1,1,1,0,0,0,0,0,0,1,1,0,0,0,1,0,1,0,0,0
period13,1,1,0,1,1,1,1,1,1,0,0,0,0,0,0,1,1,0,0,0,1,0,1,0,0,0
period14,1,1,0,1,1,1,1,1,1,0,0,0,0,0,0,1,1,1,0,0,1,1,1,0,0,0
period15,1,1,0,1,1,1,1,1,1,0,0,0,0,0,0,1,1,1,0,0,1,1,1,0,0,0
period16,1,1,0,1,1,1,1,1,1,0,0,0,0,0,0,1,1,1,0,0,1,1,1,0,0,0
period17,1,1,0,1,1,1,1,1,1,0,0,0,0,0,0,1,1,1,0,0,1,1,1,0,0,0
period18,1,1,0,1,1,1,1,1,1,0,0,0,0,0,0,1,1,1,0,0,1,1,1,0,0,0
period19,1,1,0,1,1,1,1,1,1,0,0,0,0,0,0,1,1,1,0,0,1,1,1,0,0,0
period20,1,1,0,1,1,1,1,1,1,0,1,0,0,0,0,1,1,1,0,0,1,1,1,0,0,0
period21,1,1,0,1,1,1,1,1,1,0,1,0,0,0,0,1,1,1,0,0,1,1,1,0,0,0
period22,1,1,0,1,1,1,1,1,1,0,1,0,0,0,0,1,1,1,0,0,1,1,1,0,0,0
period23,1,1,0,1,1,1,1,1,1,0,1,0,0,0,1,1,1,1,0,0,1,1,1,0,0,0
period24,1,1,0,1,1,1,1,1,1,0,1,0,0,0,1,1,1,1,0,0,1,1,1,0,0,0
period25,1,1,0,1,1,1,1,1,1,0,1,0,0,0,1,1,1,1,0,1,1,1,1,0,0,0
period1,0,0,0,0,0,0,0,0,0,0,0,0,0,0,0,0,0,0,0,0,0,0,0,0,0,0
period2,0,0,0,0,0,0,0,0,0,0,0,0,0,0,0,0,0,0,0,0,1,0,0,0,0,0
period3,0,0,0,0,0,0,0,0,0,0,0,0,0,0,0,0,0,0,0,0,1,0,0,0,0,0
period4,0,0,0,0,0,0,0,0,0,0,0,0,0,0,0,0,0,0,0,0,1,0,0,0,0,0
period5,1,1,0,0,1,0,0,0,0,0,0,0,0,0,0,1,0,0,0,0,1,0,0,0,0,0
period6,1,1,0,1,1,0,0,0,0,0,0,0,0,0,0,1,0,0,0,0,1,0,0,0,0,0
period7,1,1,0,1,1,0,0,0,0,0,0,0,0,0,0,1,0,0,0,0,1,0,0,0,0,0
period8,1,1,0,1,1,0,1,0,0,0,0,0,0,0,0,1,0,0,0,0,1,0,0,0,0,0
period9,1,1,0,1,1,0,1,0,0,0,0,0,0,0,0,1,1,0,0,0,1,0,0,0,0,0
period10,1,1,0,1,1,0,1,1,0,0,0,0,0,0,0,1,1,0,0,0,1,0,0,0,0,0
period11,1,1,0,1,1,0,1,1,0,0,0,0,0,0,0,1,1,0,0,0,1,0,0,0,0,0
period12,1,1,0,1,1,1,1,1,1,0,0,0,0,0,0,1,1,0,0,0,1,0,1,0,0,0
period13,1,1,0,1,1,1,1,1,1,0,0,0,0,0,0,1,1,0,0,0,1,0,1,0,0,0
period14,1,1,0,1,1,1,1,1,1,0,0,0,0,0,0,1,1,1,0,0,1,0,1,0,0,0
period15,1,1,0,1,1,1,1,1,1,0,0,0,0,0,0,1,1,1,0,0,1,0,1,0,0,0
period16,1,1,1,1,1,1,1,1,1,0,0,0,0,0,0,1,1,1,0,0,1,0,1,0,0,0
period17,1,1,1,1,1,1,1,1,1,0,0,0,0,0,0,1,1,1,0,0,1,0,1,0,0,0
period18,1,1,1,1,1,1,1,1,1,0,0,0,0,0,0,1,1,1,0,0,1,0,1,0,0,0
period19,1,1,1,1,1,1,1,1,1,0,0,0,0,0,0,1,1,1,0,0,1,0,1,0,0,0
period20,1,1,1,1,1,1,1,1,1,0,0,0,0,0,0,1,1,1,0,0,1,0,1,0,0,0
period21,1,1,1,1,1,1,1,1,1,0,0,0,0,0,0,1,1,1,0,0,1,0,1,0,0,0
period22,1,1,1,1,1,1,1,1,1,0,0,0,0,0,0,1,1,1,0,0,1,1,1,0,0,0
period23,1,1,1,1,1,1,1,1,1,0,0,0,0,0,0,1,1,1,0,0,1,1,1,0,0,0
period24,1,1,1,1,1,1,1,1,1,0,0,0,0,0,0,1,1,1,0,0,1,1,1,0,0,0
period25,1,1,1,1,1,1,1,1,1,0,0,0,0,0,0,1,1,1,0,0,1,1,1,0,0,0
period1,0,0,0,0,0,0,0,0,0,0,0,0,0,0,0,0,0,0,0,0,0,0,0,0,0,0
period2,0,0,0,0,0,0,0,0,0,0,0,0,0,0,0,0,0,0,0,0,1,0,0,0,0,0
period3,0,0,0,0,0,0,0,0,0,0,0,0,0,0,0,0,0,0,0,0,1,0,0,0,0,0
period4,0,0,0,0,1,0,0,0,0,0,0,0,0,0,0,0,0,0,0,0,1,0,0,0,0,0
period5,0,0,0,1,1,0,0,0,0,0,0,0,0,0,0,1,0,0,0,0,1,0,0,0,0,0
period6,0,0,0,1,1,0,0,0,0,0,0,0,0,0,0,1,0,0,0,0,1,0,0,0,0,0
period7,0,0,0,1,1,0,0,0,0,0,0,0,0,0,0,1,0,0,0,0,1,0,0,0,0,0
period8,0,0,0,1,1,0,0,1,0,0,0,0,0,0,0,1,0,0,0,0,1,0,0,0,0,0
period9,0,0,0,1,1,0,0,1,1,0,0,0,0,0,0,1,0,0,0,0,1,0,0,0,0,0
period10,0,0,0,1,1,0,0,1,1,0,0,0,0,0,0,1,0,0,0,0,1,0,1,0,0,0
period11,1,1,0,1,1,1,1,1,1,0,0,0,0,0,0,1,0,0,0,0,1,0,1,0,0,0
period12,1,1,0,1,1,1,1,1,1,0,0,0,0,0,0,1,0,0,0,0,1,1,1,0,0,0
period13,1,1,0,1,1,1,1,1,1,0,0,0,0,0,0,1,0,0,0,0,1,1,1,0,0,0
period14,1,1,0,1,1,1,1,1,1,0,0,0,0,0,0,1,0,0,0,0,1,1,1,0,0,0
period15,1,1,1,1,1,1,1,1,1,0,0,0,0,0,0,1,1,0,0,0,1,1,1,0,0,0
period16,1,1,1,1,1,1,1,1,1,0,0,0,0,0,0,1,1,0,0,0,1,1,1,0,0,0
period17,1,1,1,1,1,1,1,1,1,0,0,0,0,0,0,1,1,0,0,0,1,1,1,0,0,0
period18,1,1,1,1,1,1,1,1,1,0,0,0,0,0,0,1,1,0,0,0,1,1,1,0,0,0
period19,1,1,1,1,1,1,1,1,1,0,0,0,0,0,0,1,1,0,0,0,1,1,1,0,0,0
period20,1,1,1,1,1,1,1,1,1,0,0,0,0,0,0,1,1,0,0,0,1,1,1,0,0,0
period21,1,1,1,1,1,1,1,1,1,0,0,0,0,0,0,1,1,0,0,0,1,1,1,0,0,0
period22,1,1,1,1,1,1,1,1,1,0,0,0,0,0,0,1,1,1,0,0,1,1,1,0,0,0
period23,1,1,1,1,1,1,1,1,1,0,0,0,0,0,0,1,1,1,0,0,1,1,1,0,0,0
period24,1,1,1,1,1,1,1,1,1,0,0,0,0,0,0,1,1,1,0,0,1,1,1,0,0,0
period25,1,1,1,1,1,1,1,1,1,0,1,0,0,0,0,1,1,1,0,0,1,1,1,0,0,0
period1,0,0,0,0,0,0,0,0,0,0,0,0,0,0,0,0,0,0,0,0,0,0,0,0,0,0
period2,0,0,0,0,0,0,0,0,0,0,0,0,0,0,0,0,0,0,0,0,1,0,0,0,0,0
period3,0,0,0,0,0,0,0,0,0,0,0,0,0,0,0,0,0,0,0,0,1,0,0,0,0,0
period4,0,0,0,0,1,0,0,0,0,0,0,0,0,0,0,1,0,0,0,0,1,0,0,0,0,0
period5,0,0,0,0,1,0,0,0,0,0,0,0,0,0,0,1,0,0,0,0,1,0,0,0,0,0
period6,0,0,0,1,1,0,0,0,0,0,0,0,0,0,0,1,0,0,0,0,1,0,0,0,0,0
period7,0,0,0,1,1,0,1,0,0,0,0,0,0,0,0,1,1,0,0,0,1,0,0,0,0,0
period8,0,0,0,1,1,0,1,0,0,0,0,0,0,0,0,1,1,0,0,0,1,0,0,0,0,0
period9,1,1,0,1,1,0,1,1,0,0,0,0,0,0,0,1,1,0,0,0,1,0,0,0,0,0
period10,1,1,0,1,1,0,1,1,0,0,0,0,0,0,0,1,1,0,0,0,1,0,0,0,0,0
period11,1,1,0,1,1,0,1,1,1,0,0,0,0,0,0,1,1,0,0,0,1,0,0,0,0,0
period12,1,1,0,1,1,0,1,1,1,0,0,0,0,0,0,1,1,1,0,0,1,1,1,0,0,0
period13,1,1,0,1,1,1,1,1,1,0,0,0,0,0,0,1,1,1,0,0,1,1,1,0,0,0
period14,1,1,0,1,1,1,1,1,1,0,0,0,0,0,0,1,1,1,0,0,1,1,1,0,0,0
period15,1,1,0,1,1,1,1,1,1,0,0,0,0,0,0,1,1,1,0,0,1,1,1,0,0,0
period16,1,1,0,1,1,1,1,1,1,0,0,0,0,0,0,1,1,1,0,0,1,1,1,0,0,0
period17,1,1,0,1,1,1,1,1,1,0,0,0,0,0,0,1,1,1,0,0,1,1,1,0,0,0
period18,1,1,0,1,1,1,1,1,1,0,0,0,0,0,0,1,1,1,0,0,1,1,1,0,0,0
period19,1,1,0,1,1,1,1,1,1,0,0,0,0,0,0,1,1,1,0,0,1,1,1,0,0,0
period20,1,1,0,1,1,1,1,1,1,0,0,0,0,0,0,1,1,1,0,0,1,1,1,0,0,0
period21,1,1,0,1,1,1,1,1,1,0,0,0,0,0,0,1,1,1,0,0,1,1,1,0,0,0
period22,1,1,0,1,1,1,1,1,1,0,1,0,0,0,0,1,1,1,0,0,1,1,1,0,0,0
period23,1,1,0,1,1,1,1,1,1,0,1,0,0,0,0,1,1,1,0,0,1,1,1,0,0,0
period24,1,1,0,1,1,1,1,1,1,0,1,0,0,0,0,1,1,1,0,0,1,1,1,0,0,0
period25,1,1,0,1,1,1,1,1,1,0,1,0,0,1,0,1,1,1,1,0,1,1,1,0,0,0
