period4,1,1,1,0.585795,0.0403409,0.0324929,0.00374041,0.000879757,0.0324929,0.00374041,0.00558376,0.000786543,0.0324929,0.00374041,0.00410029,0.00374041,0.227841,0.0324929,0.000879757,0.00374041,0.000879757,0.000879757,0.000879757,0.00374041,0.00374041,0.000915562,0.000595143,0.000595143,0.47029,0.218629,0.13464,0.561262,0.261831,0.556202,0.719854,0.794605,0.680559,0.435213,0.227491,0.788113,0.672626,0.579039,0.275466,0.930903,0.416552,0.493159,0.465965
period5,1,1,1,0.897838,0.465405,0.0298281,0.00100243,0.000607349,0.00308064,0.000814114,0.0411168,0.0101013,0.00308064,0.000814114,0.000913619,0.000814114,0.400541,0.00843012,0.000607349,0.000814114,0.000588612,0.000588612,0.000588612,0.000814114,0.000814114,0.000598512,0.000568041,0.000568041,0.858651,0.146637,0.258487,0.580229,0.477171,0.411455,0.508354,0.694137,0.844849,0.286326,0.365006,0.481511,0.614705,0.705181,0.353193,0.567002,0.566127,0.319494,0.36125
period6,1,1,1,0.984324,0.573514,0.0860642,0.0396906,0.00129138,0.0431846,0.00480416,0.086802,0.0492129,0.0431846,0.00480416,0.00554886,0.00480416,0.416757,0.42374,0.00129138,0.00480416,0.000985591,0.000985591,0.000985591,0.00480416,0.00480416,0.00105968,0.000636097,0.000636097,0.939989,0.386928,0.595428,0.251582,0.291243,0.406755,0.616598,0.694692,0.558429,0.473628,0.628461,0.440371,0.474376,0.115966,0.82198,0.353876,0.474198,0.413544,0.265879
period7,1,1,1,0.984324,0.573514,0.0494524,0.0405621,0.0234928,0.0494524,0.00100013,0.162944,0.0948174,0.00121296,0.00100013,0.00107858,0.000628294,0.422162,0.446088,0.000958329,0.00100013,0.00060712,0.00060712,0.000570125,0.000628294,0.000628294,0.000614924,0.000900144,0.000602961,0.249641,0.153769,0.12194,0.491202,0.480543,0.338924,0.399052,0.451128,0.848299,0.517841,0.459943,0.622747,0.556411,0.199613,0.299437,0.178311,0.551727,0.456298,0.212913
period8,1,1,1,0.98973,0.573514,0.0493293,0.0404624,0.0369239,0.290527,0.00630667,0.213706,0.140161,0.00108987,0.00630667,0.00106528,0.000616048,0.432973,0.504924,0.000957274,0.00102437,0.00082232,0.00397565,0.000568906,0.000616048,0.000616048,0.000613602,0.000919829,0.000602856,0.759558,0.261772,0.582238,0.462498,0.613234,0.747643,0.632709,0.729891,0.562535,0.328342,0.324777,0.655577,0.575787,0.365051,0.602529,0.631236,0.318725,0.441539,0.455977
period9,1,1,1,0.963684,0.726842,0.0481537,0.0443262,0.0364125,0.35144,0.156063,0.315228,0.201153,0.00109199,0.0165204,0.00105991,0.000616259,0.447895,0.508313,0.00538422,0.00101572,0.0211459,0.00918018,0.000568927,0.000616259,0.000616259,0.000613067,0.000914418,0.000776668,0.649729,0.634009,0.299505,0.61612,0.226634,0.225012,0.480417,0.517659,0.600899,0.39365,0.529694,0.497876,0.381159,0.23058,0.146595,0.627025,0.276123,0.674963,0.78805
period10,1,1,1,1,0.988496,0.975319,0.986191,1,0.426712,0.349138,0.998142,1,0.000635771,0.0291045,0.00992662,0.000570869,0.448437,0.665314,0.108488,0.00103137,0.228253,0.015543,0.000564411,0.000570869,0.000570869,0.00149524,0.0111111,0.00587927,0.463332,0.510822,0.496063,0.437691,0.339642,0.796188,0.386407,0.274617,0.313399,0.489551,0.610899,0.442359,0.535075,0.459084,0.410435,0.268837,0.328319,0.531687,0.85967
period11,1,1,1,1,0.995288,0.978909,0.986783,1,0.423999,0.386971,1,1,0.000589148,0.0390748,0.00903151,0.00056623,0.446114,0.907896,0.2781,0.00102359,0.312751,0.0303003,0.00056395,0.00056623,0.00056623,0.00140618,0.0111111,0.00732463,0.23415,0.0893661,0.760628,0.135092,0.165543,0.297429,0.639483,0.0784894,0.371405,0.584858,0.722237,0.121232,0.643717,0.699821,0.730527,0.25649,0.571395,0.255005,0.427492
period12,1,1,1,1,0.997622,0.988162,0.98718,1,0.427341,0.373613,1,1,0.000580657,0.044889,0.0045503,0.000586859,0.455556,0.942779,0.183982,0.00105918,0.353013,0.0359401,0.000587476,0.000586859,0.000586859,0.000981723,0.0111111,0.00412073,0.687032,0.519253,0.669733,0.527569,0.157585,0.535485,0.64766,0.237515,0.599995,0.511543,0.422302,0.286483,0.364269,0.528248,0.416973,0.354505,0.511432,0.623777,0.230004
period13,1,1,1,1,0.997746,0.988844,0.987437,1,0.538251,0.401993,1,1,0.000576839,0.04499,0.00117896,0.000586479,0.455556,0.965065,0.0787855,0.00105114,0.365026,0.0410186,0.000587438,0.000586479,0.000586479,0.000646372,0.0111111,0.00149098,0.275307,0.0156737,0.664328,0.558957,0.917917,0.93772,0.473064,0.909134,0.521436,0.586901,0.660478,0.437656,0.478478,0.550863,0.514095,0.533467,0.44953,0.479828,0.0787693
period14,1,1,1,1,0.997646,0.98862,0.987427,1,0.76544,0.414018,1,1,0.000577783,0.061585,0.00104898,0.000586573,0.455556,0.976054,0.235628,0.0010106,0.393286,0.0420971,0.000587447,0.000586573,0.000586573,0.000633444,0.0111111,0.00140577,0.451689,0.377903,0.403393,0.693012,0.828439,0.896242,0.0788675,0.635241,0.344495,0.408029,0.420698,0.368902,0.331079,0.747614,0.126129,0.278625,0.620471,0.695746,0.430715
period15,1,1,1,1,0.998272,0.991413,0.989863,1,0.832516,0.414404,1,1,0.000623009,0.0896635,0.00105563,0.000639975,0.474566,0.987011,0.549829,0.00109796,0.392209,0.0571763,0.000641662,0.000639975,0.000639975,0.000682987,0.00909091,0.0688722,0.494427,0.651183,0.0982086,0.823464,0.419277,0.423364,0.52602,0.544436,0.63415,0.547238,0.660932,0.617948,0.528716,0.480654,0.459467,0.626539,0.683277,0.62815,0.335756
period16,1,1,1,1,0.999964,0.99321,0.992616,1,0.870957,0.418229,1,1,0.0253086,0.166756,0.00145517,0.00111157,0.485455,1,0.67481,0.0747531,0.407313,0.0845772,0.000716544,0.00111157,0.00111157,0.000750696,0.00714286,0.127222,0.224247,0.960287,0.951968,0.110023,0.438245,0.247661,0.613499,0.196372,0.735922,0.744818,0.802343,0.456732,0.385469,0.856757,0.541409,0.19775,0.538299,0.436114,0.494665
period17,1,1,1,1,0.999911,0.994039,0.993652,1,0.888749,0.525844,1,1,0.168317,0.328344,0.001667,0.00122179,0.491304,1,0.732605,0.217251,0.398676,0.201885,0.000742538,0.00122179,0.00122179,0.000786782,0.00588235,0.135241,0.517279,0.409405,0.292999,0.269112,0.552231,0.073075,0.867483,0.671161,0.618196,0.452291,0.84293,0.736155,0.548648,0.600011,0.397085,0.70218,0.612388,0.694777,0.5656
period18,1,1,1,1,0.999903,0.993808,0.993626,1,0.905364,0.622945,1,1,0.26597,0.474303,0.00186202,0.00799384,0.490476,1,0.776936,0.278366,0.389859,0.322006,0.00107915,0.00134458,0.00134458,0.000865208,0.00588235,0.160411,1,0.266922,0.158182,0.155716,0.684841,0.683737,0.328474,0.686052,0.119884,0.598774,0.518567,0.222035,0.382415,0.3995,0.13431,0.427397,0.714946,0.843742,0.877062
period19,1,1,1,1,0.999991,0.998976,0.999929,1,1,0.764567,1,1,0.321896,0.654331,0.00184439,0.0157509,0.489781,1,0.99732,1,0.469471,0.570064,0.00650442,0.00144447,0.00144447,0.00091302,0.00434783,1,1,0.772185,0.808185,0.840243,0.499655,0.27749,0.364173,0.129423,0.265105,0.540689,0.314648,0.766653,0.271291,0.17765,0.0915371,0.46277,0.817979,0.287296,0.0840588
period20,1,1,1,1,0.999989,0.998934,1,1,1,0.804673,1,1,0.402561,0.757944,0.00207578,0.0268522,1,1,1,1,0.47326,0.667108,0.00823799,0.0100788,0.0100788,0.0010605,0.0305556,1,1,0.0489468,0.288519,0.145357,0.288843,0.446819,0.511893,0.328592,0.455975,0.331791,0.611386,0.832891,0.295288,0.367911,0.28724,0.632777,0.509016,0.609297,0.395023
period21,1,1,1,1,0.999988,0.998875,1,1,1,0.839394,1,1,0.496257,0.79899,0.00228046,0.0478016,1,1,1,1,0.471329,0.730795,0.00969715,0.0110418,0.0386116,0.00116049,0.087234,1,1,0.473706,0.492859,0.468217,0.300706,0.223514,0.339696,0.170779,0.460595,0.267271,0.218949,0.484158,0.0996527,0.524802,0.468238,0.80394,0.157942,0.665834,0.536579
period22,1,1,1,1,0.999989,0.998875,1,1,1,0.831,1,1,0.534281,0.791,0.0022847,0.114368,1,1,1,1,0.456829,0.753243,0.0194271,0.0206345,0.0675012,0.00117867,0.122414,1,1,0.515297,1,0.651542,0.220455,0.0941212,0.453294,0.498034,0.627304,0.228059,0.384952,0.703826,0.526225,0.607728,0.353977,0.477526,0.374214,0.445221,0.300433
