period4,0.116667,0.0957802,0.00128205,0.155128,0.00259844,0.00442876,0.167949,0.00530227,0.00530227,0.00180548,0.00146028,0.00142621,0.00142621,0.00142621,0.00180548,0.00160368,0.00180548,0.00198094,0.00146028,0.00142284,0.00146028,0.00146028,0.00158256,0.00158256,0.00142284,0.502373,0.64018,0.951027,0.748891,0.434956,0.679038,0.360392,0.684355,0.635488,0.653316,0.0992612,0.852208,0.569606,0.700668,0.368212,0.482196,0.39711,0.54858,0.747762,0.485743,0.141068,0.788745,0.446988,0.519248
period5,0.744872,0.103538,0.00128205,0.629487,0.00266156,0.175219,0.667949,0.00720161,0.00720161,0.00199298,0.00147879,0.00142803,0.00142803,0.00142803,0.00199298,0.00162381,0.00199298,0.00218789,0.00147879,0.00142302,0.00147879,0.00147879,0.00158619,0.00158619,0.00142302,0.449632,0.221861,0.803386,0.883814,0.558216,0.0885038,0.626962,0.762585,0.167651,0.29694,0.588544,0.428998,0.67934,0.469047,0.560667,0.51134,0.363857,0.26685,0.616807,0.379261,0.484967,0.611358,0.412951,0.352117
period6,0.860256,0.103742,0.00128205,0.744872,0.00266309,0.55001,0.757692,0.00882197,0.00882197,0.00215294,0.00149458,0.00142959,0.00142959,0.00142959,0.00215294,0.00164098,0.00215294,0.00236152,0.00149458,0.00142318,0.00149458,0.00149458,0.00158928,0.00158928,0.00142318,0.436442,0.302129,0.444908,0.125827,0.839736,0.459502,0.0589685,0.479783,0.686766,0.538784,0.755493,0.192534,0.0633197,0.405283,0.169657,0.468931,0.453308,0.398164,0.494436,0.579215,0.43187,0.34804,0.4734,0.683496
period7,0.898718,0.293666,0.00128205,0.847436,0.00266115,0.626487,0.821795,0.148323,0.0119731,0.00246401,0.00152529,0.00143263,0.00143263,0.00143263,0.00246401,0.00167437,0.00243137,0.00270158,0.00152529,0.00142348,0.00152529,0.00152529,0.0015953,0.0015953,0.00142348,0.373157,0.150305,0.492053,0.275116,0.497316,0.335752,0.850325,0.563287,0.397103,0.92513,0.799548,0.634824,0.520718,0.794041,0.541771,0.110822,0.424912,0.354133,0.454964,0.400653,0.334425,0.572417,0.773306,0.461521
period8,0.896053,0.599966,0.00131579,0.882895,0.0027277,0.713787,0.896053,0.497019,0.345746,0.00255526,0.00156795,0.00147052,0.00147052,0.00147052,0.00255526,0.00172229,0.286631,0.0234422,0.00156795,0.00146091,0.00156795,0.00156795,0.00163777,0.00163777,0.00146091,0.197887,0.594618,0.357037,0.468247,0.14627,0.453639,0.476059,0.426544,0.413511,0.415024,0.44194,0.40206,0.454981,0.754805,0.41121,0.732444,0.343535,0.706865,0.34032,0.280172,0.446483,0.322863,0.711032,0.532415
period9,0.995283,0.909085,0.00142857,0.996751,0.00170952,1,0.958571,0.777643,0.637341,0.00283616,0.00170814,0.00159694,0.00159694,0.00159694,0.00283616,0.00187602,0.55833,0.0250758,0.00170814,0.00158598,0.00170814,0.00170814,0.00177885,0.00177885,0.00158598,0.269743,0.454341,0.132084,0.727058,0.543547,0.466537,0.47373,0.446151,0.94754,0.391975,0.306061,0.782829,0.484962,0.490574,0.555266,0.539464,0.388679,0.535251,0.261939,0.358804,0.392708,0.26341,0.381531,0.299473
period10,0.999836,1,0.00147059,0.997003,0.00178258,1,0.972059,0.874618,0.845606,0.00297717,0.00176393,0.00164439,0.00164439,0.00164439,0.00297717,0.00193712,0.734239,0.0143636,0.00176393,0.00163261,0.00176393,0.00176393,0.00183208,0.00183208,0.00163261,0.675325,0.854128,0.641324,0.519438,0.644083,0.518223,0.896575,0.575077,0.0478342,0.420395,0.0701048,0.776546,0.145416,0.343177,0.369218,0.765242,0.387352,0.326124,0.339375,0.777147,0.255195,0.713876,0.376705,0.437211
period11,0.99998,1,0.00153846,0.998556,0.00183195,1,0.998141,0.997869,0.923066,0.0030519,0.00183896,0.00171953,0.00171953,0.00171953,0.0030519,0.00201924,1,0.0219783,0.00183896,0.00170777,0.00183896,0.00183896,0.00191508,0.00191508,0.00170777,0.182288,0.363238,0.363221,0.317546,0.563201,0.218596,0.639587,0.526066,0.656014,0.555877,0.50235,0.89181,0.658173,0.821942,0.305702,0.173745,0.546535,0.308354,0.673544,0.0866274,0.285296,0.214035,0.582409,0.264913
period12,0.99997,1,0.0015625,0.998555,0.00185832,1,0.997156,0.997044,0.983391,0.00319742,0.00187725,0.00174729,0.00174729,0.00174729,0.00319742,0.00205991,1,0.183588,0.00187725,0.0017345,0.00187725,0.00187725,0.00194665,0.00194665,0.0017345,0.59701,0.599924,0.591362,0.450784,0.545542,0.743174,0.401618,0.0859494,0.746032,0.230248,0.70112,0.506369,0.22354,0.441501,0.3672,0.460062,0.212114,0.202373,0.411728,0.433605,0.323426,0.679666,0.58827,0.234401
period13,0.999969,1,0.0016129,0.998507,0.00191823,1,0.997107,0.997042,0.982895,0.00329581,0.00193717,0.0018035,0.0018035,0.0018035,0.00329581,0.00212556,1,0.216309,0.00193717,0.00179034,0.00193717,0.00193717,0.0020091,0.0020091,0.00179034,0.460937,0.196357,0.557319,0.418638,0.405995,0.420052,0.356778,0.100782,0.0703958,0.643619,0.413422,0.696415,0.312568,0.607271,0.627542,0.309444,0.20283,0.193022,0.42947,0.48238,0.87858,0.189936,0.742024,0.299604
period14,0.999967,1,0.00172414,0.998401,0.00205044,1,0.996923,0.99688,0.981733,0.00351934,0.00207,0.00192757,0.00192757,0.00192757,0.00351934,0.00227105,1,0.296347,0.00207,0.00191357,0.00207,0.00207,0.00214697,0.00214697,0.00191357,0.417611,0.480591,0.513724,0.540376,0.51143,0.643658,0.862033,0.170326,0.702881,0.198345,0.0795116,0.372442,0.819458,0.521294,0.58207,0.358931,0.668561,0.640414,0.715521,0.625602,0.492256,0.371409,0.21553,0.476612
period15,0.999962,1,0.00196078,0.998174,0.00233168,1,0.99648,0.996426,0.979215,0.00399856,0.0023528,0.00219145,0.00219145,0.00219145,0.00399856,0.00258066,1,0.356554,0.0023528,0.00217563,0.0023528,0.0023528,0.00244012,0.00244012,0.00217563,0.257558,0.544185,0.776511,0.371472,0.595778,0.350955,0.89219,0.482884,0.226805,0.54877,0.436704,0.0881503,0.56389,0.0920705,0.322233,0.358109,0.337526,0.527371,0.43561,0.66931,0.472216,0.385697,0.3004,0.548649
period16,0.99996,1,0.00208333,0.998056,0.0024773,1,0.996249,0.996188,0.977909,0.00424637,0.00249912,0.00232804,0.00232804,0.00232804,0.00424637,0.00274081,1,0.420421,0.00249912,0.00231129,0.00249912,0.00249912,0.00259178,0.00259178,0.00231129,0.340999,0.25264,0.69431,0.240812,0.310033,0.329789,0.819349,0.56491,0.156702,0.484655,0.360574,0.111603,0.411981,0.146292,0.61527,0.275926,0.702455,0.477899,0.518607,0.34318,0.269121,0.240856,0.437814,0.279061
period17,0.999951,1,0.0025,0.99765,0.00297232,1,1,0.997566,0.977457,0.00469792,0.00295805,0.00278841,0.00278841,0.00278841,0.00469792,0.00324311,1,0.506021,0.00295805,0.00277187,0.00295805,0.00295805,0.00309936,0.00309936,0.00277187,0.400516,0.18324,0.397697,0.713757,0.363594,0.783113,0.61382,0.238358,0.407841,0.0282343,0.743343,0.356768,0.776555,0.412907,0.367275,0.584921,0.484378,0.477196,0.430574,0.490554,0.407139,0.362661,0.528375,0.330472
period18,0.999953,1,0.034375,1,0.00483367,1,1,0.99691,0.971834,0.0362234,0.00492013,0.00360164,0.00360164,0.00360164,0.00585357,0.00416512,1,0.601592,0.00492013,0.00347391,0.00369206,0.00369206,0.00387941,0.00387941,0.00347391,0.801958,0.303212,0.172489,0.344347,0.140049,0.554289,0.231898,0.661868,0.215554,0.464627,1,0.703417,0.478591,0.73166,0.12012,0.368769,0.123872,0.642016,0.191834,0.420256,0.441199,0.425224,0.111149,0.215112
period19,0.999992,1,0.0407407,1,0.0057265,1,1,1,0.96666,0.0427165,0.00581768,0.00426393,0.00426393,0.00426393,0.00691426,0.00492505,1,0.676278,0.00581768,0.0041143,0.00436952,0.00436952,0.00459057,0.00459057,0.0041143,0.0859624,0.0247959,0.488752,0.581348,0.424934,0.504601,0.502071,0.24956,0.19,0.882883,1,0.493395,0.393144,0.491895,0.292568,0.490884,0.338006,0.496166,0.779374,0.44984,0.476298,0.459795,0.450963,0.415191
period20,1,1,0.05,1,0.0320238,1,1,1,1,0.05,0.00702381,0.00521591,0.00521591,0.00521591,0.00454545,0.00564675,1,1,0.00702381,0.00504334,0.00497934,0.00497934,0.00555317,0.00555317,0.00504334,0.838487,0.45429,0.196303,0.462926,0.621609,0.849104,0.579826,0.418937,0.695654,0.413723,1,0.624914,0.364475,0.426189,0.756114,0.504251,0.373622,0.539435,0.497791,0.375818,0.287409,0.282658,0.386604,0.410059
period21,1,1,0.0733333,1,0.0469524,1,1,1,1,0.0733333,0.0102857,0.00762667,0.00762667,0.00762667,0.00666667,0.00824249,1,1,0.0102857,0.00737849,0.00728889,0.00728889,0.00810533,0.00810533,0.00737849,0.493464,0.31813,0.727868,0.595328,0.481627,0.170128,0.798242,0.786383,0.391468,0.574953,1,0.596553,0.492846,0.41724,0.318573,0.313915,0.337748,0.317081,0.385686,0.639082,0.434015,0.278075,0.307358,0.326821
