period4,0.986634,1,0.00128205,0.155128,0.00259844,0.0169515,0.167949,0.0248156,0.0248156,0.0037318,0.00165045,0.00144498,0.00144498,0.00144498,0.0037318,0.00181047,0.0037318,0.0040801,0.00165045,0.0014247,0.00165045,0.00165045,0.00161984,0.00161984,0.0014247,0.502373,0.64018,0.951027,0.747639,0.434309,0.679027,0.360392,0.672891,0.634454,0.652249,0.352751,0.28901,0.560394,0.688885,0.362951,0.482267,0.391281,0.547684,0.735055,0.484879,0.140262,0.788659,0.440181,0.517996
period5,1,1,0.00128205,0.629487,0.00266156,0.227342,0.667949,0.00438181,0.00438181,0.00171461,0.00145131,0.00142532,0.00142532,0.00142532,0.00171461,0.00159393,0.00171461,0.00188303,0.00145131,0.00142276,0.00145131,0.00145131,0.0015808,0.0015808,0.00142276,0.449632,0.221861,0.803386,0.884033,0.558343,0.0885037,0.626962,0.764467,0.16767,0.296995,0.618221,0.43019,0.680986,0.470095,0.561976,0.511418,0.364606,0.267206,0.618275,0.378622,0.48606,0.611461,0.41384,0.352677
period6,1,1,0.00128205,0.744872,0.00266309,0.632892,0.757692,0.0037073,0.0037073,0.00164803,0.00144474,0.00142467,0.00142467,0.00142467,0.00164803,0.00158678,0.00164803,0.00180999,0.00144474,0.00142269,0.00144474,0.00144474,0.00157951,0.00157951,0.00142269,0.436442,0.302129,0.444908,0.125841,0.84011,0.459503,0.0589685,0.481743,0.687063,0.539006,0.821362,0.218901,0.0631304,0.406858,0.170016,0.468938,0.455131,0.398256,0.496472,0.579314,0.433582,0.347818,0.475327,0.682889
period7,1,1,0.00128205,0.847436,0.00266115,0.687324,0.821795,0.155526,0.00381009,0.00165818,0.00144574,0.00142477,0.00142477,0.00142477,0.00165818,0.00158787,0.00247586,0.00190185,0.00144574,0.0014227,0.00144574,0.00144574,0.00157971,0.00157971,0.0014227,0.373157,0.150305,0.492053,0.275258,0.497637,0.335753,0.850325,0.567115,0.397343,0.925797,0.8237,0.673982,0.523096,0.791793,0.54542,0.111089,0.427596,0.352981,0.457897,0.400287,0.336362,0.57102,0.778869,0.461692
period8,1,1,0.00131579,0.882895,0.0027277,0.786178,0.896053,0.54413,0.375309,0.00259561,0.00157194,0.00147091,0.00147091,0.00147091,0.00259561,0.00172665,0.31353,0.0251802,0.00157194,0.00146095,0.00157194,0.00157194,0.00163856,0.00163856,0.00146095,0.197887,0.594618,0.357037,0.468232,0.146268,0.453639,0.476059,0.413494,0.413498,0.415011,0.448322,0.427824,0.452918,0.769907,0.417655,0.731102,0.343232,0.706892,0.339859,0.280212,0.453845,0.321259,0.701924,0.529459
period9,1,1,0.00142857,0.944286,0.00294109,0.878012,0.958571,0.780868,0.639901,0.00283148,0.00170767,0.0015969,0.0015969,0.0015969,0.00283148,0.00187552,0.560618,0.0251393,0.00170767,0.00158598,0.00170767,0.00170767,0.00177876,0.00177876,0.00158598,0.269743,0.454341,0.132084,0.72706,0.543549,0.466537,0.47373,0.446213,0.947544,0.391977,0.305903,0.785539,0.485588,0.49152,0.555674,0.539486,0.388427,0.535173,0.261459,0.358951,0.39273,0.263421,0.380868,0.299392
period10,1,1,0.00147059,0.972059,0.00299076,0.932779,0.972059,0.874745,0.845729,0.00297615,0.00176383,0.00164438,0.00164438,0.00164438,0.00297615,0.00193701,0.734344,0.0143631,0.00176383,0.00163261,0.00176383,0.00176383,0.00183206,0.00183206,0.00163261,0.675325,0.854128,0.641324,0.519438,0.644083,0.518223,0.896575,0.57509,0.0478341,0.420395,0.0700898,0.776647,0.145387,0.343169,0.369238,0.765234,0.387366,0.326133,0.339393,0.777149,0.25515,0.713896,0.3767,0.437211
period11,1,1,0.00153846,0.986154,0.00305116,0.958712,0.986154,0.928369,0.913198,0.00323309,0.0018568,0.00172128,0.00172128,0.00172128,0.00323309,0.00203877,0.841815,0.0213215,0.0018568,0.00170794,0.0018568,0.0018568,0.00191858,0.00191858,0.00170794,0.182288,0.363238,0.363221,0.317506,0.563116,0.218595,0.639587,0.523117,0.655913,0.555794,0.502358,0.891826,0.631574,0.791238,0.305019,0.173603,0.542443,0.30765,0.669064,0.0867761,0.285142,0.214003,0.578812,0.264095
period12,1,1,0.0015625,0.998555,0.00185829,1,0.997156,0.997058,0.983418,0.00319481,0.00187699,0.00174727,0.00174727,0.00174727,0.00319481,0.00205963,1,0.183591,0.00187699,0.0017345,0.00187699,0.00187699,0.0019466,0.0019466,0.0017345,0.59701,0.599924,0.591362,0.450785,0.545543,0.743174,0.401618,0.085949,0.746034,0.230248,0.701139,0.506382,0.223541,0.441506,0.367207,0.460061,0.212117,0.202374,0.411736,0.43361,0.323432,0.679665,0.588284,0.234403
period13,1,1,0.0016129,0.998508,0.00191819,1,0.998508,1,0.984162,0.00317113,0.0019249,0.00180229,0.00180229,0.00180229,0.00317113,0.00211223,1,0.216459,0.0019249,0.00179023,0.0019249,0.0019249,0.0020067,0.0020067,0.00179023,0.460937,0.196357,0.557319,0.418678,0.406034,0.420052,0.356778,0.100783,0.0703921,0.643687,0.413432,0.696433,0.313199,0.608776,0.628223,0.309683,0.202963,0.193117,0.429894,0.482384,0.879584,0.189723,0.742852,0.299493
period14,1,1,0.00172414,0.998402,0.0020504,1,0.998402,1,0.983069,0.00338805,0.0020571,0.0019263,0.0019263,0.0019263,0.00338805,0.00225703,1,0.296614,0.0020571,0.00191345,0.0020571,0.0020571,0.00214446,0.00214446,0.00191345,0.417611,0.480591,0.513724,0.540434,0.511484,0.643659,0.862033,0.170422,0.70296,0.198358,0.0795109,0.372451,0.82171,0.522612,0.582726,0.358777,0.669334,0.640951,0.716359,0.625529,0.492789,0.371413,0.215687,0.476556
period15,1,1,0.00196078,0.998175,0.00233162,1,0.999814,1,1,0.00196078,0.00215302,0.00217186,0.00217186,0.00217186,0.00196078,0.00236368,1,0.362,0.00215302,0.00217371,0.00215302,0.00215302,0.00240126,0.00240126,0.00217371,0.257558,0.544185,0.776511,0.372027,0.596792,0.35096,0.89219,0.491011,0.227065,0.549688,0.436717,0.0881498,0.565554,0.092042,0.32695,0.36006,0.342567,0.527268,0.442734,0.667367,0.480117,0.390621,0.304654,0.546679
period16,1,1,0.00208333,0.998056,0.00247724,1,0.999802,1,1,0.00208333,0.00228733,0.0023073,0.0023073,0.0023073,0.00208333,0.00251083,1,0.42766,0.00228733,0.00230926,0.00228733,0.00228733,0.00255064,0.00255064,0.00230926,0.340999,0.25264,0.69431,0.241118,0.310489,0.329794,0.819349,0.575412,0.156826,0.485491,0.360585,0.111603,0.413175,0.146469,0.62691,0.275633,0.716064,0.473523,0.528063,0.347029,0.272942,0.243117,0.445445,0.283332
period17,1,1,0.0025,0.997651,0.00297223,1,0.999759,1,1,0.0025,0.00274375,0.00276752,0.00276752,0.00276752,0.0025,0.0030106,1,0.515385,0.00274375,0.00276983,0.00274375,0.00274375,0.00305794,0.00305794,0.00276983,0.400516,0.18324,0.397697,0.715112,0.364176,0.783127,0.61382,0.241549,0.408521,0.0280758,0.743374,0.356781,0.778206,0.413671,0.373439,0.58528,0.493243,0.478144,0.438198,0.491215,0.414222,0.364211,0.538255,0.329322
period18,1,1,0.034375,0.997031,0.0051162,1,0.999694,1,1,0.034375,0.00483367,0.00359326,0.00359326,0.00359326,0.003125,0.00389453,1,0.616129,0.00483367,0.0034731,0.00342773,0.00342773,0.00383023,0.00383023,0.0034731,0.801958,0.303212,0.172489,0.344728,0.140143,0.554293,0.231898,0.678152,0.215871,0.465627,0.131028,0.703445,0.479764,0.733618,0.120704,0.36888,0.124564,0.641706,0.194495,0.419543,0.451088,0.427746,0.111472,0.215214
period19,1,1,0.0407407,0.996445,0.00606159,1,0.999631,1,1,0.0407407,0.0057265,0.00425514,0.00425514,0.00425514,0.0037037,0.00460975,1,0.696154,0.0057265,0.00411346,0.00406036,0.00406036,0.00453352,0.00453352,0.00411346,0.0859624,0.0247959,0.488752,0.582177,0.425584,0.504604,0.502071,0.254719,0.190291,0.885414,0.467266,0.493398,0.393144,0.491895,0.29921,0.492611,0.346215,0.495576,0.802806,0.453406,0.489276,0.46879,0.463067,0.416633
period20,1,1,0.05,0.995572,0.0323248,1,0.999537,1,1,0.05,0.00702381,0.00521591,0.00521591,0.00521591,0.00454545,0.00564675,1,0.766667,0.00702381,0.00504334,0.00497934,0.00497934,0.00555317,0.00555317,0.00504334,0.838487,0.45429,0.196303,0.462926,0.621609,0.849104,0.579826,0.418937,0.695654,0.413723,0.624455,0.624914,0.364475,0.426189,0.756114,0.504251,0.373622,0.539435,0.497791,0.375818,0.287409,0.282658,0.386604,0.410059
period21,1,1,0.0733333,0.993255,0.0473102,1,1,1,1,0.0733333,0.0102857,0.00762667,0.00762667,0.00762667,0.00666667,0.00824249,1,0.74,0.0102857,0.00737849,0.00728889,0.00728889,0.00810533,0.00810533,0.00737849,0.493464,0.31813,0.727868,0.595328,0.481627,0.170128,0.798242,0.786383,0.391468,0.574953,0.323189,0.596553,0.492846,0.41724,0.318573,0.313915,0.337748,0.317081,0.385686,0.639082,0.434015,0.278075,0.307358,0.326821
period22,1,1,0.0846154,0.992072,0.05453,1,1,1,1,0.0846154,0.011859,0.00878698,0.00878698,0.00878698,0.0846154,0.0129042,1,0.7,0.0541667,0.00850341,0.011859,0.011859,0.00995175,0.00995175,0.00850341,0.102786,0.583342,0.338894,0.0903458,0.527714,0.440241,0.513045,0.168554,0.412807,0.0910594,0.686578,0.222356,0.147969,0.407239,0.411796,0.198769,0.349415,0.611537,0.483858,0.474056,0.38936,0.343839,0.0953123,0.273202
