period4,1,1,0.00128205,0.155128,0.00259844,0.0171439,0.167949,0.0251154,0.0251154,0.00376139,0.00165337,0.00144527,0.00144527,0.00144527,0.00376139,0.00181365,0.00376139,0.00411235,0.00165337,0.00142473,0.00165337,0.00165337,0.00162041,0.00162041,0.00142473,0.502373,0.64018,0.951027,0.74762,0.434299,0.679027,0.360392,0.672715,0.634439,0.652232,0.356646,0.280357,0.560252,0.688704,0.36287,0.482268,0.391192,0.54767,0.734859,0.484866,0.14025,0.788658,0.440077,0.517977
period5,1,1,0.00128205,0.629487,0.00266156,0.227342,0.667949,0.00438181,0.00438181,0.00171461,0.00145131,0.00142532,0.00142532,0.00142532,0.00171461,0.00159393,0.00171461,0.00188303,0.00145131,0.00142276,0.00145131,0.00145131,0.0015808,0.0015808,0.00142276,0.449632,0.221861,0.803386,0.884033,0.558343,0.0885037,0.626962,0.764467,0.16767,0.296995,0.618221,0.43019,0.680986,0.470095,0.561976,0.511418,0.364606,0.267206,0.618275,0.378622,0.48606,0.611461,0.41384,0.352677
period6,1,1,0.00128205,0.744872,0.00266309,0.632892,0.757692,0.0037073,0.0037073,0.00164803,0.00144474,0.00142467,0.00142467,0.00142467,0.00164803,0.00158678,0.00164803,0.00180999,0.00144474,0.00142269,0.00144474,0.00144474,0.00157951,0.00157951,0.00142269,0.436442,0.302129,0.444908,0.125841,0.84011,0.459503,0.0589685,0.481743,0.687063,0.539006,0.821362,0.218901,0.0631304,0.406858,0.170016,0.468938,0.455131,0.398256,0.496472,0.579314,0.433582,0.347818,0.475327,0.682889
period7,1,1,0.00128205,0.847436,0.00266115,0.687324,0.821795,0.155526,0.00381009,0.00165818,0.00144574,0.00142477,0.00142477,0.00142477,0.00165818,0.00158787,0.00247586,0.00190185,0.00144574,0.0014227,0.00144574,0.00144574,0.00157971,0.00157971,0.0014227,0.373157,0.150305,0.492053,0.275258,0.497637,0.335753,0.850325,0.567115,0.397343,0.925797,0.8237,0.673982,0.523096,0.791793,0.54542,0.111089,0.427596,0.352981,0.457897,0.400287,0.336362,0.57102,0.778869,0.461692
period8,1,1,0.00131579,0.882895,0.0027277,0.786178,0.896053,0.54413,0.375309,0.00259561,0.00157194,0.00147091,0.00147091,0.00147091,0.00259561,0.00172665,0.31353,0.0251802,0.00157194,0.00146095,0.00157194,0.00157194,0.00163856,0.00163856,0.00146095,0.197887,0.594618,0.357037,0.468232,0.146268,0.453639,0.476059,0.413494,0.413498,0.415011,0.448322,0.427824,0.452918,0.769907,0.417655,0.731102,0.343232,0.706892,0.339859,0.280212,0.453845,0.321259,0.701924,0.529459
period9,1,1,0.00142857,0.944286,0.00294109,0.878012,0.958571,0.780868,0.639901,0.00283148,0.00170767,0.0015969,0.0015969,0.0015969,0.00283148,0.00187552,0.560618,0.0251393,0.00170767,0.00158598,0.00170767,0.00170767,0.00177876,0.00177876,0.00158598,0.269743,0.454341,0.132084,0.72706,0.543549,0.466537,0.47373,0.446213,0.947544,0.391977,0.305903,0.785539,0.485588,0.49152,0.555674,0.539486,0.388427,0.535173,0.261459,0.358951,0.39273,0.263421,0.380868,0.299392
period10,1,1,0.00147059,0.972059,0.00299076,0.932779,0.972059,0.874745,0.845729,0.00297615,0.00176383,0.00164438,0.00164438,0.00164438,0.00297615,0.00193701,0.734344,0.0143631,0.00176383,0.00163261,0.00176383,0.00176383,0.00183206,0.00183206,0.00163261,0.675325,0.854128,0.641324,0.519438,0.644083,0.518223,0.896575,0.57509,0.0478341,0.420395,0.0700898,0.776647,0.145387,0.343169,0.369238,0.765234,0.387366,0.326133,0.339393,0.777149,0.25515,0.713896,0.3767,0.437211
period11,1,1,0.00153846,0.986154,0.00305116,0.958712,0.986154,0.928369,0.913198,0.00323309,0.0018568,0.00172128,0.00172128,0.00172128,0.00323309,0.00203877,0.841815,0.0213215,0.0018568,0.00170794,0.0018568,0.0018568,0.00191858,0.00191858,0.00170794,0.182288,0.363238,0.363221,0.317506,0.563116,0.218595,0.639587,0.523117,0.655913,0.555794,0.502358,0.891826,0.631574,0.791238,0.305019,0.173603,0.542443,0.30765,0.669064,0.0867761,0.285142,0.214003,0.578812,0.264095
period12,1,1,0.0015625,0.998555,0.00185829,1,0.997156,0.997058,0.983418,0.00319481,0.00187699,0.00174727,0.00174727,0.00174727,0.00319481,0.00205963,1,0.183591,0.00187699,0.0017345,0.00187699,0.00187699,0.0019466,0.0019466,0.0017345,0.59701,0.599924,0.591362,0.450785,0.545543,0.743174,0.401618,0.085949,0.746034,0.230248,0.701139,0.506382,0.223541,0.441506,0.367207,0.460061,0.212117,0.202374,0.411736,0.43361,0.323432,0.679665,0.588284,0.234403
period13,1,1,0.0016129,0.998508,0.00191819,1,0.997107,0.997057,0.982922,0.00329315,0.00193691,0.00180347,0.00180347,0.00180347,0.00329315,0.00212527,1,0.216312,0.00193691,0.00179034,0.00193691,0.00193691,0.00200904,0.00200904,0.00179034,0.460937,0.196357,0.557319,0.418639,0.405996,0.420052,0.356778,0.100782,0.0703958,0.643621,0.413432,0.696433,0.312571,0.607278,0.627557,0.309449,0.202833,0.193024,0.429479,0.48238,0.878601,0.189931,0.742042,0.299602
period14,1,1,0.00172414,0.998402,0.0020504,1,0.996924,0.996895,0.981762,0.0035165,0.00206973,0.00192754,0.00192754,0.00192754,0.0035165,0.00227074,1,0.296352,0.00206973,0.00191357,0.00206973,0.00206973,0.00214692,0.00214692,0.00191357,0.417611,0.480591,0.513724,0.540377,0.511431,0.643658,0.862033,0.170328,0.702882,0.198345,0.0795109,0.372451,0.819469,0.5213,0.582084,0.358928,0.668577,0.640425,0.715539,0.6256,0.492267,0.371409,0.215533,0.476611
period15,1,1,0.00196078,0.998175,0.00233162,1,0.996481,0.996444,0.979248,0.00399531,0.00235248,0.00219142,0.00219142,0.00219142,0.00399531,0.00258032,1,0.356563,0.00235248,0.00217563,0.00235248,0.00235248,0.00244006,0.00244006,0.00217563,0.257558,0.544185,0.776511,0.371473,0.595779,0.350955,0.89219,0.482897,0.226805,0.548772,0.436717,0.0881498,0.563898,0.0920703,0.322241,0.358112,0.337534,0.527371,0.435622,0.669307,0.472229,0.385705,0.300407,0.548646
period16,1,1,0.00208333,0.998056,0.00247724,1,0.996249,0.996207,0.977945,0.0042429,0.00249878,0.00232801,0.00232801,0.00232801,0.0042429,0.00274044,1,0.420433,0.00249878,0.00231128,0.00249878,0.00249878,0.00259171,0.00259171,0.00231128,0.340999,0.25264,0.69431,0.240813,0.310033,0.329789,0.819349,0.564926,0.156703,0.484657,0.360585,0.111603,0.411987,0.146293,0.615289,0.275926,0.702477,0.477892,0.518622,0.343186,0.269127,0.24086,0.437826,0.279068
period17,1,1,0.0025,0.997651,0.00297223,1,0.995452,0.995391,0.973509,0.00508285,0.00299558,0.00279207,0.00279207,0.00279207,0.00508285,0.00328383,1,0.504381,0.00299558,0.00277223,0.00299558,0.00299558,0.00310661,0.00310661,0.00277223,0.400516,0.18324,0.397697,0.71352,0.363492,0.78311,0.61382,0.237799,0.407722,0.0282621,0.743374,0.356781,0.77508,0.412225,0.366195,0.584858,0.482825,0.477031,0.429238,0.490438,0.405898,0.36239,0.526645,0.330673
period18,1,1,0.034375,0.997031,0.0051162,1,0.994225,0.994127,0.96684,0.0365511,0.00493546,0.00360312,0.00360312,0.00360312,0.0063374,0.0042131,1,0.599014,0.00493546,0.00347405,0.00373894,0.00373894,0.00388813,0.00388813,0.00347405,0.801958,0.303212,0.172489,0.344279,0.140032,0.554288,0.231898,0.65898,0.215498,0.464449,0.131028,0.703445,0.477534,0.729897,0.120017,0.368749,0.123749,0.64207,0.191362,0.420383,0.439446,0.424777,0.111092,0.215095
period19,1,1,0.0407407,0.996445,0.00606159,1,0.993054,0.992913,0.960647,0.0430728,0.00583413,0.00426551,0.00426551,0.00426551,0.00749328,0.00498192,1,0.672693,0.00583413,0.00411446,0.00442528,0.00442528,0.00460086,0.00460086,0.00411446,0.0859624,0.0247959,0.488752,0.581198,0.424816,0.5046,0.502071,0.24863,0.189948,0.882426,0.467266,0.493398,0.391067,0.489118,0.291371,0.490573,0.336526,0.496273,0.775148,0.449196,0.473957,0.458172,0.448779,0.414931
period20,1,1,0.05,0.995572,0.0323248,1,0.991289,0.991071,0.951608,0.0524196,0.00713327,0.00522636,0.00522636,0.00522636,0.00916473,0.00609398,1,0.734405,0.00713327,0.00504433,0.00542027,0.00542027,0.00563355,0.00563355,0.00504433,0.838487,0.45429,0.196303,0.462054,0.620312,0.849096,0.579826,0.403503,0.69289,0.412267,0.624455,0.624914,0.362114,0.423276,0.724363,0.495311,0.360381,0.54008,0.478541,0.380917,0.27834,0.278552,0.372735,0.409257
period21,1,1,0.0733333,0.993255,0.0473102,1,1,1,1,0.0733333,0.0102857,0.00762667,0.00762667,0.00762667,0.00666667,0.00824249,1,1,0.0102857,0.00737849,0.00728889,0.00728889,0.00810533,0.00810533,0.00737849,0.493464,0.31813,0.727868,0.595328,0.481627,0.170128,0.798242,0.786383,0.391468,0.574953,0.323189,0.596553,0.492846,0.41724,0.318573,0.313915,0.337748,0.317081,0.385686,0.639082,0.434015,0.278075,0.307358,0.326821
period22,1,1,0.0846154,0.992072,0.05453,1,1,1,1,0.0846154,0.011859,0.00878698,0.00878698,0.00878698,0.0846154,0.0129042,1,1,0.0541667,0.00850341,0.011859,0.011859,0.00995175,0.00995175,0.00850341,0.102786,0.583342,0.338894,0.0903458,0.527714,0.440241,0.513045,0.168554,0.412807,0.0910594,0.686578,0.222356,0.147969,0.407239,0.411796,0.198769,0.349415,0.611537,0.483858,0.474056,0.38936,0.343839,0.0953123,0.273202
period23,1,1,0.11,0.989249,0.0707072,1,1,1,1,0.11,0.0153889,0.011385,0.011385,0.011385,0.11,0.016691,1,1,0.0703889,0.0110247,0.0153889,0.0153889,0.0128509,0.0128509,0.0110247,0.279222,0.548028,0.118505,0.261038,0.496538,0.185053,0.265129,0.235584,0.484698,0.425312,1,0.193366,0.40613,0.310316,0.357023,0.318633,0.230492,0.431035,0.226405,0.449531,0.382738,0.41384,0.305674,0.191932
period24,1,1,0.157143,0.983351,0.100468,1,1,1,1,0.157143,0.0219048,0.0161633,0.0161633,0.0161633,0.157143,0.0236154,1,1,0.100476,0.0156711,0.0219048,0.0219048,0.0181308,0.0181308,0.0156711,0.319216,0.114825,0.27595,0.299588,0.138119,0.0393253,0.150307,0.595136,0.480812,0.466949,1,0.123851,0.474388,0.24404,0.442883,0.203976,0.189235,0.314883,0.337782,0.320907,0.293142,0.231576,0.328284,0.139017
period25,1,1,0.157143,0.983351,0.100468,1,1,1,1,0.157143,0.0219048,0.0161633,0.0161633,0.0161633,0.157143,0.0236154,1,1,0.100476,0.0156711,0.100476,0.0219048,0.021828,0.021828,0.0156711,0.205878,0.325043,0.31982,0.32907,0.367046,0.38055,0.479905,0.185027,0.0917022,0.0633792,1,0.597127,0.577136,0.347909,0.133828,0.270992,0.273492,0.200604,0.20622,0.356888,0.374549,0.289299,0.230445,0.28787
