period6,0.538579,1,1,1,0.573514,0.0730317,0.0337605,0.00117585,0.0499377,0.00547604,0.086802,0.0492129,0.0499377,0.00547604,0.00609922,0.00547604,0.416757,0.254897,0.00117585,0.00547604,0.00105244,0.00105244,0.00105244,0.00547604,0.00547604,0.00111444,0.000624602,0.000624602,0.939989,0.386928,0.595428,0.251582,0.291243,0.407387,0.616598,0.697405,0.558644,0.473628,0.628461,0.440371,0.474376,0.115966,0.82198,0.353876,0.474198,0.413544,0.265879
period7,0.853299,1,1,1,0.573514,0.0508269,0.0416747,0.0241227,0.0508269,0.00101315,0.162944,0.0948174,0.00966423,0.00101315,0.0019238,0.00146913,0.422162,0.389276,0.000970103,0.00101315,0.000608415,0.000608415,0.000653782,0.00146913,0.00146913,0.000699018,0.000910315,0.000604132,0.249641,0.153769,0.12194,0.491202,0.480543,0.33952,0.399052,0.450925,0.847814,0.517841,0.459943,0.622747,0.556411,0.199613,0.299437,0.178311,0.551727,0.456298,0.212913
period8,0.924365,1,1,1,0.573514,0.0501511,0.0411276,0.0375222,0.273106,0.00597043,0.213706,0.140161,0.00556023,0.00597043,0.00151327,0.00106081,0.432973,0.471287,0.000964314,0.00100487,0.000805679,0.00379089,0.000613157,0.00106081,0.00106081,0.000658173,0.000926161,0.000603556,0.759558,0.261772,0.582238,0.462498,0.613234,0.747092,0.632709,0.729646,0.562475,0.328342,0.324777,0.655577,0.575787,0.365051,0.602529,0.631236,0.318725,0.441539,0.455977
period9,0.909808,1,1,1,0.979849,0.975679,0.986503,1,0.43974,0.195081,0.315228,0.201153,0.00941151,0.0204779,0.0107199,0.00144399,0.447895,0.632424,0.108522,0.00107765,0.026283,0.0112558,0.00065128,0.00144399,0.00144399,0.00157417,0.0111111,0.00588096,0.649729,0.634009,0.299505,0.656627,0.273884,0.274716,0.402234,0.714037,0.497902,0.39365,0.529694,0.497876,0.381159,0.23058,0.146595,0.598523,0.26424,0.689701,0.796507
period10,0.94353,1,1,1,0.988297,0.975769,0.986438,1,0.408188,0.334018,0.998142,1,0.00617259,0.0278767,0.0104277,0.00112174,0.448437,0.633317,0.108515,0.00102218,0.2184,0.0149093,0.000619219,0.00112174,0.00112174,0.00154509,0.0111111,0.00588061,0.463332,0.510822,0.496063,0.437709,0.33971,0.796372,0.386436,0.274595,0.313373,0.489551,0.610899,0.442359,0.535075,0.459084,0.410435,0.268852,0.328314,0.531688,0.85967
period11,0.983823,1,1,1,0.99513,0.978541,0.986585,1,0.418738,0.38218,0.999053,1,0.00217783,0.0386003,0.00917457,0.000724292,0.446114,0.894807,0.278045,0.00102123,0.308889,0.0299387,0.000579676,0.000724292,0.000724292,0.00142041,0.0111111,0.00732326,0.234558,0.090146,0.760506,0.135076,0.165637,0.297438,0.639496,0.0786006,0.371469,0.584837,0.722241,0.121369,0.643677,0.699626,0.730111,0.256489,0.571395,0.255001,0.42749
period12,0.997855,1,1,1,0.997563,0.987968,0.987065,1,0.426636,0.372998,0.999178,1,0.000790675,0.0448164,0.00456994,0.00060775,0.455556,0.940969,0.183961,0.0010589,0.352434,0.0358829,0.000589554,0.00060775,0.00060775,0.000983677,0.0111111,0.00412032,0.687197,0.51923,0.669758,0.527579,0.157596,0.535406,0.647654,0.237489,0.600004,0.511529,0.422301,0.286474,0.364268,0.528351,0.416789,0.35451,0.511432,0.623781,0.230002
period13,0.999059,1,1,1,0.997699,0.988743,0.987346,1,0.537839,0.401686,0.999246,1,0.00067043,0.0449564,0.0011882,0.000595789,0.455556,0.964251,0.0787784,0.00105116,0.364747,0.0409884,0.000588364,0.000595789,0.000595789,0.000647292,0.0111111,0.0014909,0.275474,0.0160521,0.664487,0.558949,0.917903,0.937668,0.473071,0.909064,0.521403,0.58698,0.66045,0.437621,0.478481,0.550619,0.513896,0.533462,0.449531,0.479827,0.0787693
period14,0.999096,1,1,1,0.997601,0.988506,0.987323,1,0.764839,0.413694,0.999284,1,0.000667628,0.0615382,0.00105789,0.00059551,0.455556,0.975263,0.235603,0.00101134,0.392979,0.0420655,0.000588336,0.00059551,0.00059551,0.00063433,0.0111111,0.00140568,0.451924,0.377639,0.403668,0.692982,0.828427,0.896173,0.0788799,0.635268,0.344493,0.408141,0.420685,0.368989,0.331106,0.747266,0.126345,0.278628,0.620471,0.695726,0.430718
period15,0.999112,1,1,1,0.998243,0.991294,0.989759,1,0.831866,0.414082,0.999252,1,0.000711282,0.0895958,0.0010644,0.000648752,0.474566,0.986223,0.549771,0.00109947,0.391906,0.0571336,0.000642535,0.000648752,0.000648752,0.000683859,0.00909091,0.0688651,0.49442,0.651071,0.0985144,0.823446,0.419274,0.423362,0.526009,0.544452,0.634135,0.547207,0.660912,0.617916,0.528712,0.480597,0.459455,0.626539,0.683277,0.628146,0.335756
period16,0.99911,1,1,1,0.998568,0.992526,0.99202,1,0.869108,0.41735,0.999248,1,0.0253747,0.16641,0.00145875,0.00111285,0.485455,0.986122,0.674405,0.0746032,0.406458,0.0844035,0.000716671,0.00111285,0.00111285,0.000751051,0.00714286,0.127146,0.224342,0.959921,0.951607,0.11034,0.437955,0.248136,0.612733,0.196532,0.735786,0.744574,0.802228,0.456673,0.385472,0.856477,0.541318,0.197741,0.538304,0.436237,0.494679
period17,0.99991,1,1,1,0.99991,0.994027,0.993642,1,0.888679,0.525803,0.99926,1,0.168311,0.328319,0.00166703,0.00122177,0.491304,1,0.732598,0.217234,0.398644,0.201869,0.000742536,0.00122177,0.00122177,0.000786786,0.00588235,0.135239,0.517352,0.409509,0.292818,0.269112,0.552231,0.0730795,0.867483,0.671158,0.618197,0.452299,0.842931,0.736133,0.548645,0.599776,0.396967,0.70218,0.612388,0.694777,0.5656
period18,0.999914,1,1,1,0.999914,0.999015,0.999981,1,0.905304,0.622904,0.999226,1,0.265958,0.474272,0.00177778,0.00799351,0.490476,1,1,0.278348,0.389833,0.321985,0.00107913,0.00134456,0.00134456,0.000856841,0.00588235,1,0.391766,0.267027,0.158548,0.155716,0.684848,0.68681,0.328476,0.6894,0.11594,0.598803,0.518573,0.222029,0.382415,0.647987,0.1589,0.427397,0.714946,0.843741,0.877062
period19,1,1,1,1,0.999991,0.999027,1,1,1,0.764567,1,1,0.321896,0.654331,0.00184323,0.0157509,1,1,1,1,0.469471,0.570064,0.00650442,0.00144447,0.00144447,0.000912904,0.00434783,1,1,0.772185,0.808185,0.840243,0.499655,0.277482,0.364173,0.129386,0.265123,0.540689,0.314648,0.766653,0.271291,0.17765,0.0915371,0.46277,0.817979,0.287296,0.0840588
period20,1,1,1,1,0.999989,0.998934,1,1,1,0.804673,1,1,0.402561,0.757944,0.00207578,0.0268522,1,1,1,1,0.47326,0.667108,0.00823799,0.0100788,0.0100788,0.0010605,0.0305556,1,1,0.0489468,0.288519,0.145357,0.288843,0.446819,0.511893,0.328592,0.455975,0.331791,0.611386,0.832891,0.295288,0.367911,0.28724,0.632777,0.509016,0.609297,0.395023
period21,1,1,1,1,0.999988,0.998875,1,1,1,0.839394,1,1,0.496257,0.79899,0.00228046,0.0478016,1,1,1,1,0.471329,0.730795,0.00969715,0.0110418,0.0386116,0.00116049,0.087234,1,1,0.473706,0.492859,0.468217,0.300706,0.223514,0.339696,0.170779,0.460595,0.267271,0.218949,0.484158,0.0996527,0.524802,0.468238,0.80394,0.157942,0.665834,0.536579
