period4,0.116667,0.0957802,0.00128205,0.155128,0.00259844,0.00442876,0.167949,0.00530227,0.00530227,0.00180548,0.00146028,0.00142621,0.00142621,0.00142621,0.00180548,0.00160368,0.00180548,0.00198094,0.00146028,0.00142284,0.00146028,0.00146028,0.00158256,0.00158256,0.00142284,0.502373,0.64018,0.951027,0.748891,0.434956,0.679038,0.360392,0.684355,0.635488,0.653316,0.0992612,0.852208,0.569606,0.700668,0.368212,0.482196,0.39711,0.54858,0.747762,0.485743,0.141068,0.788745,0.446988,0.519248
period5,1,0.137288,0.00128205,0.629487,0.00266156,0.227342,1,0.00204082,0.00204082,0.00148352,0.0014285,0.00142307,0.00142307,0.00142307,0.00148352,0.00156912,0.00148352,0.00162967,0.0014285,0.00142253,0.0014285,0.0014285,0.00157633,0.00157633,0.00142253,0.449632,0.221861,0.803386,0.884215,0.55845,0.0885037,0.626962,0.766029,0.167686,0.297041,0.618221,0.43019,0.682352,0.470965,0.563062,0.511483,0.365229,0.267502,0.619493,0.378091,0.486968,0.611546,0.414578,0.353142
period6,1,0.119118,0.00128205,0.744872,0.00266309,0.632892,1,0.00169492,0.00169492,0.00144937,0.00142513,0.00142274,0.00142274,0.00142274,0.00144937,0.00156545,0.00144937,0.00159221,0.00142513,0.0014225,0.00142513,0.00142513,0.00157566,0.00157566,0.0014225,0.436442,0.302129,0.444908,0.125846,0.840257,0.459504,0.0589685,0.482514,0.68718,0.539093,0.821362,0.218901,0.063056,0.407478,0.170158,0.46894,0.455848,0.398292,0.497272,0.579353,0.434256,0.34773,0.476085,0.68265
period7,1,0.325352,0.00128205,0.847436,0.00266115,0.687324,1,0.186154,0.00153846,0.00143393,0.00142361,0.00142259,0.00142259,0.00142259,0.00143393,0.00156379,0.00266505,0.00169661,0.00142361,0.00142249,0.00142361,0.00142361,0.00157537,0.00157537,0.00142249,0.373157,0.150305,0.492053,0.275297,0.497726,0.335754,0.850325,0.56818,0.39741,0.925982,0.8237,0.673982,0.533207,0.782234,0.546436,0.111163,0.428343,0.35266,0.458713,0.400186,0.336901,0.570631,0.780417,0.46174
period8,1,0.668116,0.00131579,0.882895,0.0027277,0.786178,1,0.595652,0.407246,0.0026392,0.00157624,0.00147134,0.00147134,0.00147134,0.0026392,0.00173137,0.342946,0.02705,0.00157624,0.00146099,0.00157624,0.00157624,0.0016394,0.0016394,0.00146099,0.197887,0.594618,0.357037,0.468216,0.146266,0.453638,0.476059,0.399395,0.413484,0.414997,0.448322,0.427824,0.450662,0.786423,0.424618,0.729652,0.342904,0.706922,0.33936,0.280256,0.461799,0.319526,0.692084,0.526266
period9,1,1,0.00142857,0.996827,0.00170774,1,1,1,0.663235,0.00278887,0.00170347,0.00159649,0.00159649,0.00159649,0.00278887,0.00187091,1,0.0352941,0.00170347,0.00158594,0.00170347,0.00170347,0.00177793,0.00177793,0.00158594,0.269743,0.454341,0.132084,0.727087,0.543568,0.466537,0.47373,0.446781,0.947581,0.391989,0.305903,0.785539,0.528068,0.555757,0.55939,0.539691,0.386132,0.534461,0.257082,0.360285,0.392928,0.263515,0.374823,0.298654
period10,1,1,0.00147059,0.997005,0.00178249,1,1,1,0.867164,0.00279813,0.00174629,0.00164265,0.00164265,0.00164265,0.00279813,0.00191779,1,0.0149512,0.00174629,0.00163244,0.00174629,0.00174629,0.00182861,0.00182861,0.00163244,0.675325,0.854128,0.641324,0.519513,0.644181,0.518224,0.896575,0.577333,0.0478248,0.420452,0.0700898,0.776647,0.116128,0.335532,0.372634,0.763828,0.389855,0.32775,0.34246,0.777352,0.247323,0.717242,0.375911,0.437299
period11,1,1,0.00153846,0.998556,0.00183192,1,1,1,0.924615,0.00302346,0.00183616,0.00171925,0.00171925,0.00171925,0.00302346,0.00201617,1,0.0219313,0.00183616,0.00170774,0.00183616,0.00183616,0.00191453,0.00191453,0.00170774,0.182288,0.363238,0.363221,0.317552,0.563214,0.218596,0.639587,0.526529,0.65603,0.55589,0.502358,0.891826,0.658988,0.822884,0.305809,0.173768,0.547177,0.308464,0.674248,0.0866041,0.285321,0.21404,0.582974,0.265041
period12,1,1,0.0015625,0.998555,0.00185829,1,1,1,0.985938,0.00294678,0.00185257,0.00174486,0.00174486,0.00174486,0.00294678,0.0020331,1,0.183805,0.00185257,0.00173426,0.00185257,0.00185257,0.00194183,0.00194183,0.00173426,0.59701,0.599924,0.591362,0.450872,0.545654,0.743176,0.401618,0.085913,0.746194,0.230281,0.701139,0.506382,0.223906,0.442514,0.367892,0.459948,0.212404,0.202422,0.412535,0.43408,0.324004,0.679658,0.589535,0.234572
period13,1,1,0.0016129,0.998508,0.00191819,1,1,1,0.985484,0.0030411,0.00191211,0.00180103,0.00180103,0.00180103,0.0030411,0.00209832,1,0.216616,0.00191211,0.0017901,0.00191211,0.00191211,0.0020042,0.0020042,0.0017901,0.460937,0.196357,0.557319,0.418719,0.406073,0.420053,0.356778,0.100784,0.0703883,0.643758,0.413432,0.696433,0.313199,0.608776,0.628932,0.309932,0.203101,0.193216,0.430337,0.482388,0.88063,0.189502,0.743715,0.299377
period14,1,1,0.00172414,0.998402,0.0020504,1,1,1,0.994774,0.00223777,0.00194406,0.00191519,0.00191519,0.00191519,0.00223777,0.0021342,1,1,0.00194406,0.00191236,0.00194406,0.00194406,0.00212241,0.00212241,0.00191236,0.417611,0.480591,0.513724,0.540942,0.511959,0.643665,0.862033,0.171261,0.703656,0.198471,0.0795109,0.372451,0.82171,0.522612,0.588474,0.357425,0.676113,0.645661,0.723697,0.624889,0.497466,0.371452,0.217064,0.476062
period15,1,1,0.00196078,0.998175,0.00233162,1,1,1,0.995062,0.0024449,0.00220048,0.00217652,0.00217652,0.00217652,0.0024449,0.00241523,1,1,0.00220048,0.00217417,0.00220048,0.00220048,0.00241049,0.00241049,0.00217417,0.257558,0.544185,0.776511,0.371895,0.596551,0.350959,0.89219,0.48908,0.227003,0.54947,0.436717,0.0881498,0.565554,0.092042,0.32583,0.359596,0.34137,0.527293,0.441042,0.667829,0.47824,0.389452,0.303643,0.547147
period16,1,1,0.00208333,0.998056,0.00247724,1,1,1,0.995552,0.00251889,0.00232997,0.00231148,0.00231148,0.00231148,0.00251889,0.00255714,1,1,0.00232997,0.00230967,0.00232997,0.00232997,0.00255893,0.00255893,0.00230967,0.340999,0.25264,0.69431,0.241057,0.310397,0.329793,0.819349,0.573297,0.156801,0.485323,0.360585,0.111603,0.413175,0.146469,0.624566,0.275692,0.713324,0.474404,0.526159,0.346254,0.272172,0.242662,0.443909,0.282472
period17,1,1,0.0025,0.997651,0.00297223,1,1,1,0.995554,0.00293351,0.00278602,0.00277164,0.00277164,0.00277164,0.00293351,0.00305646,1,1,0.00278602,0.00277023,0.00278602,0.00278602,0.00306611,0.00306611,0.00277023,0.400516,0.18324,0.397697,0.714845,0.364061,0.783124,0.61382,0.240919,0.408387,0.0281071,0.743374,0.356781,0.778206,0.413671,0.372223,0.585209,0.491494,0.477957,0.436694,0.491084,0.412825,0.363906,0.536306,0.329549
period18,1,1,0.034375,0.997031,0.0051162,1,1,1,1,0.034375,0.00483367,0.00359326,0.00359326,0.00359326,0.003125,0.00389453,1,1,0.00483367,0.0034731,0.00342773,0.00342773,0.00383023,0.00383023,0.0034731,0.801958,0.303212,0.172489,0.344728,0.140143,0.554293,0.231898,0.678152,0.215871,0.465627,0.131028,0.703445,0.479764,0.733618,0.120704,0.36888,0.124564,0.641706,0.194495,0.419543,0.451088,0.427746,0.111472,0.215214
period19,1,1,0.0407407,0.996445,0.00606159,1,1,1,1,0.0407407,0.0057265,0.00425514,0.00425514,0.00425514,0.0037037,0.00460975,1,1,0.0057265,0.00411346,0.00406036,0.00406036,0.00453352,0.00453352,0.00411346,0.0859624,0.0247959,0.488752,0.582177,0.425584,0.504604,0.502071,0.254719,0.190291,0.885414,0.467266,0.493398,0.393144,0.491895,0.29921,0.492611,0.346215,0.495576,0.802806,0.453406,0.489276,0.46879,0.463067,0.416633
period20,1,1,0.05,0.995572,0.0323248,1,1,1,1,0.05,0.00702381,0.00521591,0.00521591,0.00521591,0.00454545,0.00564675,1,1,0.00702381,0.00504334,0.00497934,0.00497934,0.00555317,0.00555317,0.00504334,0.838487,0.45429,0.196303,0.462926,0.621609,0.849104,0.579826,0.418937,0.695654,0.413723,0.624455,0.624914,0.364475,0.426189,0.756114,0.504251,0.373622,0.539435,0.497791,0.375818,0.287409,0.282658,0.386604,0.410059
period21,1,1,0.0733333,0.993255,0.0473102,1,1,1,1,0.0733333,0.0102857,0.00762667,0.00762667,0.00762667,0.00666667,0.00824249,1,1,0.0102857,0.00737849,0.00728889,0.00728889,0.00810533,0.00810533,0.00737849,0.493464,0.31813,0.727868,0.595328,0.481627,0.170128,0.798242,0.786383,0.391468,0.574953,0.323189,0.596553,0.492846,0.41724,0.318573,0.313915,0.337748,0.317081,0.385686,0.639082,0.434015,0.278075,0.307358,0.326821
period22,1,1,0.0846154,0.992072,0.05453,1,1,1,1,0.0846154,0.011859,0.00878698,0.00878698,0.00878698,0.0846154,0.0129042,1,1,0.0541667,0.00850341,0.011859,0.011859,0.00995175,0.00995175,0.00850341,0.102786,0.583342,0.338894,0.0903458,0.527714,0.440241,0.513045,0.168554,0.412807,0.0910594,0.686578,0.222356,0.147969,0.407239,0.411796,0.198769,0.349415,0.611537,0.483858,0.474056,0.38936,0.343839,0.0953123,0.273202
period23,1,1,0.11,0.989249,0.0707072,1,1,1,1,0.11,0.0153889,0.011385,0.011385,0.011385,0.11,0.016691,1,1,0.0703889,0.0110247,0.0153889,0.0153889,0.0128509,0.0128509,0.0110247,0.279222,0.548028,0.118505,0.261038,0.496538,0.185053,0.265129,0.235584,0.484698,0.425312,0.371208,0.193366,0.40613,0.310316,0.357023,0.318633,0.230492,0.431035,0.226405,0.449531,0.382738,0.41384,0.305674,0.191932
period24,1,1,0.157143,0.983351,0.100468,1,1,1,1,0.157143,0.0219048,0.0161633,0.0161633,0.0161633,0.157143,0.0236154,1,1,0.100476,0.0156711,0.0219048,0.0219048,0.0181308,0.0181308,0.0156711,0.319216,0.114825,0.27595,0.299588,0.138119,0.0393253,0.150307,0.595136,0.480812,0.466949,0.60823,0.123851,0.474388,0.24404,0.442883,0.203976,0.189235,0.314883,0.337782,0.320907,0.293142,0.231576,0.328284,0.139017
period25,1,1,0.157143,0.983351,0.100468,1,1,1,1,0.157143,0.0219048,0.0161633,0.0161633,0.0161633,0.157143,0.0236154,1,1,0.100476,0.0156711,0.100476,0.0219048,0.021828,0.021828,0.0156711,0.205878,0.325043,0.31982,0.32907,0.367046,0.38055,0.479905,0.185027,0.0917022,0.0633792,0.280368,0.597127,0.577136,0.347909,0.133828,0.270992,0.273492,0.200604,0.20622,0.356888,0.374549,0.289299,0.230445,0.28787
period25,1,1,0.157143,0.983351,0.100468,1,1,1,1,0.157143,0.0219048,0.0161633,0.0161633,0.0161633,0.157143,0.0236154,1,1,0.100476,0.0156711,0.100476,0.0219048,0.021828,0.021828,0.0156711,0.205878,0.325043,0.31982,0.32907,0.367046,0.38055,0.479905,0.185027,0.0917022,0.0633792,0.280368,0.597127,0.577136,0.347909,0.133828,0.270992,0.273492,0.200604,0.20622,0.356888,0.374549,0.289299,0.230445,0.28787
