period3,1,0.9,0.00128205,0.00128205,0.00153501,0.0112251,0.00128205,0.0112251,0.0112251,0.00239017,0.001518,0.00143191,0.00143191,0.00143191,0.00239017,0.00166645,0.00239017,0.00262337,0.001518,0.00142341,0.001518,0.001518,0.00159387,0.00159387,0.00142341,0.336965,0.517829,0.460838,0.542692,0.775271,0.41054,0.137727,0.46122,0.0617282,0.487546,0.384422,0.117106,0.251138,0.477189,0.640647,0.334594,0.442788,0.362863,0.123707,0.387883,0.444966,0.491408,0.621431,0.455624
period4,1,0.81,0.00128205,0.155128,0.00259844,0.0171439,0.167949,0.0251154,0.0251154,0.00376139,0.00165337,0.00144527,0.00144527,0.00144527,0.00376139,0.00181365,0.00376139,0.00411235,0.00165337,0.00142473,0.00165337,0.00165337,0.00162041,0.00162041,0.00142473,0.502373,0.64018,0.951027,0.74762,0.434299,0.679027,0.360392,0.672715,0.634439,0.652232,0.356646,0.280357,0.560252,0.688704,0.36287,0.482268,0.391192,0.54767,0.734859,0.484866,0.14025,0.788658,0.440077,0.517977
period5,1,1,0.00128205,0.629487,0.00266156,0.227342,0.667949,0.00438181,0.00438181,0.00171461,0.00145131,0.00142532,0.00142532,0.00142532,0.00171461,0.00159393,0.00171461,0.00188303,0.00145131,0.00142276,0.00145131,0.00145131,0.0015808,0.0015808,0.00142276,0.449632,0.221861,0.803386,0.884033,0.558343,0.0885037,0.626962,0.764467,0.16767,0.296995,0.618221,0.43019,0.680986,0.470095,0.561976,0.511418,0.364606,0.267206,0.618275,0.378622,0.48606,0.611461,0.41384,0.352677
period6,1,1,0.00128205,0.744872,0.00266309,0.632892,0.757692,0.0037073,0.0037073,0.00164803,0.00144474,0.00142467,0.00142467,0.00142467,0.00164803,0.00158678,0.00164803,0.00180999,0.00144474,0.00142269,0.00144474,0.00144474,0.00157951,0.00157951,0.00142269,0.436442,0.302129,0.444908,0.125841,0.84011,0.459503,0.0589685,0.481743,0.687063,0.539006,0.821362,0.218901,0.0631304,0.406858,0.170016,0.468938,0.455131,0.398256,0.496472,0.579314,0.433582,0.347818,0.475327,0.682889
period7,1,1,0.00128205,0.847436,0.00266115,0.687324,0.821795,0.155526,0.00381009,0.00165818,0.00144574,0.00142477,0.00142477,0.00142477,0.00165818,0.00158787,0.00247586,0.00190185,0.00144574,0.0014227,0.00144574,0.00144574,0.00157971,0.00157971,0.0014227,0.373157,0.150305,0.492053,0.275258,0.497637,0.335753,0.850325,0.567115,0.397343,0.925797,0.8237,0.673982,0.523096,0.791793,0.54542,0.111089,0.427596,0.352981,0.457897,0.400287,0.336362,0.57102,0.778869,0.461692
period8,1,1,0.00131579,0.882895,0.0027277,0.786178,0.896053,0.54413,0.375309,0.00259561,0.00157194,0.00147091,0.00147091,0.00147091,0.00259561,0.00172665,0.31353,0.0251802,0.00157194,0.00146095,0.00157194,0.00157194,0.00163856,0.00163856,0.00146095,0.197887,0.594618,0.357037,0.468232,0.146268,0.453639,0.476059,0.413494,0.413498,0.415011,0.448322,0.427824,0.452918,0.769907,0.417655,0.731102,0.343232,0.706892,0.339859,0.280212,0.453845,0.321259,0.701924,0.529459
period9,1,1,0.00142857,0.944286,0.00294109,0.878012,0.958571,0.780868,0.639901,0.00283148,0.00170767,0.0015969,0.0015969,0.0015969,0.00283148,0.00187552,0.560618,0.0251393,0.00170767,0.00158598,0.00170767,0.00170767,0.00177876,0.00177876,0.00158598,0.269743,0.454341,0.132084,0.72706,0.543549,0.466537,0.47373,0.446213,0.947544,0.391977,0.305903,0.785539,0.485588,0.49152,0.555674,0.539486,0.388427,0.535173,0.261459,0.358951,0.39273,0.263421,0.380868,0.299392
period10,1,1,0.00147059,0.972059,0.00299076,0.932779,0.972059,0.874745,0.845729,0.00297615,0.00176383,0.00164438,0.00164438,0.00164438,0.00297615,0.00193701,0.734344,0.0143631,0.00176383,0.00163261,0.00176383,0.00176383,0.00183206,0.00183206,0.00163261,0.675325,0.854128,0.641324,0.519438,0.644083,0.518223,0.896575,0.57509,0.0478341,0.420395,0.0700898,0.776647,0.145387,0.343169,0.369238,0.765234,0.387366,0.326133,0.339393,0.777149,0.25515,0.713896,0.3767,0.437211
period11,1,1,0.00153846,0.986154,0.00305116,0.958712,1,0.94,0.924615,0.00302346,0.00183616,0.00171925,0.00171925,0.00171925,0.00302346,0.00201617,0.852048,0.0212453,0.00183616,0.00170774,0.00183616,0.00183616,0.00191453,0.00191453,0.00170774,0.182288,0.363238,0.363221,0.317552,0.563214,0.218596,0.639587,0.526529,0.65603,0.55589,0.502358,0.891826,0.636025,0.796376,0.305809,0.173768,0.547177,0.308464,0.674248,0.0866041,0.285321,0.21404,0.582974,0.265041
period12,1,1,0.0015625,1,0.00171631,0.985938,1,0.985938,0.985938,0.00294678,0.00185257,0.00174486,0.00174486,0.00174486,0.00294678,0.0020331,0.911858,0.169466,0.00185257,0.00173426,0.00185257,0.00185257,0.00194183,0.00194183,0.00173426,0.59701,0.599924,0.591362,0.450872,0.545654,0.743176,0.401618,0.085913,0.746194,0.230281,0.701139,0.506382,0.222164,0.437697,0.367892,0.459948,0.212404,0.202422,0.412535,0.43408,0.324004,0.679658,0.589535,0.234572
period13,1,1,0.0016129,1,0.00177159,0.985484,1,0.985484,0.985484,0.0030411,0.00191211,0.00180103,0.00180103,0.00180103,0.0030411,0.00209832,0.94084,0.20583,0.00191211,0.0017901,0.00191211,0.00191211,0.0020042,0.0020042,0.0017901,0.460937,0.196357,0.557319,0.418719,0.406073,0.420053,0.356778,0.100784,0.0703883,0.643758,0.413432,0.696433,0.310104,0.60139,0.628932,0.309932,0.203101,0.193216,0.430337,0.482388,0.88063,0.189502,0.743715,0.299377
period14,1,1,0.00172414,1,0.00189358,1,1,0.984483,0.984483,0.00324911,0.00204345,0.00192496,0.00192496,0.00192496,0.00324911,0.00224219,0.953784,0.285522,0.00204345,0.00191331,0.00204345,0.00204345,0.00214179,0.00214179,0.00191331,0.417611,0.480591,0.513724,0.540495,0.511541,0.64366,0.862033,0.170523,0.703044,0.198372,0.0795109,0.372451,0.810511,0.516055,0.583421,0.358614,0.670153,0.64152,0.717245,0.625451,0.493354,0.371418,0.215853,0.476496
period15,1,1,0.00196078,1,0.00215302,1,1,0.982353,0.982353,0.00369089,0.00232264,0.00218849,0.00218849,0.00218849,0.00369089,0.0025479,0.94752,0.341292,0.00232264,0.00217534,0.00232264,0.00232264,0.00243425,0.00243425,0.00217534,0.257558,0.544185,0.776511,0.371556,0.595931,0.350956,0.89219,0.484111,0.226844,0.548909,0.436717,0.0881498,0.557338,0.0921825,0.322945,0.358403,0.338287,0.527355,0.436686,0.669017,0.473409,0.38644,0.301042,0.548352
period16,1,1,0.00208333,1,0.00228733,1,1,0.98125,0.98125,0.00391927,0.0024671,0.0023249,0.0023249,0.0023249,0.00391927,0.00270603,0.944284,0.400869,0.0024671,0.00231098,0.0024671,0.0024671,0.00258556,0.00258556,0.00231098,0.340999,0.25264,0.69431,0.240859,0.310102,0.32979,0.819349,0.566498,0.156721,0.484782,0.360585,0.111603,0.407303,0.145598,0.617031,0.275882,0.704513,0.477237,0.520037,0.343762,0.269699,0.241198,0.438968,0.279707
period17,1,1,0.0025,1,0.00274375,1,1,0.9775,0.9775,0.00469375,0.00295764,0.00278837,0.00278837,0.00278837,0.00469375,0.00324267,0.933319,0.475704,0.00295764,0.00277187,0.00295764,0.00295764,0.00309928,0.00309928,0.00277187,0.400516,0.18324,0.397697,0.71376,0.363595,0.783113,0.61382,0.238364,0.407842,0.028234,0.743374,0.356781,0.762946,0.406613,0.367287,0.584922,0.484395,0.477198,0.430588,0.490555,0.407152,0.362664,0.528394,0.330469
period18,1,1,0.034375,1,0.00483367,1,1,0.971875,0.971875,0.0362207,0.00492,0.00360163,0.00360163,0.00360163,0.00584961,0.00416473,0.916982,0.555936,0.00492,0.00347391,0.00369168,0.00369168,0.00387934,0.00387934,0.00347391,0.801958,0.303212,0.172489,0.344348,0.140049,0.554289,0.231898,0.661891,0.215555,0.464628,0.131028,0.703445,0.469084,0.715798,0.120121,0.368769,0.123873,0.642015,0.191837,0.420255,0.441214,0.425228,0.11115,0.215113
period19,1,1,0.0407407,1,0.0057265,1,1,0.966667,0.966667,0.042716,0.00581766,0.00426392,0.00426392,0.00426392,0.00691358,0.00492499,0.901975,0.615054,0.00581766,0.0041143,0.00436946,0.00436946,0.00459056,0.00459056,0.0041143,0.0859624,0.0247959,0.488752,0.581348,0.424934,0.504601,0.502071,0.249562,0.19,0.882883,0.467266,0.493398,0.383373,0.478832,0.29257,0.490885,0.338008,0.496166,0.779379,0.44984,0.4763,0.459797,0.450965,0.415191
period20,1,1,0.05,1,0.0320238,1,1,0.959091,0.959091,0.0520455,0.00711634,0.00522474,0.00522474,0.00522474,0.00845041,0.00602482,0.880351,0.657154,0.00711634,0.00504418,0.00535208,0.00535208,0.00562112,0.00562112,0.00504418,0.838487,0.45429,0.196303,0.462189,0.620512,0.849097,0.579826,0.40589,0.693317,0.412492,0.624455,0.624914,0.353656,0.412845,0.729273,0.496694,0.362429,0.53998,0.481518,0.380129,0.279742,0.279187,0.37488,0.409381
period21,1,1,0.0733333,1,0.0469524,1,1,0.94,0.94,0.0749333,0.0103543,0.00763307,0.00763307,0.00763307,0.0122667,0.00876554,0.8896,0.635183,0.0103543,0.00737909,0.00781156,0.00781156,0.00819772,0.00819772,0.00737909,0.493464,0.31813,0.727868,0.594525,0.481,0.170127,0.798242,0.7452,0.389825,0.572276,0.323189,0.596553,0.469275,0.398206,0.305459,0.315025,0.323483,0.317712,0.368544,0.640063,0.413974,0.281696,0.294916,0.323877
period22,1,1,0.0846154,1,0.0541667,1,1,0.930769,0.930769,0.0856805,0.0119034,0.00879108,0.00879108,0.00879108,0.0856805,0.012952,0.873254,0.587679,0.0547436,0.00850379,0.0119034,0.0119034,0.00996001,0.00996001,0.00850379,0.102786,0.583342,0.338894,0.0904163,0.527234,0.44024,0.513045,0.163808,0.412517,0.0911018,0.686578,0.222356,0.144648,0.385969,0.39021,0.19562,0.332148,0.613803,0.457283,0.48031,0.369327,0.348858,0.0956368,0.273127
period23,1,1,0.11,1,0.0703889,1,1,0.91,0.91,0.1091,0.0153539,0.0113818,0.0113818,0.0113818,0.1091,0.0166535,0.8371,0.64085,0.0699039,0.0110244,0.0153539,0.0153539,0.0128446,0.0128446,0.0110244,0.279222,0.548028,0.118505,0.261197,0.496876,0.185054,0.265129,0.223382,0.485064,0.425563,0.371208,0.193366,0.378578,0.291387,0.333891,0.316459,0.218748,0.431259,0.215029,0.450187,0.357292,0.414394,0.287163,0.190411
period24,1,1,0.157143,1,0.100476,1,1,0.983351,0.983351,0.156191,0.021873,0.0161605,0.0161605,0.0161605,0.156191,0.0235819,1,1,0.0999688,0.0156709,0.021873,0.021873,0.0181254,0.0181254,0.0156709,0.319216,0.114825,0.27595,0.299812,0.138174,0.0393251,0.150307,0.586892,0.48114,0.467284,1,0.123851,0.468154,0.241641,0.437175,0.203493,0.187749,0.315121,0.333824,0.321978,0.289926,0.231481,0.324484,0.138776
