period3,0.103846,0.0947418,0.00128205,0.00128205,0.00153501,0.00255915,0.00128205,0.00255915,0.00255915,0.00153469,0.00143355,0.00142357,0.00142357,0.00142357,0.00153469,0.00157461,0.00153469,0.00168559,0.00143355,0.00142258,0.00143355,0.00143355,0.00157732,0.00157732,0.00142258,0.336965,0.517829,0.460838,0.543071,0.77585,0.410543,0.137727,0.464385,0.0616954,0.487878,0.703786,0.509911,0.252463,0.480494,0.645385,0.332213,0.445793,0.363138,0.123915,0.387985,0.44799,0.492254,0.626001,0.45575
period4,0.116667,0.0957802,0.00128205,0.155128,0.00259844,0.00442876,0.167949,0.00530227,0.00530227,0.00180548,0.00146028,0.00142621,0.00142621,0.00142621,0.00180548,0.00160368,0.00180548,0.00198094,0.00146028,0.00142284,0.00146028,0.00146028,0.00158256,0.00158256,0.00142284,0.502373,0.64018,0.951027,0.748891,0.434956,0.679038,0.360392,0.684355,0.635488,0.653316,0.0992612,0.852208,0.569606,0.700668,0.368212,0.482196,0.39711,0.54858,0.747762,0.485743,0.141068,0.788745,0.446988,0.519248
period5,0.744872,0.103538,0.00128205,0.629487,0.00266156,0.175219,0.667949,0.00720161,0.00720161,0.00199298,0.00147879,0.00142803,0.00142803,0.00142803,0.00199298,0.00162381,0.00199298,0.00218789,0.00147879,0.00142302,0.00147879,0.00147879,0.00158619,0.00158619,0.00142302,0.449632,0.221861,0.803386,0.883814,0.558216,0.0885038,0.626962,0.762585,0.167651,0.29694,0.588544,0.428998,0.67934,0.469047,0.560667,0.51134,0.363857,0.26685,0.616807,0.379261,0.484967,0.611358,0.412951,0.352117
period6,0.860256,0.103742,0.00128205,0.744872,0.00266309,0.55001,0.757692,0.00882197,0.00882197,0.00215294,0.00149458,0.00142959,0.00142959,0.00142959,0.00215294,0.00164098,0.00215294,0.00236152,0.00149458,0.00142318,0.00149458,0.00149458,0.00158928,0.00158928,0.00142318,0.436442,0.302129,0.444908,0.125827,0.839736,0.459502,0.0589685,0.479783,0.686766,0.538784,0.755493,0.192534,0.0633197,0.405283,0.169657,0.468931,0.453308,0.398164,0.494436,0.579215,0.43187,0.34804,0.4734,0.683496
period7,0.898718,0.293666,0.00128205,0.847436,0.00266115,0.626487,0.821795,0.148323,0.0119731,0.00246401,0.00152529,0.00143263,0.00143263,0.00143263,0.00246401,0.00167437,0.00243137,0.00270158,0.00152529,0.00142348,0.00152529,0.00152529,0.0015953,0.0015953,0.00142348,0.373157,0.150305,0.492053,0.275116,0.497316,0.335752,0.850325,0.563287,0.397103,0.92513,0.799548,0.634824,0.520718,0.794041,0.541771,0.110822,0.424912,0.354133,0.454964,0.400653,0.334425,0.572417,0.773306,0.461521
period8,0.896053,0.599966,0.00131579,0.882895,0.0027277,0.713787,0.896053,0.497019,0.345746,0.00255526,0.00156795,0.00147052,0.00147052,0.00147052,0.00255526,0.00172229,0.286631,0.0234422,0.00156795,0.00146091,0.00156795,0.00156795,0.00163777,0.00163777,0.00146091,0.197887,0.594618,0.357037,0.468247,0.14627,0.453639,0.476059,0.426544,0.413511,0.415024,0.44194,0.40206,0.454981,0.754805,0.41121,0.732444,0.343535,0.706865,0.34032,0.280172,0.446483,0.322863,0.711032,0.532415
period9,0.958571,0.876782,0.00142857,0.944286,0.00294109,0.845626,0.958571,0.752546,0.61742,0.00287254,0.00171172,0.0015973,0.0015973,0.0015973,0.00287254,0.00187996,0.540526,0.0245813,0.00171172,0.00158602,0.00171172,0.00171172,0.00177955,0.00177955,0.00158602,0.269743,0.454341,0.132084,0.727035,0.543531,0.466537,0.47373,0.445666,0.94751,0.391965,0.307286,0.761735,0.480097,0.483217,0.552094,0.539289,0.390638,0.53586,0.265677,0.357665,0.39254,0.26333,0.386692,0.300103
period10,0.996971,0.924209,0.00147059,0.996971,0.00178413,1,0.972059,0.872394,0.843465,0.00299495,0.00176568,0.00164456,0.00164456,0.00164456,0.00299495,0.00193904,0.732404,0.0143734,0.00176568,0.00163263,0.00176568,0.00176568,0.00183242,0.00183242,0.00163263,0.675325,0.854128,0.641324,0.519431,0.644073,0.518223,0.896575,0.574853,0.0478351,0.420389,0.0703673,0.774784,0.145936,0.343313,0.368879,0.765382,0.387103,0.325963,0.339069,0.777127,0.255977,0.713542,0.376784,0.437202
period11,0.998538,0.969496,0.00153846,0.998538,0.00183371,1,0.986154,0.927158,0.912008,0.00325493,0.00185895,0.0017215,0.0017215,0.0017215,0.00325493,0.00204112,0.840749,0.0213294,0.00185895,0.00170796,0.00185895,0.00185895,0.001919,0.001919,0.00170796,0.182288,0.363238,0.363221,0.317501,0.563106,0.218595,0.639587,0.522762,0.655901,0.555784,0.50177,0.890668,0.63111,0.790702,0.304937,0.173585,0.541949,0.307565,0.668524,0.086794,0.285123,0.213999,0.578378,0.263997
period12,0.99997,1,0.0015625,0.998555,0.00185832,1,0.997156,0.997044,0.983391,0.00319742,0.00187725,0.00174729,0.00174729,0.00174729,0.00319742,0.00205991,1,0.183588,0.00187725,0.0017345,0.00187725,0.00187725,0.00194665,0.00194665,0.0017345,0.59701,0.599924,0.591362,0.450784,0.545542,0.743174,0.401618,0.0859494,0.746032,0.230248,0.70112,0.506369,0.22354,0.441501,0.3672,0.460062,0.212114,0.202373,0.411728,0.433605,0.323426,0.679666,0.58827,0.234401
period13,0.999969,1,0.0016129,0.998507,0.00191823,1,0.997107,0.997042,0.982895,0.00329581,0.00193717,0.0018035,0.0018035,0.0018035,0.00329581,0.00212556,1,0.216309,0.00193717,0.00179034,0.00193717,0.00193717,0.0020091,0.0020091,0.00179034,0.460937,0.196357,0.557319,0.418638,0.405995,0.420052,0.356778,0.100782,0.0703958,0.643619,0.413422,0.696415,0.312568,0.607271,0.627542,0.309444,0.20283,0.193022,0.42947,0.48238,0.87858,0.189936,0.742024,0.299604
period14,0.999967,1,0.00172414,0.998401,0.00205044,1,0.996923,0.99688,0.981733,0.00351934,0.00207,0.00192757,0.00192757,0.00192757,0.00351934,0.00227105,1,0.296347,0.00207,0.00191357,0.00207,0.00207,0.00214697,0.00214697,0.00191357,0.417611,0.480591,0.513724,0.540376,0.51143,0.643658,0.862033,0.170326,0.702881,0.198345,0.0795116,0.372442,0.819458,0.521294,0.58207,0.358931,0.668561,0.640414,0.715521,0.625602,0.492256,0.371409,0.21553,0.476612
period15,0.999962,1,0.00196078,0.998174,0.00233168,1,0.99648,0.996426,0.979215,0.00399856,0.0023528,0.00219145,0.00219145,0.00219145,0.00399856,0.00258066,1,0.356554,0.0023528,0.00217563,0.0023528,0.0023528,0.00244012,0.00244012,0.00217563,0.257558,0.544185,0.776511,0.371472,0.595778,0.350955,0.89219,0.482884,0.226805,0.54877,0.436704,0.0881503,0.56389,0.0920705,0.322233,0.358109,0.337526,0.527371,0.43561,0.66931,0.472216,0.385697,0.3004,0.548649
period16,1,1,0.00208333,0.998056,0.00247724,1,0.998056,1,0.979537,0.00408698,0.00248352,0.00232651,0.00232651,0.00232651,0.00408698,0.00272386,1,0.420955,0.00248352,0.00231114,0.00248352,0.00248352,0.00258875,0.00258875,0.00231114,0.340999,0.25264,0.69431,0.240835,0.310066,0.32979,0.819349,0.565683,0.156711,0.484717,0.360585,0.111603,0.413175,0.146469,0.616128,0.275905,0.703458,0.477576,0.519304,0.343463,0.269403,0.241023,0.438377,0.279376
period17,1,1,0.0025,0.997651,0.00297223,1,0.997651,1,0.975439,0.00489474,0.00297724,0.00279028,0.00279028,0.00279028,0.00489474,0.00326393,1,0.505182,0.00297724,0.00277205,0.00297724,0.00297724,0.00310307,0.00310307,0.00277205,0.400516,0.18324,0.397697,0.713636,0.363542,0.783111,0.61382,0.238072,0.40778,0.0282485,0.743374,0.356781,0.778206,0.413671,0.366723,0.584889,0.483584,0.477112,0.429891,0.490495,0.406505,0.362523,0.527491,0.330574
period18,1,1,0.034375,0.997031,0.0051162,1,0.997031,1,0.969287,0.0363906,0.00492795,0.00360239,0.00360239,0.00360239,0.00610036,0.0041896,1,0.600277,0.00492795,0.00347398,0.00371597,0.00371597,0.00388386,0.00388386,0.00347398,0.801958,0.303212,0.172489,0.344312,0.140041,0.554289,0.231898,0.660395,0.215525,0.464536,0.131028,0.703445,0.479764,0.733618,0.120068,0.368759,0.123809,0.642044,0.191593,0.420321,0.440305,0.424996,0.11112,0.215103
period19,1,1,0.0407407,0.996445,0.00606159,1,1,1,1,0.0407407,0.0057265,0.00425514,0.00425514,0.00425514,0.0037037,0.00460975,1,0.696154,0.0057265,0.00411346,0.00406036,0.00406036,0.00453352,0.00453352,0.00411346,0.0859624,0.0247959,0.488752,0.582177,0.425584,0.504604,0.502071,0.254719,0.190291,0.885414,0.467266,0.493398,0.393144,0.491895,0.29921,0.492611,0.346215,0.495576,0.802806,0.453406,0.489276,0.46879,0.463067,0.416633
