period3,0.0411168,1,0.563959,0.106753,0.00101056,0.00106428,0.000613502,0.000568653,0.00106428,0.000613502,0.000507614,0.000558118,0.00106428,0.000613502,0.000674334,0.000613502,0.00101056,0.00106428,0.000568653,0.000613502,0.000568653,0.000568653,0.000568653,0.000613502,0.000613502,0.000574705,0.000564191,0.000564191,0.511143,0.566499,0.425345,0.483698,0.723362,0.177624,0.0473094,0.219235,0.859295,0.282155,0.484369,0.761228,0.430733,0.518689,0.331334,0.569778,0.537557,0.711481,0.397208
period4,0.0461929,1,1,0.585795,0.0403409,0.00583556,0.00108821,0.000615883,0.00583556,0.00108821,0.00558376,0.000786543,0.00583556,0.00108821,0.00119188,0.00108821,0.227841,0.00583556,0.000615883,0.00108821,0.000615883,0.000615883,0.000615883,0.00108821,0.00108821,0.000626197,0.00056889,0.00056889,0.47029,0.218629,0.13464,0.561262,0.261831,0.568771,0.719854,0.796454,0.682105,0.435213,0.227491,0.788113,0.672626,0.579039,0.275466,0.930903,0.416552,0.493159,0.465965
period5,0.538579,1,1,0.897838,0.465405,0.0378106,0.00113132,0.000620172,0.023405,0.00283624,0.0411168,0.0101013,0.023405,0.00283624,0.00294409,0.00283624,0.400541,0.0262862,0.000620172,0.00283624,0.000789798,0.000789798,0.000789798,0.00283624,0.00283624,0.000800529,0.000569317,0.000569317,0.858651,0.146637,0.258487,0.580229,0.477171,0.41231,0.508354,0.69406,0.844753,0.286326,0.365006,0.481511,0.614705,0.705181,0.353193,0.567002,0.566127,0.319494,0.36125
period6,0.538579,1,1,0.984324,0.573514,0.0730317,0.0337605,0.00117585,0.0499377,0.00547604,0.086802,0.0492129,0.0499377,0.00547604,0.00609922,0.00547604,0.416757,0.254897,0.00117585,0.00547604,0.00105244,0.00105244,0.00105244,0.00547604,0.00547604,0.00111444,0.000624602,0.000624602,0.939989,0.386928,0.595428,0.251582,0.291243,0.407387,0.616598,0.697405,0.558644,0.473628,0.628461,0.440371,0.474376,0.115966,0.82198,0.353876,0.474198,0.413544,0.265879
period7,0.853299,1,1,0.984324,0.573514,0.0508269,0.0416747,0.0241227,0.0508269,0.00101315,0.162944,0.0948174,0.00966423,0.00101315,0.0019238,0.00146913,0.422162,0.389276,0.000970103,0.00101315,0.000608415,0.000608415,0.000653782,0.00146913,0.00146913,0.000699018,0.000910315,0.000604132,0.249641,0.153769,0.12194,0.491202,0.480543,0.33952,0.399052,0.450925,0.847814,0.517841,0.459943,0.622747,0.556411,0.199613,0.299437,0.178311,0.551727,0.456298,0.212913
period8,0.924365,1,1,0.98973,0.573514,0.0501511,0.0411276,0.0375222,0.273106,0.00597043,0.213706,0.140161,0.00556023,0.00597043,0.00151327,0.00106081,0.432973,0.471287,0.000964314,0.00100487,0.000805679,0.00379089,0.000613157,0.00106081,0.00106081,0.000658173,0.000926161,0.000603556,0.759558,0.261772,0.582238,0.462498,0.613234,0.747092,0.632709,0.729646,0.562475,0.328342,0.324777,0.655577,0.575787,0.365051,0.602529,0.631236,0.318725,0.441539,0.455977
period9,0.939594,1,1,0.963684,0.726842,0.049773,0.0457989,0.0376046,0.334739,0.148683,0.315228,0.201153,0.0055541,0.0157719,0.00151389,0.0010602,0.447895,0.482136,0.00554543,0.001004,0.0201743,0.00878759,0.000613096,0.0010602,0.0010602,0.000658235,0.000927033,0.000784646,0.649729,0.634009,0.299505,0.61612,0.226634,0.225099,0.480417,0.517966,0.600738,0.39365,0.529694,0.497876,0.381159,0.23058,0.146595,0.627025,0.276123,0.674963,0.78805
period10,0.959898,1,1,1,0.901563,0.0644013,0.0455866,0.0374328,0.377739,0.309162,0.548731,0.272859,0.00471793,0.0258583,0.00143014,0.000977012,0.448437,0.586631,0.00552219,0.00100707,0.202203,0.0138675,0.00060482,0.000977012,0.000977012,0.000649903,0.000925215,0.000783496,0.623183,0.571178,0.688304,0.445648,0.369013,0.423225,0.399168,0.358958,0.413199,0.531651,0.620398,0.444673,0.534939,0.424112,0.431,0.275515,0.326188,0.531942,0.859731
period11,0.970051,1,1,1,0.933161,0.17891,0.050701,0.037842,0.388959,0.35506,0.665482,0.535413,0.00386854,0.0359145,0.00135242,0.000892504,0.446114,0.829063,0.0147961,0.00100787,0.287026,0.0278922,0.000596412,0.000892504,0.000892504,0.000642169,0.000929545,0.00087774,0.378442,0.364961,0.717504,0.129013,0.20246,0.316154,0.644503,0.604266,0.675463,0.577333,0.723622,0.169452,0.629706,0.631018,0.58339,0.255823,0.571382,0.253354,0.426381
period12,0.989947,1,1,1,0.947619,0.502392,0.109818,0.040963,0.403372,0.352707,0.730688,0.642377,0.00207628,0.0424213,0.0012351,0.00073563,0.455556,0.888053,0.020996,0.00104985,0.333306,0.0339947,0.000602274,0.00073563,0.00073563,0.000651957,0.000984999,0.000949112,0.741079,0.511815,0.677726,0.53622,0.167278,0.337331,0.643107,0.0448264,0.672309,0.507042,0.421992,0.283456,0.363794,0.56188,0.356475,0.358858,0.511384,0.627532,0.228065
period13,0.999479,1,1,1,0.999402,0.599957,0.485414,0.0446876,0.538913,0.402486,0.767725,0.70042,0.000612803,0.045044,0.00111554,0.000590057,0.455556,1,0.0392335,0.00105109,0.365472,0.0410672,0.000587794,0.000590057,0.000590057,0.000640064,0.00102433,0.00101831,0.326796,0.132298,0.713224,0.559219,0.918393,0.737678,0.47282,0.518266,0.336494,0.6113,0.651989,0.426736,0.479402,0.475831,0.452851,0.533615,0.449473,0.479851,0.0787719
period14,0.999484,1,1,1,0.999409,0.638811,0.551738,0.044752,0.766451,0.414562,0.999284,1,0.000612154,0.0616637,0.00111051,0.000589992,0.455556,1,0.132156,0.00100934,0.393802,0.0421502,0.000587788,0.000589992,0.000589992,0.000639564,0.00102501,0.00105459,0.451924,0.377639,0.403668,0.69415,0.828883,0.684627,0.0783815,0.747535,0.33574,0.408141,0.420685,0.368989,0.331106,0.747266,0.126345,0.278498,0.620473,0.696526,0.430625
period15,1,1,1,1,1,0.999088,1,0.1,1,0.497163,0.999252,1,0.000595243,0.107092,0.00104903,0.000637215,1,1,0.555446,0.00070922,0.470342,0.0681671,0.000641388,0.000637215,0.000637215,0.000682332,0.00146124,0.069567,0.49442,0.651071,0.0985144,0.824495,0.419504,0.423462,0.526676,0.542958,0.635611,0.547207,0.660912,0.617916,0.528712,0.480597,0.459455,0.626492,0.683273,0.628378,0.335754
period16,1,1,1,1,0.999999,0.99913,1,0.120183,1,0.479577,0.998823,1,0.0253086,0.190845,0.00143445,0.00111157,1,1,0.679817,0.0852113,0.466908,0.0966905,0.000716544,0.00111157,0.00111157,0.000748636,0.00143728,0.128157,1,0.959714,0.951403,0.110015,0.438253,0.243561,0.613518,0.194399,0.737615,0.744436,0.802164,0.456639,0.385474,0.599744,0.438199,0.19775,0.538299,0.436111,0.494665
period17,1,1,1,1,0.999991,0.999079,1,0.146364,1,0.590972,0.99912,1,0.168322,0.36875,0.00161351,0.00122181,1,1,0.737273,0.24375,0.44789,0.226615,0.00074254,0.00122181,0.00122181,0.000781467,0.00144968,0.136094,1,0.409529,0.292783,0.269126,0.552268,0.0710788,0.867545,0.673043,0.617709,0.4523,0.842931,0.736129,0.548644,0.460733,0.416765,0.702163,0.612382,0.694776,0.5656
period18,1,1,1,1,0.999991,0.999035,1,0.153333,1,0.687313,1,1,0.265985,0.523134,0.00177756,0.00799423,1,1,1,0.306716,0.429955,0.355024,0.00107917,0.00134461,0.00134461,0.000856819,0.00154827,0.206024,1,0.266922,0.158182,0.155721,0.684893,0.686821,0.328494,0.68941,0.115928,0.598774,0.518567,0.222035,0.382415,0.3995,0.13431,0.427397,0.714946,0.843738,0.87706
period19,1,1,1,1,0.999991,0.999027,1,0.2125,1,0.764567,1,1,0.321896,0.654331,0.00184323,0.0157509,1,1,1,0.355118,0.469471,0.570064,0.00650442,0.00144447,0.00144447,0.000912904,0.0016087,0.198765,1,0.772185,0.808185,0.840243,0.499655,0.277482,0.364173,0.129386,0.265123,0.540689,0.314648,0.766653,0.271291,0.17765,0.0915371,0.46277,0.817979,0.287296,0.0840588
period20,1,1,1,1,0.999989,0.998934,1,0.369474,1,0.804673,1,1,0.402561,0.757944,0.00207578,0.0268522,1,1,1,0.393458,0.47326,0.667108,0.00823799,0.0100788,0.0100788,0.0010605,0.0120584,0.132895,1,0.0489468,0.288519,0.145357,0.288843,0.446819,0.511893,0.328592,0.455975,0.331791,0.611386,0.832891,0.295288,0.367911,0.28724,0.632777,0.509016,0.609297,0.395023
period21,1,1,1,1,0.999988,0.998875,1,0.512222,1,0.839394,1,1,0.496257,0.79899,0.00228046,0.0478016,1,1,1,0.415152,0.471329,0.730795,0.00969715,0.0110418,0.0386116,0.00116049,0.0454829,0.122973,1,0.473706,0.492859,0.468217,0.300706,0.223514,0.339696,0.170779,0.460595,0.267271,0.218949,0.484158,0.0996527,0.524802,0.468238,0.80394,0.157942,0.665834,0.536579
period22,1,1,1,1,0.999989,0.998875,1,0.634444,1,0.831,1,1,0.534281,0.791,0.0022847,0.114368,1,1,1,0.411,0.456829,0.753243,0.0194271,0.0206345,0.0675012,0.00117867,0.0784263,0.122973,1,0.515297,0.354779,0.651542,0.220455,0.0941212,0.453294,0.498034,0.627304,0.199244,0.388319,0.703826,0.526225,0.607728,0.353977,0.477526,0.374214,0.445221,0.300433
period23,1,1,1,1,0.999988,0.998839,1,0.67931,1,0.864211,1,1,0.546459,0.843158,0.00236793,0.190778,1,1,1,0.432632,0.470388,0.792978,0.0305822,0.0318083,0.131165,0.0012445,0.126474,0.110959,1,0.805328,0.390918,0.544395,0.751875,0.390309,0.557359,0.493192,0.344977,0.496384,0.133763,0.382602,0.419987,0.388693,0.53533,0.414131,0.591505,0.580506,0.3799
period24,1,1,1,1,0.999987,0.998812,1,0.671765,1,0.877528,1,1,0.603219,0.9,0.00242649,0.224369,1,1,1,0.42809,0.501785,0.824103,0.0734874,0.0338791,0.171455,0.00131531,0.152638,0.0986111,1,0.406232,0.179122,0.351849,0.48355,0.878825,0.390504,0.289822,0.851848,0.440585,0.516994,0.37361,0.614398,0.530408,0.650833,0.231507,0.548077,0.0567311,0.0233982
period25,1,1,1,1,0.999986,0.99871,1,0.732051,1,0.903659,1,1,0.699992,0.915854,0.00268647,0.358314,1,1,1,0.464634,0.484227,0.881958,0.0832763,0.0498435,0.215943,0.00147023,0.229481,0.0859155,1,0.595814,0.563159,0.112162,0.027302,0.463317,0.500439,0.679944,0.837749,0.0851054,0.579665,0.574696,0.595869,0.204308,0.720102,0.9022,0.156633,0.413397,0.416628
