period4,0.116667,0.0957802,0.00128205,0.155128,0.00259844,0.00442876,0.167949,0.00530227,0.00530227,0.00180548,0.00146028,0.00142621,0.00142621,0.00142621,0.00180548,0.00160368,0.00180548,0.00198094,0.00146028,0.00142284,0.00146028,0.00146028,0.00158256,0.00158256,0.00142284,0.502373,0.64018,0.951027,0.748891,0.434956,0.679038,0.360392,0.684355,0.635488,0.653316,0.0992612,0.852208,0.569606,0.700668,0.368212,0.482196,0.39711,0.54858,0.747762,0.485743,0.141068,0.788745,0.446988,0.519248
period5,0.744872,0.103538,0.00128205,0.629487,0.00266156,0.175219,0.667949,0.00720161,0.00720161,0.00199298,0.00147879,0.00142803,0.00142803,0.00142803,0.00199298,0.00162381,0.00199298,0.00218789,0.00147879,0.00142302,0.00147879,0.00147879,0.00158619,0.00158619,0.00142302,0.449632,0.221861,0.803386,0.883814,0.558216,0.0885038,0.626962,0.762585,0.167651,0.29694,0.588544,0.428998,0.67934,0.469047,0.560667,0.51134,0.363857,0.26685,0.616807,0.379261,0.484967,0.611358,0.412951,0.352117
period6,0.860256,0.103742,0.00128205,0.744872,0.00266309,0.55001,0.757692,0.00882197,0.00882197,0.00215294,0.00149458,0.00142959,0.00142959,0.00142959,0.00215294,0.00164098,0.00215294,0.00236152,0.00149458,0.00142318,0.00149458,0.00149458,0.00158928,0.00158928,0.00142318,0.436442,0.302129,0.444908,0.125827,0.839736,0.459502,0.0589685,0.479783,0.686766,0.538784,0.755493,0.192534,0.0633197,0.405283,0.169657,0.468931,0.453308,0.398164,0.494436,0.579215,0.43187,0.34804,0.4734,0.683496
period7,0.898718,0.293666,0.00128205,0.847436,0.00266115,0.626487,0.821795,0.148323,0.0119731,0.00246401,0.00152529,0.00143263,0.00143263,0.00143263,0.00246401,0.00167437,0.00243137,0.00270158,0.00152529,0.00142348,0.00152529,0.00152529,0.0015953,0.0015953,0.00142348,0.373157,0.150305,0.492053,0.275116,0.497316,0.335752,0.850325,0.563287,0.397103,0.92513,0.799548,0.634824,0.520718,0.794041,0.541771,0.110822,0.424912,0.354133,0.454964,0.400653,0.334425,0.572417,0.773306,0.461521
period8,0.896053,0.599966,0.00131579,0.882895,0.0027277,0.713787,0.896053,0.497019,0.345746,0.00255526,0.00156795,0.00147052,0.00147052,0.00147052,0.00255526,0.00172229,0.286631,0.0234422,0.00156795,0.00146091,0.00156795,0.00156795,0.00163777,0.00163777,0.00146091,0.197887,0.594618,0.357037,0.468247,0.14627,0.453639,0.476059,0.426544,0.413511,0.415024,0.44194,0.40206,0.454981,0.754805,0.41121,0.732444,0.343535,0.706865,0.34032,0.280172,0.446483,0.322863,0.711032,0.532415
period9,0.958571,0.876782,0.00142857,0.944286,0.00294109,0.845626,0.958571,0.752546,0.61742,0.00287254,0.00171172,0.0015973,0.0015973,0.0015973,0.00287254,0.00187996,0.540526,0.0245813,0.00171172,0.00158602,0.00171172,0.00171172,0.00177955,0.00177955,0.00158602,0.269743,0.454341,0.132084,0.727035,0.543531,0.466537,0.47373,0.445666,0.94751,0.391965,0.307286,0.761735,0.480097,0.483217,0.552094,0.539289,0.390638,0.53586,0.265677,0.357665,0.39254,0.26333,0.386692,0.300103
period10,0.999979,1,0.00147059,0.997004,0.0017825,1,1,0.998287,0.867148,0.00279826,0.0017463,0.00164265,0.00164265,0.00164265,0.00279826,0.0019178,1,0.0149528,0.0017463,0.00163244,0.0017463,0.0017463,0.00182862,0.00182862,0.00163244,0.675325,0.854128,0.641324,0.519513,0.644181,0.518224,0.896575,0.577331,0.0478248,0.420452,0.0700916,0.776634,0.116528,0.335636,0.372632,0.763829,0.389854,0.327749,0.342458,0.777352,0.247328,0.717239,0.375911,0.437299
period11,0.99998,1,0.00153846,0.998556,0.00183195,1,1,0.998236,0.924599,0.00302376,0.00183619,0.00171926,0.00171926,0.00171926,0.00302376,0.0020162,1,0.0219318,0.00183619,0.00170774,0.00183619,0.00183619,0.00191454,0.00191454,0.00170774,0.182288,0.363238,0.363221,0.317552,0.563214,0.218596,0.639587,0.526524,0.65603,0.55589,0.50235,0.891811,0.658313,0.822104,0.305808,0.173768,0.54717,0.308463,0.67424,0.0866043,0.28532,0.21404,0.582968,0.26504
period12,0.99997,1,0.0015625,0.998555,0.00185832,1,1,0.998443,0.985911,0.00294937,0.00185283,0.00174489,0.00174489,0.00174489,0.00294937,0.00203337,1,0.183802,0.00185283,0.00173426,0.00185283,0.00185283,0.00194188,0.00194188,0.00173426,0.59701,0.599924,0.591362,0.450871,0.545653,0.743176,0.401618,0.0859134,0.746193,0.23028,0.701121,0.50637,0.223713,0.441981,0.367885,0.459949,0.212401,0.202421,0.412527,0.434075,0.323998,0.679658,0.589522,0.23457
period13,0.99997,1,0.0016129,0.998507,0.00191823,1,1,0.998442,0.985457,0.00304374,0.00191237,0.00180106,0.00180106,0.00180106,0.00304374,0.0020986,1,0.216612,0.00191237,0.0017901,0.00191237,0.00191237,0.00200425,0.00200425,0.0017901,0.460937,0.196357,0.557319,0.418719,0.406073,0.420053,0.356778,0.100784,0.0703883,0.643757,0.413422,0.696415,0.312867,0.607983,0.628918,0.309927,0.203098,0.193214,0.430328,0.482388,0.880609,0.189507,0.743698,0.299379
period14,0.999968,1,0.00172414,0.998401,0.00205044,1,1,0.998358,0.984454,0.00325191,0.00204372,0.00192499,0.00192499,0.00192499,0.00325191,0.00224249,1,0.296891,0.00204372,0.00191332,0.00204372,0.00204372,0.00214185,0.00214185,0.00191332,0.417611,0.480591,0.513724,0.540494,0.51154,0.64366,0.862033,0.170521,0.703043,0.198371,0.0795116,0.372442,0.820525,0.521918,0.583406,0.358617,0.670137,0.641509,0.717227,0.625453,0.493343,0.371418,0.21585,0.476497
period15,0.999963,1,0.00196078,0.998174,0.00233168,1,1,0.99812,0.98232,0.0036941,0.00232295,0.00218852,0.00218852,0.00218852,0.0036941,0.00254825,1,0.357368,0.00232295,0.00217535,0.00232295,0.00232295,0.00243431,0.00243431,0.00217535,0.257558,0.544185,0.776511,0.371555,0.595929,0.350956,0.89219,0.484098,0.226844,0.548907,0.436705,0.0881503,0.564679,0.092057,0.322938,0.3584,0.338279,0.527355,0.436675,0.66902,0.473397,0.386433,0.301035,0.548355
period16,0.999989,1,0.00208333,0.998056,0.00247725,1,1,0.998009,0.98124,0.00392022,0.00246719,0.00232491,0.00232491,0.00232491,0.00392022,0.00270613,1,0.421513,0.00246719,0.00231098,0.00246719,0.00246719,0.00258558,0.00258558,0.00231098,0.340999,0.25264,0.69431,0.240858,0.310102,0.32979,0.819349,0.566493,0.156721,0.484781,1,0.111603,0.412552,0.146376,0.617025,0.275882,0.704507,0.477239,0.520033,0.34376,0.269697,0.241197,0.438965,0.279705
period17,0.999993,1,0.0025,0.997651,0.00297224,1,1,0.997586,0.977494,0.00469431,0.0029577,0.00278838,0.00278838,0.00278838,0.00469431,0.00324273,1,0.506036,0.0029577,0.00277187,0.0029577,0.0029577,0.00309929,0.00309929,0.00277187,0.400516,0.18324,0.397697,0.713759,0.363595,0.783113,0.61382,0.238363,0.407842,0.0282341,1,0.356779,0.776569,0.412913,0.367285,0.584922,0.484392,0.477198,0.430586,0.490555,0.407151,0.362664,0.528392,0.33047
period18,0.999953,1,0.034375,1,0.00483367,1,1,0.99691,0.971834,0.0362234,0.00492013,0.00360164,0.00360164,0.00360164,0.00585357,0.00416512,1,0.601592,0.00492013,0.00347391,0.00369206,0.00369206,0.00387941,0.00387941,0.00347391,0.801958,0.303212,0.172489,0.344347,0.140049,0.554289,0.231898,0.661868,0.215554,0.464627,1,0.703417,0.478591,0.73166,0.12012,0.368769,0.123872,0.642016,0.191834,0.420256,0.441199,0.425224,0.111149,0.215112
period19,0.999984,1,0.0407407,1,0.0057265,1,1,0.996297,0.966653,0.0427169,0.0058177,0.00426393,0.00426393,0.00426393,0.00691492,0.00492512,1,0.676274,0.0058177,0.0041143,0.00436958,0.00436958,0.00459058,0.00459058,0.0041143,0.0859624,0.0247959,0.488752,0.581348,0.424933,0.504601,0.502071,0.249559,0.19,0.882882,1,0.493392,0.392059,0.490444,0.292567,0.490884,0.338005,0.496166,0.779369,0.449839,0.476295,0.459793,0.45096,0.415191
period20,1,1,0.05,1,0.0320238,1,1,1,1,0.05,0.00702381,0.00521591,0.00521591,0.00521591,0.00454545,0.00564675,1,1,0.00702381,0.00504334,0.00497934,0.00497934,0.00555317,0.00555317,0.00504334,0.838487,0.45429,0.196303,0.462926,0.621609,0.849104,0.579826,1,0.695654,0.413723,1,0.624914,0.364475,0.426189,0.756114,0.504251,0.373622,0.539435,0.497791,0.375818,0.287409,0.282658,0.386604,0.410059
