period3,0.103846,0.0947418,0.00128205,0.00128205,0.00153501,0.00255915,0.00128205,0.00255915,0.00255915,0.00153469,0.00143355,0.00142357,0.00142357,0.00142357,0.00153469,0.00157461,0.00153469,0.00168559,0.00143355,0.00142258,0.00143355,0.00143355,0.00157732,0.00157732,0.00142258,0.336965,0.517829,0.460838,0.543071,0.77585,0.410543,0.137727,0.464385,0.0616954,0.487878,0.703786,0.509911,0.252463,0.480494,0.645385,0.332213,0.445793,0.363138,0.123915,0.387985,0.44799,0.492254,0.626001,0.45575
period4,0.116667,0.0957802,0.00128205,0.155128,0.00259844,0.00442876,0.167949,0.00530227,0.00530227,0.00180548,0.00146028,0.00142621,0.00142621,0.00142621,0.00180548,0.00160368,0.00180548,0.00198094,0.00146028,0.00142284,0.00146028,0.00146028,0.00158256,0.00158256,0.00142284,0.502373,0.64018,0.951027,0.748891,0.434956,0.679038,0.360392,0.684355,0.635488,0.653316,0.0992612,0.852208,0.569606,0.700668,0.368212,0.482196,0.39711,0.54858,0.747762,0.485743,0.141068,0.788745,0.446988,0.519248
period5,0.744872,0.103538,0.00128205,0.629487,0.00266156,0.175219,0.667949,0.00720161,0.00720161,0.00199298,0.00147879,0.00142803,0.00142803,0.00142803,0.00199298,0.00162381,0.00199298,0.00218789,0.00147879,0.00142302,0.00147879,0.00147879,0.00158619,0.00158619,0.00142302,0.449632,0.221861,0.803386,0.883814,0.558216,0.0885038,0.626962,0.762585,0.167651,0.29694,0.588544,0.428998,0.67934,0.469047,0.560667,0.51134,0.363857,0.26685,0.616807,0.379261,0.484967,0.611358,0.412951,0.352117
period6,0.860256,0.103742,0.00128205,0.744872,0.00266309,0.55001,0.757692,0.00882197,0.00882197,0.00215294,0.00149458,0.00142959,0.00142959,0.00142959,0.00215294,0.00164098,0.00215294,0.00236152,0.00149458,0.00142318,0.00149458,0.00149458,0.00158928,0.00158928,0.00142318,0.436442,0.302129,0.444908,0.125827,0.839736,0.459502,0.0589685,0.479783,0.686766,0.538784,0.755493,0.192534,0.0633197,0.405283,0.169657,0.468931,0.453308,0.398164,0.494436,0.579215,0.43187,0.34804,0.4734,0.683496
period7,1,0.325352,0.00128205,0.847436,0.00266115,0.687324,0.821795,0.155526,0.00381009,0.00165818,0.00144574,0.00142477,0.00142477,0.00142477,0.00165818,0.00158787,0.00247586,0.00190185,0.00144574,0.0014227,0.00144574,0.00144574,0.00157971,0.00157971,0.0014227,0.373157,0.150305,0.492053,0.275258,0.497637,0.335753,0.850325,0.567115,0.397343,0.925797,0.8237,0.673982,0.523096,0.791793,0.54542,0.111089,0.427596,0.352981,0.457897,0.400287,0.336362,0.57102,0.778869,0.461692
period8,1,0.668116,0.00131579,0.882895,0.0027277,0.786178,0.896053,0.54413,0.375309,0.00259561,0.00157194,0.00147091,0.00147091,0.00147091,0.00259561,0.00172665,0.31353,0.0251802,0.00157194,0.00146095,0.00157194,0.00157194,0.00163856,0.00163856,0.00146095,0.197887,0.594618,0.357037,0.468232,0.146268,0.453639,0.476059,0.413494,0.413498,0.415011,0.448322,0.427824,0.452918,0.769907,0.417655,0.731102,0.343232,0.706892,0.339859,0.280212,0.453845,0.321259,0.701924,0.529459
period9,1,0.913235,0.00142857,1,0.00163326,1,1,0.810294,0.663235,0.00278887,0.00170347,0.00159649,0.00159649,0.00159649,0.00278887,0.00187091,0.581493,0.0257132,0.00170347,0.00158594,0.00170347,0.00170347,0.00177793,0.00177793,0.00158594,0.269743,0.454341,0.132084,0.727087,0.543568,0.466537,0.47373,0.446781,0.947581,0.391989,0.305903,0.785539,0.491292,0.500146,0.55939,0.539691,0.386132,0.534461,0.257082,0.360285,0.392928,0.263515,0.374823,0.298654
period10,1,1,0.00147059,1,0.0016374,1,1,0.897015,1,0.00169492,0.00163759,0.00163194,0.00163194,0.00163194,0.00169492,0.00179866,0.752721,0.00453853,0.00163759,0.00163138,0.00163759,0.00163759,0.00180725,0.00180725,0.00163138,0.675325,0.854128,0.641324,0.519977,0.644783,0.518228,0.896575,0.591234,0.0477671,0.420807,0.0700898,0.776647,0.140185,0.341812,0.393683,0.755118,0.405284,0.337771,0.361471,0.778615,0.198815,0.73798,0.371019,0.437841
period11,1,1,0.00153846,1,0.00168994,1,1,0.94,1,0.00163934,0.00169987,0.00170583,0.00170583,0.00170583,0.00163934,0.00186697,0.852048,0.0192025,0.00169987,0.00170642,0.00169987,0.00169987,0.00188779,0.00188779,0.00170642,0.182288,0.363238,0.363221,0.317854,0.563857,0.218597,0.639587,0.549056,0.656802,0.556523,0.502358,0.891826,0.636025,0.796376,0.311022,0.174859,0.578435,0.313842,0.708472,0.0854685,0.286502,0.214286,0.610453,0.271287
period12,1,1,0.0015625,1,0.00171631,1,1,0.985938,1,0.0015625,0.00171631,0.00173145,0.00173145,0.00173145,0.0015625,0.00188499,0.911858,0.170457,0.00171631,0.00173294,0.00171631,0.00171631,0.0019152,0.0019152,0.00173294,0.59701,0.599924,0.591362,0.451359,0.546273,0.743184,0.401618,0.0857121,0.747092,0.230462,0.701139,0.506382,0.222164,0.437697,0.371713,0.459316,0.214008,0.202688,0.416993,0.436707,0.327199,0.679614,0.596517,0.235515
period13,1,1,0.0016129,1,0.00177159,1,1,0.998457,1,0.0016129,0.00177159,0.00178721,0.00178721,0.00178721,0.0016129,0.00194561,1,0.218333,0.00177159,0.00178874,0.00177159,0.00177159,0.00197676,0.00197676,0.00178874,0.460937,0.196357,0.557319,0.419176,0.406512,0.420057,0.356778,0.100796,0.0703458,0.644537,0.413432,0.696433,0.31287,0.607991,0.636723,0.312669,0.204619,0.194302,0.435203,0.482433,0.892129,0.187074,0.753197,0.298103
period14,1,1,0.00172414,1,0.00189358,1,1,1,1,0.00172414,0.00189358,0.00191023,0.00191023,0.00191023,0.00172414,0.00207935,1,0.3,0.00189358,0.00191187,0.00189358,0.00189358,0.00211256,0.00211256,0.00191187,0.417611,0.480591,0.513724,0.541169,0.512171,0.643668,0.862033,0.171635,0.703967,0.198522,0.0795109,0.372451,0.82171,0.522612,0.59104,0.356822,0.67914,0.647764,0.726974,0.624604,0.499554,0.371469,0.217679,0.475841
period15,1,1,0.00196078,1,0.00215302,1,1,1,1,0.00196078,0.00215302,0.00217186,0.00217186,0.00217186,0.00196078,0.00236368,1,0.362,0.00215302,0.00217371,0.00215302,0.00215302,0.00240126,0.00240126,0.00217371,0.257558,0.544185,0.776511,0.372027,0.596792,0.35096,0.89219,0.491011,0.227065,0.549688,0.436717,0.0881498,0.565554,0.092042,0.32695,0.36006,0.342567,0.527268,0.442734,0.667367,0.480117,0.390621,0.304654,0.546679
period16,1,1,0.00208333,1,0.00228733,1,1,1,1,0.00208333,0.00228733,0.0023073,0.0023073,0.0023073,0.00208333,0.00251083,1,0.42766,0.00228733,0.00230926,0.00228733,0.00228733,0.00255064,0.00255064,0.00230926,0.340999,0.25264,0.69431,0.241118,0.310489,0.329794,0.819349,0.575412,0.156826,0.485491,0.360585,0.111603,0.413175,0.146469,0.62691,0.275633,0.716064,0.473523,0.528063,0.347029,0.272942,0.243117,0.445445,0.283332
period17,1,1,0.0025,1,0.00274375,1,1,1,1,0.0025,0.00274375,0.00276752,0.00276752,0.00276752,0.0025,0.0030106,1,0.515385,0.00274375,0.00276983,0.00274375,0.00274375,0.00305794,0.00305794,0.00276983,0.400516,0.18324,0.397697,0.715112,0.364176,0.783127,0.61382,0.241549,0.408521,0.0280758,0.743374,0.356781,0.778206,0.413671,0.373439,0.58528,0.493243,0.478144,0.438198,0.491215,0.414222,0.364211,0.538255,0.329322
period18,1,1,0.034375,1,0.00483367,1,1,1,1,0.034375,0.00483367,0.00359326,0.00359326,0.00359326,0.003125,0.00389453,1,0.616129,0.00483367,0.0034731,0.00342773,0.00342773,0.00383023,0.00383023,0.0034731,0.801958,0.303212,0.172489,0.344728,0.140143,0.554293,0.231898,0.678152,0.215871,0.465627,0.131028,0.703445,0.479764,0.733618,0.120704,0.36888,0.124564,0.641706,0.194495,0.419543,0.451088,0.427746,0.111472,0.215214
