period4,1,1,0.00128205,0.155128,0.00259844,0.0171439,0.167949,0.0251154,0.0251154,0.00376139,0.00165337,0.00144527,0.00144527,0.00144527,0.00376139,0.00181365,0.00376139,0.00411235,0.00165337,0.00142473,0.00165337,0.00165337,0.00162041,0.00162041,0.00142473,0.502373,0.64018,0.951027,0.74762,0.434299,0.679027,0.360392,0.672715,0.634439,0.652232,0.356646,0.280357,0.560252,0.688704,0.36287,0.482268,0.391192,0.54767,0.734859,0.484866,0.14025,0.788658,0.440077,0.517977
period5,1,1,0.00128205,0.629487,0.00266156,0.227342,0.667949,0.00438181,0.00438181,0.00171461,0.00145131,0.00142532,0.00142532,0.00142532,0.00171461,0.00159393,0.00171461,0.00188303,0.00145131,0.00142276,0.00145131,0.00145131,0.0015808,0.0015808,0.00142276,0.449632,0.221861,0.803386,0.884033,0.558343,0.0885037,0.626962,0.764467,0.16767,0.296995,0.618221,0.43019,0.680986,0.470095,0.561976,0.511418,0.364606,0.267206,0.618275,0.378622,0.48606,0.611461,0.41384,0.352677
period6,1,1,0.00128205,0.744872,0.00266309,0.632892,0.757692,0.0037073,0.0037073,0.00164803,0.00144474,0.00142467,0.00142467,0.00142467,0.00164803,0.00158678,0.00164803,0.00180999,0.00144474,0.00142269,0.00144474,0.00144474,0.00157951,0.00157951,0.00142269,0.436442,0.302129,0.444908,0.125841,0.84011,0.459503,0.0589685,0.481743,0.687063,0.539006,0.821362,0.218901,0.0631304,0.406858,0.170016,0.468938,0.455131,0.398256,0.496472,0.579314,0.433582,0.347818,0.475327,0.682889
period7,1,1,0.00128205,0.847436,0.00266115,0.687324,0.821795,0.155526,0.00381009,0.00165818,0.00144574,0.00142477,0.00142477,0.00142477,0.00165818,0.00158787,0.00247586,0.00190185,0.00144574,0.0014227,0.00144574,0.00144574,0.00157971,0.00157971,0.0014227,0.373157,0.150305,0.492053,0.275258,0.497637,0.335753,0.850325,0.567115,0.397343,0.925797,0.8237,0.673982,0.523096,0.791793,0.54542,0.111089,0.427596,0.352981,0.457897,0.400287,0.336362,0.57102,0.778869,0.461692
period8,1,1,0.00131579,0.882895,0.0027277,0.786178,0.896053,0.54413,0.375309,0.00259561,0.00157194,0.00147091,0.00147091,0.00147091,0.00259561,0.00172665,0.31353,0.0251802,0.00157194,0.00146095,0.00157194,0.00157194,0.00163856,0.00163856,0.00146095,0.197887,0.594618,0.357037,0.468232,0.146268,0.453639,0.476059,0.413494,0.413498,0.415011,0.448322,0.427824,0.452918,0.769907,0.417655,0.731102,0.343232,0.706892,0.339859,0.280212,0.453845,0.321259,0.701924,0.529459
period9,1,1,0.00142857,0.944286,0.00294109,0.878012,0.958571,0.780868,0.639901,0.00283148,0.00170767,0.0015969,0.0015969,0.0015969,0.00283148,0.00187552,0.560618,0.0251393,0.00170767,0.00158598,0.00170767,0.00170767,0.00177876,0.00177876,0.00158598,0.269743,0.454341,0.132084,0.72706,0.543549,0.466537,0.47373,0.446213,0.947544,0.391977,0.305903,0.785539,0.485588,0.49152,0.555674,0.539486,0.388427,0.535173,0.261459,0.358951,0.39273,0.263421,0.380868,0.299392
period10,1,1,0.00147059,0.972059,0.00299076,0.932779,0.972059,0.874745,0.845729,0.00297615,0.00176383,0.00164438,0.00164438,0.00164438,0.00297615,0.00193701,0.734344,0.0143631,0.00176383,0.00163261,0.00176383,0.00176383,0.00183206,0.00183206,0.00163261,0.675325,0.854128,0.641324,0.519438,0.644083,0.518223,0.896575,0.57509,0.0478341,0.420395,0.0700898,0.776647,0.145387,0.343169,0.369238,0.765234,0.387366,0.326133,0.339393,0.777149,0.25515,0.713896,0.3767,0.437211
period11,1,1,0.00153846,0.986154,0.00305116,0.958712,0.986154,0.928369,0.913198,0.00323309,0.0018568,0.00172128,0.00172128,0.00172128,0.00323309,0.00203877,0.841815,0.0213215,0.0018568,0.00170794,0.0018568,0.0018568,0.00191858,0.00191858,0.00170794,0.182288,0.363238,0.363221,0.317506,0.563116,0.218595,0.639587,0.523117,0.655913,0.555794,0.502358,0.891826,0.631574,0.791238,0.305019,0.173603,0.542443,0.30765,0.669064,0.0867761,0.285142,0.214003,0.578812,0.264095
period12,1,1,0.0015625,0.985938,0.00309842,0.973479,0.985938,0.973479,0.973479,0.00417316,0.0019733,0.00175675,0.00175675,0.00175675,0.00417316,0.00216431,0.901599,0.168419,0.0019733,0.00173543,0.0019733,0.0019733,0.00196542,0.00196542,0.00173543,0.59701,0.599924,0.591362,0.45044,0.545106,0.743168,0.401618,0.086091,0.7454,0.23012,0.701139,0.506382,0.22062,0.43343,0.364507,0.460507,0.210984,0.202186,0.408586,0.431753,0.321174,0.679696,0.583349,0.233736
period13,1,1,0.0016129,0.985484,0.00319749,0.97263,0.985484,0.97263,0.97263,0.00430575,0.00203653,0.00181327,0.00181327,0.00181327,0.00430575,0.00223354,0.929873,0.204247,0.00203653,0.00179131,0.00203653,0.00203653,0.0020285,0.0020285,0.00179131,0.460937,0.196357,0.557319,0.418315,0.405685,0.420049,0.356778,0.100774,0.0704258,0.643069,0.413432,0.696433,0.307363,0.594851,0.622033,0.307509,0.201756,0.192254,0.426029,0.482349,0.870449,0.191653,0.735319,0.300506
period14,1,1,0.00172414,0.984483,0.00341592,0.970758,0.984483,0.970758,0.970758,0.00459792,0.002176,0.00193799,0.00193799,0.00193799,0.00459792,0.00238622,0.941882,0.282638,0.002176,0.0019146,0.002176,0.002176,0.00216765,0.00216765,0.0019146,0.417611,0.480591,0.513724,0.539899,0.510984,0.643653,0.862033,0.16954,0.702228,0.198239,0.0795109,0.372451,0.800606,0.510254,0.576681,0.360198,0.662205,0.635998,0.70864,0.626201,0.48787,0.371373,0.214238,0.477075
period15,1,1,0.00196078,0.982353,0.00387973,0.966782,0.982353,0.966782,0.966782,0.00521745,0.0024723,0.00220317,0.00220317,0.00220317,0.00521745,0.00271045,0.934086,0.337048,0.0024723,0.00217678,0.0024723,0.0024723,0.00246336,0.00246336,0.00217678,0.257558,0.544185,0.776511,0.37114,0.595171,0.350952,0.89219,0.478023,0.22665,0.548221,0.436717,0.0881498,0.550089,0.0923064,0.319412,0.356942,0.33451,0.527432,0.431349,0.670473,0.46749,0.382751,0.297856,0.549828
period16,1,1,0.00208333,0.98125,0.00411944,0.964727,0.98125,0.964727,0.964727,0.00553719,0.00262552,0.00234042,0.00234042,0.00234042,0.00553719,0.00287805,0.930067,0.395265,0.00262552,0.0023125,0.00262552,0.00262552,0.00261633,0.00261633,0.0023125,0.340999,0.25264,0.69431,0.24063,0.30976,0.329786,0.819349,0.558642,0.156629,0.484157,0.360585,0.111603,0.402128,0.14483,0.608324,0.276102,0.694333,0.48051,0.512964,0.340883,0.266841,0.239507,0.43326,0.276513
period17,1,1,0.0025,0.9775,0.00493202,0.957756,0.9775,0.957756,0.957756,0.00661877,0.00314533,0.00280667,0.00280667,0.00280667,0.00661877,0.00344631,0.916487,0.467332,0.00314533,0.00277365,0.00314533,0.00314533,0.00313555,0.00313555,0.00277365,0.400516,0.18324,0.397697,0.712573,0.363085,0.7831,0.61382,0.235569,0.407247,0.0283728,0.743374,0.356781,0.749556,0.40042,0.361888,0.584607,0.47663,0.476369,0.423911,0.489977,0.400948,0.361307,0.519741,0.331476
period18,1,1,0.034375,0.997031,0.0051162,1,0.998538,0.996223,0.994464,0.0347383,0.00485066,0.00359491,0.00359491,0.00359491,0.00366128,0.00394772,1,1,0.00485066,0.00347326,0.00347969,0.00347969,0.0038399,0.0038399,0.00347326,0.801958,0.303212,0.172489,0.344653,0.140125,0.554292,0.231898,0.674951,0.215809,0.465431,0.131028,0.703445,0.47833,0.731225,0.120589,0.368858,0.124428,0.641767,0.193972,0.419683,0.449145,0.427251,0.111409,0.215194
period19,1,1,0.0407407,0.996445,0.00606159,1,0.998352,0.9955,0.99415,0.0410874,0.0057425,0.00425668,0.00425668,0.00425668,0.00426705,0.00466508,1,1,0.0057425,0.00411361,0.0041146,0.0041146,0.00454353,0.00454353,0.00411361,0.0859624,0.0247959,0.488752,0.582031,0.42547,0.504604,0.502071,0.253814,0.19024,0.88497,0.467266,0.493398,0.391825,0.490131,0.298045,0.492308,0.344775,0.495679,0.798694,0.45278,0.486999,0.467212,0.460943,0.41638
period20,1,1,0.05,0.995572,0.0323248,1,0.998023,0.994381,0.993411,0.0503295,0.00703871,0.00521733,0.00521733,0.00521733,0.00517444,0.00570764,1,1,0.00703871,0.00504347,0.00503938,0.00503938,0.00556412,0.00556412,0.00504347,0.838487,0.45429,0.196303,0.462807,0.621432,0.849103,0.579826,0.416835,0.695277,0.413525,1,0.624914,0.362989,0.424356,0.75179,0.503034,0.371819,0.539523,0.49517,0.376513,0.286174,0.282099,0.384716,0.40995
period21,1,1,0.0733333,0.993255,0.0473102,1,0.996923,0.991771,0.989786,0.0736057,0.0102974,0.00762776,0.00762776,0.00762776,0.00761997,0.00833153,1,1,0.0102974,0.00737859,0.00737786,0.00737786,0.00812105,0.00812105,0.00737859,0.493464,0.31813,0.727868,0.595192,0.48152,0.170127,0.798242,0.779373,0.391188,0.574498,1,0.596553,0.489614,0.41463,0.316341,0.314104,0.33532,0.317189,0.382768,0.639249,0.430603,0.278692,0.30524,0.32632
