period3,0.0411168,1,0.563959,0.106753,0.00101056,0.00106428,0.000613502,0.000568653,0.00106428,0.000613502,0.000507614,0.000558118,0.00106428,0.000613502,0.000674334,0.000613502,0.00101056,0.00106428,0.000568653,0.000613502,0.000568653,0.000568653,0.000568653,0.000613502,0.000613502,0.000574705,0.000564191,0.000564191,0.511143,0.566499,0.425345,0.483698,0.723362,0.177624,0.0473094,0.219235,0.859295,0.282155,0.484369,0.761228,0.430733,0.518689,0.331334,0.569778,0.537557,0.711481,0.397208
period4,0.0461929,1,1,0.585795,0.0403409,0.00583556,0.00108821,0.000615883,0.00583556,0.00108821,0.00558376,0.000786543,0.00583556,0.00108821,0.00119188,0.00108821,0.227841,0.00583556,0.000615883,0.00108821,0.000615883,0.000615883,0.000615883,0.00108821,0.00108821,0.000626197,0.00056889,0.00056889,0.47029,0.218629,0.13464,0.561262,0.261831,0.568771,0.719854,0.796454,0.682105,0.435213,0.227491,0.788113,0.672626,0.579039,0.275466,0.930903,0.416552,0.493159,0.465965
period5,0.538579,1,1,0.897838,0.465405,0.0378106,0.00113132,0.000620172,0.023405,0.00283624,0.0411168,0.0101013,0.023405,0.00283624,0.00294409,0.00283624,0.400541,0.0262862,0.000620172,0.00283624,0.000789798,0.000789798,0.000789798,0.00283624,0.00283624,0.000800529,0.000569317,0.000569317,0.858651,0.146637,0.258487,0.580229,0.477171,0.41231,0.508354,0.69406,0.844753,0.286326,0.365006,0.481511,0.614705,0.705181,0.353193,0.567002,0.566127,0.319494,0.36125
period6,0.538579,1,1,0.984324,0.573514,0.0730317,0.0337605,0.00117585,0.0499377,0.00547604,0.086802,0.0492129,0.0499377,0.00547604,0.00609922,0.00547604,0.416757,0.254897,0.00117585,0.00547604,0.00105244,0.00105244,0.00105244,0.00547604,0.00547604,0.00111444,0.000624602,0.000624602,0.939989,0.386928,0.595428,0.251582,0.291243,0.407387,0.616598,0.697405,0.558644,0.473628,0.628461,0.440371,0.474376,0.115966,0.82198,0.353876,0.474198,0.413544,0.265879
period7,0.853299,1,1,0.984324,0.573514,0.0508269,0.0416747,0.0241227,0.0508269,0.00101315,0.162944,0.0948174,0.00966423,0.00101315,0.0019238,0.00146913,0.422162,0.389276,0.000970103,0.00101315,0.000608415,0.000608415,0.000653782,0.00146913,0.00146913,0.000699018,0.000910315,0.000604132,0.249641,0.153769,0.12194,0.491202,0.480543,0.33952,0.399052,0.450925,0.847814,0.517841,0.459943,0.622747,0.556411,0.199613,0.299437,0.178311,0.551727,0.456298,0.212913
period8,0.924365,1,1,0.98973,0.573514,0.0501511,0.0411276,0.0375222,0.273106,0.00597043,0.213706,0.140161,0.00556023,0.00597043,0.00151327,0.00106081,0.432973,0.471287,0.000964314,0.00100487,0.000805679,0.00379089,0.000613157,0.00106081,0.00106081,0.000658173,0.000926161,0.000603556,0.759558,0.261772,0.582238,0.462498,0.613234,0.747092,0.632709,0.729646,0.562475,0.328342,0.324777,0.655577,0.575787,0.365051,0.602529,0.631236,0.318725,0.441539,0.455977
period9,0.939594,1,1,0.963684,0.726842,0.049773,0.0457989,0.0376046,0.334739,0.148683,0.315228,0.201153,0.0055541,0.0157719,0.00151389,0.0010602,0.447895,0.482136,0.00554543,0.001004,0.0201743,0.00878759,0.000613096,0.0010602,0.0010602,0.000658235,0.000927033,0.000784646,0.649729,0.634009,0.299505,0.61612,0.226634,0.225099,0.480417,0.517966,0.600738,0.39365,0.529694,0.497876,0.381159,0.23058,0.146595,0.627025,0.276123,0.674963,0.78805
period10,0.959898,1,1,1,0.901563,0.0644013,0.0455866,0.0374328,0.377739,0.309162,0.548731,0.272859,0.00471793,0.0258583,0.00143014,0.000977012,0.448437,0.586631,0.00552219,0.00100707,0.202203,0.0138675,0.00060482,0.000977012,0.000977012,0.000649903,0.000925215,0.000783496,0.623183,0.571178,0.688304,0.445648,0.369013,0.423225,0.399168,0.358958,0.413199,0.531651,0.620398,0.444673,0.534939,0.424112,0.431,0.275515,0.326188,0.531942,0.859731
period11,0.970051,1,1,1,0.933161,0.17891,0.050701,0.037842,0.388959,0.35506,0.665482,0.535413,0.00386854,0.0359145,0.00135242,0.000892504,0.446114,0.829063,0.0147961,0.00100787,0.287026,0.0278922,0.000596412,0.000892504,0.000892504,0.000642169,0.000929545,0.00087774,0.378442,0.364961,0.717504,0.129013,0.20246,0.316154,0.644503,0.604266,0.675463,0.577333,0.723622,0.169452,0.629706,0.631018,0.58339,0.255823,0.571382,0.253354,0.426381
period12,0.989947,1,1,1,0.947619,0.502392,0.109818,0.040963,0.403372,0.352707,0.730688,0.642377,0.00207628,0.0424213,0.0012351,0.00073563,0.455556,0.888053,0.020996,0.00104985,0.333306,0.0339947,0.000602274,0.00073563,0.00073563,0.000651957,0.000984999,0.000949112,0.741079,0.511815,0.677726,0.53622,0.167278,0.337331,0.643107,0.0448264,0.672309,0.507042,0.421992,0.283456,0.363794,0.56188,0.356475,0.358858,0.511384,0.627532,0.228065
period13,0.999479,1,1,1,0.999402,0.599957,0.485414,0.0446876,0.538913,0.402486,0.767725,0.70042,0.000612803,0.045044,0.00111554,0.000590057,1,1,0.0392335,0.00105109,0.365472,0.0410672,0.000587794,0.000590057,0.000590057,0.000640064,0.00102433,0.00101831,0.326796,0.132298,0.713224,0.559219,0.918393,0.737678,0.47282,0.518266,0.336494,0.6113,0.651989,0.426736,0.479402,0.475831,0.452851,0.533615,0.449473,0.479851,0.0787719
period14,0.999484,1,1,1,0.999409,0.638811,0.551738,0.044752,0.766451,0.414562,0.788889,0.73735,0.000612154,0.0616637,0.00111051,0.000589992,1,1,0.132156,0.00100934,0.393802,0.0421502,0.000587788,0.000589992,0.000589992,0.000639564,0.00102501,0.00105459,0.520974,0.29993,0.484514,0.69415,0.828883,0.684627,0.0783815,0.747535,0.33574,0.441167,0.416833,0.394662,0.338992,0.645048,0.189709,0.278498,0.620473,0.696526,0.430625
period15,1,1,1,1,0.999984,0.999086,1,0.1,0.833916,0.415095,0.999252,1,0.000595494,0.0898091,0.00104906,0.00063724,1,1,0.555446,0.00109472,0.392862,0.0572681,0.00064139,0.00063724,0.00063724,0.000682334,0.00146124,0.069567,0.49442,0.651071,0.0985144,0.824486,0.419502,0.423462,0.52667,0.542958,0.635611,0.547207,0.660912,0.617916,0.528712,0.480597,0.459455,0.626492,0.683273,0.628376,0.335754
period16,1,1,1,1,0.999977,0.999128,1,0.120183,0.870968,0.418234,1,1,0.0253086,0.166758,0.00143445,0.00111157,1,1,1,0.0747539,0.407318,0.0845782,0.000716544,0.00111157,0.00111157,0.000748636,0.00143728,1,1,0.960287,0.951968,0.11002,0.438248,0.243562,0.613506,0.194399,0.737615,0.744818,0.802343,0.456732,0.385469,0.599975,0.438222,0.19775,0.538299,0.436113,0.494665
period17,1,1,1,1,0.99992,0.999078,1,0.146364,0.888757,0.525849,1,1,0.168318,0.328347,0.0016135,0.00122179,1,1,1,0.217253,0.398679,0.201887,0.000742538,0.00122179,0.00122179,0.000781465,0.00144968,1,1,0.409405,0.292999,0.269114,0.552236,0.0710794,0.86749,0.673043,0.617709,0.452291,0.84293,0.736155,0.548648,0.460925,0.416937,0.702178,0.612387,0.694777,0.5656
period18,1,1,1,1,0.999915,0.999033,1,0.153333,0.905373,0.622951,1,1,0.265972,0.474308,0.00177754,0.00799389,1,1,1,0.278369,0.389863,0.32201,0.00107915,0.00134459,0.00134459,0.000856817,0.00154827,1,1,0.266922,0.158182,0.155716,0.684848,0.68682,0.328476,0.68941,0.115928,0.598774,0.518567,0.222035,0.382415,0.3995,0.13431,0.427397,0.714946,0.843741,0.877062
period19,1,1,1,1,0.999915,0.999024,1,0.2125,0.920368,0.704407,1,1,0.321879,0.602949,0.00184322,0.0157502,1,1,1,0.327563,0.432727,0.525445,0.00650414,0.00144445,0.00144445,0.000912903,0.0016087,1,1,0.772185,0.808185,0.840187,0.499625,0.277483,0.364153,0.129386,0.265123,0.540689,0.314648,0.766653,0.271291,0.17765,0.0915371,0.462773,0.817979,0.287286,0.0840593
period20,1,1,1,1,0.999902,0.99893,1,0.369474,0.906759,0.730492,1,1,0.402534,0.68812,0.00207577,0.0268505,1,1,1,0.357619,0.429928,0.605908,0.00823754,0.0100783,0.0100783,0.0010605,0.0120584,1,1,0.0489468,0.288519,0.145353,0.288827,0.446818,0.511857,0.328592,0.455975,0.331791,0.611386,0.832891,0.295288,0.367911,0.28724,0.632783,0.509017,0.609298,0.395023
period21,1,1,1,1,0.999894,0.99887,1,0.512222,0.916736,0.770428,1,1,0.49622,0.733388,0.00228049,0.0477981,1,1,1,0.381509,0.432946,0.671085,0.00969652,0.0110411,0.0386089,0.0011605,0.0454829,1,1,0.473706,0.492859,0.468183,0.300687,0.223515,0.339673,0.170779,0.460595,0.267271,0.218949,0.484158,0.0996527,0.524802,0.468238,0.803948,0.157941,0.665816,0.536578
period22,1,1,1,1,0.999893,0.998869,1,0.634444,0.943719,0.785169,1,1,0.534239,0.74742,0.00228474,0.114359,1,1,1,0.388807,0.431885,0.711955,0.0194257,0.020633,0.0674961,0.00117868,0.0784263,1,1,0.515297,0.354779,0.651489,0.220444,0.0941251,0.453261,0.498034,0.627304,0.199244,0.388319,0.703826,0.526225,0.607728,0.353977,0.477527,0.374214,0.44522,0.300433
period23,1,1,1,1,0.999888,0.99883,1,0.67931,0.950409,0.822346,1,1,0.546414,0.802337,0.00236798,0.190763,1,1,1,0.412169,0.447886,0.754841,0.0305798,0.0318059,0.131154,0.00124451,0.126474,1,1,0.805328,0.390918,0.544351,0.751809,0.39031,0.557313,0.493192,0.344977,0.496384,0.133763,0.382602,0.419987,0.388693,0.53533,0.414152,0.591506,0.580494,0.379895
period24,1,1,1,1,0.99988,0.998802,1,0.671765,0.94721,0.832259,1,1,0.603165,0.853545,0.00242658,0.22435,1,1,1,0.406547,0.476244,0.781962,0.073481,0.0338763,0.17144,0.00131532,0.152638,1,1,0.406232,0.179122,0.351822,0.483509,0.878821,0.390472,0.289822,0.851848,0.440585,0.516994,0.37361,0.614398,0.530408,0.650833,0.231492,0.548081,0.0567272,0.0233969
period25,1,1,1,1,0.999863,0.998693,1,0.732051,0.976988,0.884014,1,1,0.699918,0.895929,0.00268671,0.358277,1,1,1,0.455093,0.473942,0.863043,0.0832678,0.0498387,0.215921,0.00147025,0.229481,1,1,0.595814,0.563159,0.112161,0.027311,0.463317,0.500389,0.679944,0.837749,0.0851054,0.579665,0.574696,0.595869,0.204308,0.720102,0.902194,0.156635,0.413398,0.416628
period25,1,1,1,1,0.999863,0.998693,1,0.732051,0.976988,0.884014,1,1,0.699918,0.895929,0.00268671,0.358277,1,1,1,0.455093,0.473942,0.863043,0.0832678,0.0498387,0.215921,0.00147025,0.229481,1,1,0.595814,0.563159,0.112161,0.027311,0.463317,0.500389,0.679944,0.837749,0.0851054,0.579665,0.574696,0.595869,0.204308,0.720102,0.902194,0.156635,0.413398,0.416628
