period4,0.0461929,1,1,0.585795,0.0403409,0.00583556,0.00108821,0.000615883,0.00583556,0.00108821,0.00558376,0.000786543,0.00583556,0.00108821,0.00119188,0.00108821,0.227841,0.00583556,0.000615883,0.00108821,0.000615883,0.000615883,0.000615883,0.00108821,0.00108821,0.000626197,0.00056889,0.00056889,0.47029,0.218629,0.13464,0.561262,0.261831,0.568771,0.719854,0.796454,0.682105,0.435213,0.227491,0.788113,0.672626,0.579039,0.275466,0.930903,0.416552,0.493159,0.465965
period5,0.538579,1,1,0.897838,0.465405,0.0378106,0.00113132,0.000620172,0.023405,0.00283624,0.0411168,0.0101013,0.023405,0.00283624,0.00294409,0.00283624,0.400541,0.0262862,0.000620172,0.00283624,0.000789798,0.000789798,0.000789798,0.00283624,0.00283624,0.000800529,0.000569317,0.000569317,0.858651,0.146637,0.258487,0.580229,0.477171,0.41231,0.508354,0.69406,0.844753,0.286326,0.365006,0.481511,0.614705,0.705181,0.353193,0.567002,0.566127,0.319494,0.36125
period6,0.538579,1,1,1,0.573514,0.0730317,0.0337605,0.00117585,0.0499377,0.00547604,0.086802,0.0492129,0.0499377,0.00547604,0.00609922,0.00547604,1,0.254897,0.00117585,0.00547604,0.00105244,0.00105244,0.00105244,0.00547604,0.00547604,0.00111444,0.000624602,0.000624602,0.939989,0.386928,0.595428,0.251582,0.291243,0.407387,0.616598,0.697405,0.558644,0.473628,0.628461,0.440371,0.474376,0.115966,0.82198,0.353876,0.474198,0.413544,0.265879
period7,0.853299,1,1,1,0.573514,0.0508269,0.0416747,0.0241227,0.0508269,0.00101315,0.162944,0.0948174,0.00966423,0.00101315,0.0019238,0.00146913,1,0.389276,0.000970103,0.00101315,0.000608415,0.000608415,0.000653782,0.00146913,0.00146913,0.000699018,0.000910315,0.000604132,0.249641,0.153769,0.12194,0.491202,0.480543,0.33952,0.399052,0.450925,0.847814,0.517841,0.459943,0.622747,0.556411,0.199613,0.299437,0.178311,0.551727,0.456298,0.212913
period8,0.924365,1,1,1,0.573514,0.0501511,0.0411276,0.0375222,0.273106,0.00597043,0.213706,0.140161,0.00556023,0.00597043,0.00151327,0.00106081,1,0.471287,0.000964314,0.00100487,0.000805679,0.00379089,0.000613157,0.00106081,0.00106081,0.000658173,0.000926161,0.000603556,0.759558,0.261772,0.582238,0.462498,0.613234,0.747092,0.632709,0.729646,0.562475,0.328342,0.324777,0.655577,0.575787,0.365051,0.602529,0.631236,0.318725,0.441539,0.455977
period9,0.939594,1,1,1,0.726842,0.049773,0.0457989,0.0376046,0.334739,0.148683,0.315228,0.201153,0.0055541,0.0157719,0.00151389,0.0010602,1,0.482136,0.00554543,0.001004,0.0201743,0.00878759,0.000613096,0.0010602,0.0010602,0.000658235,0.000927033,0.000784646,0.649729,0.634009,0.299505,0.61612,0.226634,0.225099,0.480417,0.517966,0.600738,0.39365,0.529694,0.497876,0.381159,0.23058,0.146595,0.627025,0.276123,0.674963,0.78805
period10,0.959898,1,1,1,0.901563,0.0644013,0.0455866,0.0374328,0.377739,0.309162,0.548731,0.272859,0.00471793,0.0258583,0.00143014,0.000977012,1,0.586631,0.00552219,0.00100707,0.202203,0.0138675,0.00060482,0.000977012,0.000977012,0.000649903,0.000925215,0.000783496,0.623183,0.571178,0.688304,0.445648,0.369013,0.423225,0.399168,0.358958,0.413199,0.531651,0.620398,0.444673,0.534939,0.424112,0.431,0.275515,0.326188,0.531942,0.859731
period11,0.970051,1,1,1,0.933161,0.17891,0.050701,0.037842,0.388959,0.35506,0.665482,0.535413,0.00386854,0.0359145,0.00135242,0.000892504,1,0.829063,0.0147961,0.00100787,0.287026,0.0278922,0.000596412,0.000892504,0.000892504,0.000642169,0.000929545,0.00087774,0.378442,0.364961,0.717504,0.129013,0.20246,0.316154,0.644503,0.604266,0.675463,0.577333,0.723622,0.169452,0.629706,0.631018,0.58339,0.255823,0.571382,0.253354,0.426381
period12,0.998898,1,1,1,0.999322,0.53307,0.116459,0.0434038,0.427699,0.373925,0.730688,0.642377,0.000670546,0.0449259,0.00112166,0.0005958,1,1,0.0222296,0.00105932,0.353308,0.0359692,0.000588365,0.0005958,0.0005958,0.000640674,0.00101077,0.000973116,0.741079,0.511815,0.677726,0.527274,0.157256,0.349845,0.647814,0.0462847,0.671762,0.507042,0.421992,0.283456,0.363794,0.56188,0.356475,0.354357,0.511434,0.623649,0.23007
period13,0.999479,1,1,1,0.999402,0.599957,0.485414,0.0446876,0.538913,0.402486,0.767725,0.70042,0.000612803,0.045044,0.00111554,0.000590057,1,1,0.0392335,0.00105109,0.365472,0.0410672,0.000587794,0.000590057,0.000590057,0.000640064,0.00102433,0.00101831,0.326796,0.132298,0.713224,0.559219,0.918393,0.737678,0.47282,0.518266,0.336494,0.6113,0.651989,0.426736,0.479402,0.475831,0.452851,0.533615,0.449473,0.479851,0.0787719
period14,0.999484,1,1,1,0.999409,0.638811,0.551738,0.044752,0.766451,0.414562,0.788889,0.73735,0.000612154,0.0616637,0.00111051,0.000589992,1,1,0.132156,0.00100934,0.393802,0.0421502,0.000587788,0.000589992,0.000589992,0.000639564,0.00102501,0.00105459,0.520974,0.29993,0.484514,0.69415,0.828883,0.684627,0.0783815,0.747535,0.33574,0.441167,0.416833,0.394662,0.338992,0.645048,0.189709,0.278498,0.620473,0.696526,0.430625
period15,0.999453,1,1,1,0.999387,0.702238,0.591248,0.0596847,0.833041,0.414663,0.815607,0.770808,0.000659166,0.0897182,0.00121048,0.00064357,1,1,0.328966,0.00109675,0.392454,0.0572107,0.00064202,0.00064357,0.00064357,0.000698383,0.00111947,0.04155,0.492702,0.62367,0.173658,0.824129,0.419424,0.419638,0.526443,0.602563,0.576698,0.539583,0.656031,0.609995,0.527705,0.466614,0.456535,0.626508,0.683275,0.628297,0.335754
period16,0.998859,1,1,1,0.99867,0.410304,0.373976,0.046044,0.869006,0.417302,0.998823,1,0.0253934,0.166391,0.00319947,0.00111321,1,1,0.255333,0.0745949,0.406411,0.084394,0.000716707,0.00111321,0.00111321,0.000924068,0.000956488,0.048821,1,0.959714,0.951403,0.110317,0.437976,1,0.612789,0.361739,0.594135,0.744436,0.802164,0.456639,0.385474,0.599744,0.438199,0.197742,0.538303,0.436228,0.494678
period17,0.99858,1,1,1,0.99858,0.300214,0.274611,0.041588,0.886586,0.524578,0.99912,1,0.168129,0.327559,0.00772185,0.00122126,1,1,0.203858,0.216735,0.397719,0.201404,0.000742486,0.00122126,0.00122126,0.00138851,0.000905609,0.0385349,1,0.409529,0.292783,0.268887,0.551629,1,0.866462,0.458079,0.673426,0.4523,0.842931,0.736129,0.548644,0.460733,0.416765,0.702459,0.6125,0.694795,0.565602
period18,0.999818,1,1,1,0.999818,0.956081,0.888765,0.136536,0.90515,0.622799,0.99925,1,0.265926,0.474193,0.00325186,0.00799267,1,1,0.695188,0.278302,0.389768,0.321932,0.00107909,0.00134451,0.00134451,0.00100325,0.00146229,0.143694,1,0.267024,0.158537,0.155711,0.684792,1,0.328454,0.630794,0.18497,0.598802,0.518572,0.222029,0.382415,0.399393,0.134378,0.427397,0.714946,0.843745,0.877064
period19,0.999908,1,1,1,0.999908,0.997072,0.998208,0.212124,0.920288,0.704346,0.999658,1,0.321857,0.602897,0.00187233,0.0157492,1,1,1,0.327535,0.43269,0.525399,0.00650378,0.00144442,0.00144442,0.000915794,0.00160739,0.198765,1,0.772107,0.808096,0.840182,0.499622,1,0.364151,0.130317,0.264664,0.540684,0.314649,0.76662,0.2713,0.177645,0.09161,0.462773,0.817979,0.287285,0.0840594
period20,0.999898,1,1,1,0.999898,0.998189,0.998757,0.36902,0.906674,0.730424,0.999721,1,0.402503,0.688056,0.00210147,0.0268485,1,1,1,0.357586,0.429889,0.605853,0.00823699,0.0100776,0.0100776,0.00106305,0.0120451,0.132895,1,0.0490406,1,0.145353,0.288826,1,0.511856,0.328816,0.455753,0.447073,0.593722,0.832824,0.295285,0.367882,0.287253,0.632783,0.509017,0.609298,0.395023
period21,0.999875,1,1,1,0.999875,0.995821,0.997589,0.511,0.91662,0.770332,0.999519,1,0.496163,0.733296,0.00240054,0.0477929,1,1,1,0.381463,0.432893,0.671002,0.00969557,0.0110401,0.0386047,0.00117239,0.0453783,0.122973,1,0.47362,1,0.468176,0.300683,1,0.339668,0.171494,0.461137,0.16871,0.17777,0.484189,0.0996482,0.524621,0.468202,0.80395,0.15794,0.665813,0.536577
period22,1,1,1,1,0.999997,0.990953,1,0.634444,1,0.831,1,1,1,1,0.00178571,0.212281,1,1,1,0.411,0.456829,0.95125,0.0351385,0.0368421,0.124561,0.00112925,0.0784263,0.122973,1,0.515297,1,0.651546,0.220456,1,0.453297,0.498034,0.627304,0.228059,0.384952,0.703826,0.526225,0.607728,0.353977,0.477526,0.374214,0.445221,0.300433
period23,1,1,1,1,0.999998,0.998425,1,0.67931,1,0.864211,1,1,1,1,0.00181818,0.347273,1,1,1,1,0.470388,1,0.0546432,0.0563636,0.238182,0.00119008,0.126474,0.110959,1,0.805328,1,0.5444,0.751881,1,0.557364,0.493192,0.344977,0.030149,0.0642345,0.382602,0.419987,0.388693,0.53533,0.414129,0.591505,0.580507,0.379901
period24,1,1,1,1,0.999998,0.999319,1,0.671765,1,0.877528,1,1,1,1,0.00175439,0.370175,1,1,1,1,0.501785,1,0.12034,1,0.282456,0.00124882,0.152638,1,1,0.406232,1,0.351852,0.483554,1,0.390507,0.289822,0.851848,0.388512,0.493165,0.37361,0.614398,0.530408,0.650833,0.231509,0.548077,0.0567314,0.0233984
period25,1,1,1,1,0.999998,0.998599,1,0.732051,1,0.903659,1,1,1,1,0.00169492,0.510169,1,1,1,1,0.484227,1,0.117769,1,0.30678,0.00137227,0.229481,1,1,0.595814,1,0.112162,0.0273012,1,0.500444,0.679944,0.837749,0.136221,0.553271,0.574696,0.595869,0.204308,0.720102,0.902201,0.156633,0.413397,0.416628
period25,1,1,1,1,0.999998,0.998599,1,0.732051,1,0.903659,1,1,1,1,0.00169492,0.510169,1,1,1,1,0.484227,1,0.117769,1,0.30678,0.00137227,0.229481,1,1,0.595814,1,0.112162,0.0273012,1,0.500444,0.679944,0.837749,0.136221,0.553271,0.574696,0.595869,0.204308,0.720102,0.902201,0.156633,0.413397,0.416628
