period12,1,1,0.0015625,0.985938,0.00309842,0.973479,0.985938,0.973479,0.973479,0.00417316,0.0019733,0.00175675,0.00175675,0.00175675,0.00417316,0.00216431,0.901599,0.168419,0.0019733,0.00173543,0.0019733,0.0019733,0.00196542,0.00196542,0.00173543,0.59701,0.599924,0.591362,0.45044,0.545106,0.743168,0.401618,0.086091,0.7454,0.23012,0.701139,0.506382,0.22062,0.43343,0.364507,0.460507,0.210984,0.202186,0.408586,0.431753,0.321174,0.679696,0.583349,0.233736
period13,1,1,0.0016129,0.985484,0.00319749,0.97263,0.985484,0.97263,0.97263,0.00430575,0.00203653,0.00181327,0.00181327,0.00181327,0.00430575,0.00223354,0.929873,0.204247,0.00203653,0.00179131,0.00203653,0.00203653,0.0020285,0.0020285,0.00179131,0.460937,0.196357,0.557319,0.418315,0.405685,0.420049,0.356778,0.100774,0.0704258,0.643069,0.413432,0.696433,0.307363,0.594851,0.622033,0.307509,0.201756,0.192254,0.426029,0.482349,0.870449,0.191653,0.735319,0.300506
period14,1,1,0.00172414,0.984483,0.00341592,0.970758,0.984483,0.970758,0.970758,0.00459792,0.002176,0.00193799,0.00193799,0.00193799,0.00459792,0.00238622,0.941882,0.282638,0.002176,0.0019146,0.002176,0.002176,0.00216765,0.00216765,0.0019146,0.417611,0.480591,0.513724,0.539899,0.510984,0.643653,0.862033,0.16954,0.702228,0.198239,0.0795109,0.372451,0.800606,0.510254,0.576681,0.360198,0.662205,0.635998,0.70864,0.626201,0.48787,0.371373,0.214238,0.477075
period15,1,1,0.00196078,0.982353,0.00387973,0.966782,0.982353,0.966782,0.966782,0.00521745,0.0024723,0.00220317,0.00220317,0.00220317,0.00521745,0.00271045,0.934086,0.337048,0.0024723,0.00217678,0.0024723,0.0024723,0.00246336,0.00246336,0.00217678,0.257558,0.544185,0.776511,0.37114,0.595171,0.350952,0.89219,0.478023,0.22665,0.548221,0.436717,0.0881498,0.550089,0.0923064,0.319412,0.356942,0.33451,0.527432,0.431349,0.670473,0.46749,0.382751,0.297856,0.549828
period16,1,1,0.00208333,0.98125,0.00411944,0.964727,0.98125,0.964727,0.964727,0.00553719,0.00262552,0.00234042,0.00234042,0.00234042,0.00553719,0.00287805,0.930067,0.395265,0.00262552,0.0023125,0.00262552,0.00262552,0.00261633,0.00261633,0.0023125,0.340999,0.25264,0.69431,0.24063,0.30976,0.329786,0.819349,0.558642,0.156629,0.484157,0.360585,0.111603,0.402128,0.14483,0.608324,0.276102,0.694333,0.48051,0.512964,0.340883,0.266841,0.239507,0.43326,0.276513
period17,1,1,0.0025,0.9775,0.00493202,0.957756,0.9775,0.957756,0.957756,0.00661877,0.00314533,0.00280667,0.00280667,0.00280667,0.00661877,0.00344631,0.916487,0.467332,0.00314533,0.00277365,0.00314533,0.00314533,0.00313555,0.00313555,0.00277365,0.400516,0.18324,0.397697,0.712573,0.363085,0.7831,0.61382,0.235569,0.407247,0.0283728,0.743374,0.356781,0.749556,0.40042,0.361888,0.584607,0.47663,0.476369,0.423911,0.489977,0.400948,0.361307,0.519741,0.331476
period18,1,1,0.034375,0.971875,0.00751022,0.947354,0.971875,0.947354,0.947354,0.0378299,0.00499527,0.00360892,0.00360892,0.00360892,0.00822513,0.00440031,0.896369,0.543265,0.00499527,0.00347461,0.00392181,0.00392181,0.00392215,0.00392215,0.00347461,0.801958,0.303212,0.172489,0.344015,0.139967,0.554286,0.231898,0.647714,0.215278,0.463757,0.131028,0.703445,0.459771,0.70026,0.119614,0.368673,0.12327,0.642284,0.18952,0.420876,0.432605,0.423032,0.110868,0.215024
period19,1,1,0.0407407,0.966667,0.00886895,0.937778,0.966667,0.937778,0.937778,0.044428,0.00589668,0.00427153,0.00427153,0.00427153,0.00969547,0.00519818,0.878008,0.598113,0.00589668,0.00411504,0.00463734,0.00463734,0.00463998,0.00463998,0.00411504,0.0859624,0.0247959,0.488752,0.580629,0.42437,0.504598,0.502071,0.245092,0.189748,0.88069,0.467266,0.493398,0.374904,0.46751,0.286815,0.489389,0.330895,0.496678,0.759076,0.44675,0.465055,0.452002,0.440476,0.413942
period20,1,1,0.05,0.959091,0.0348047,0.923946,0.959091,0.923946,0.923946,0.0538027,0.00719584,0.00523233,0.00523233,0.00523233,0.0118051,0.00634963,0.851756,0.634688,0.00719584,0.0050449,0.00567231,0.00567231,0.00567949,0.00567949,0.0050449,0.838487,0.45429,0.196303,0.461556,0.619571,0.849091,0.579826,0.394681,0.69131,0.411435,0.624455,0.624914,0.344361,0.401381,0.706214,0.490201,0.352812,0.540448,0.467537,0.383832,0.273156,0.276205,0.364807,0.408798
period21,1,1,0.0733333,0.94,0.0501352,0.8896,0.94,0.8896,0.8896,0.0762773,0.0104119,0.00763844,0.00763844,0.00763844,0.0169707,0.0092049,0.847264,0.603779,0.0104119,0.00737959,0.0082506,0.0082506,0.00827534,0.00827534,0.00737959,0.493464,0.31813,0.727868,0.593851,0.480472,0.170127,0.798242,0.710607,0.388445,0.570027,0.323189,0.596553,0.449476,0.382217,0.294443,0.315957,0.311501,0.318242,0.354146,0.640887,0.39714,0.284737,0.284465,0.321404
period22,1,1,0.0846154,0.930769,0.0573397,0.873254,0.930769,0.873254,0.873254,0.0865653,0.0119402,0.00879448,0.00879448,0.00879448,0.0865653,0.0129916,0.825473,0.554677,0.0552229,0.00850411,0.0119402,0.0119402,0.00996687,0.00996687,0.00850411,0.102786,0.583342,0.338894,0.0904748,0.526835,0.440239,0.513045,0.159865,0.412276,0.091137,0.686578,0.222356,0.141889,0.368298,0.372277,0.193003,0.317803,0.615686,0.435205,0.485506,0.352685,0.353028,0.0959064,0.273064
period23,1,1,0.11,0.91,0.0730539,0.8371,0.91,0.8371,0.8371,0.108371,0.0153255,0.0113793,0.0113793,0.0113793,0.108371,0.0166232,0.778051,0.59333,0.069511,0.0110241,0.0153255,0.0153255,0.0128395,0.0128395,0.0110241,0.279222,0.548028,0.118505,0.261325,0.497149,0.185054,0.265129,0.213498,0.48536,0.425767,0.371208,0.193366,0.356261,0.276055,0.315154,0.314699,0.209235,0.431441,0.205814,0.450719,0.33668,0.414843,0.27217,0.189179
period24,1,1,0.157143,0.871429,0.100415,0.772245,0.992296,0.979565,0.979565,0.155975,0.0218658,0.0161599,0.0161599,0.0161599,0.155975,0.0235742,1,1,0.0998534,0.0156709,0.0218658,0.0218658,0.0181241,0.0181241,0.0156709,0.319216,0.114825,0.27595,0.299863,0.138187,0.039325,0.150307,0.585018,0.481215,0.46736,0.60823,0.123851,0.466737,0.241096,0.435876,0.203384,0.187411,0.315175,0.332923,0.322221,0.289195,0.231459,0.323619,0.138721
period25,1,1,0.157143,0.871429,0.100415,0.772245,0.992296,0.979565,0.979565,0.155975,0.0218658,0.0161599,0.0161599,0.0161599,0.155975,0.0235742,1,1,0.0998534,0.0156709,0.0998534,0.0218658,0.0218049,0.0218049,0.0156709,0.205878,0.325043,0.31982,0.329321,0.367264,0.380551,0.479905,0.18329,0.0916627,0.063262,0.280368,0.597127,0.567386,0.342843,0.133137,0.271115,0.269947,0.200239,0.204049,0.357289,0.368939,0.29089,0.227779,0.287941
