period10,0.972059,0.902365,0.00147059,0.972059,0.00299076,0.909471,0.972059,0.853059,0.824853,0.00314952,0.00178091,0.00164606,0.00164606,0.00164606,0.00314952,0.00195573,0.716449,0.0144579,0.00178091,0.00163277,0.00178091,0.00178091,0.00183542,0.00183542,0.00163277,0.675325,0.854128,0.641324,0.519365,0.643989,0.518222,0.896575,0.572905,0.0478432,0.420339,0.0726494,0.759466,0.150452,0.344492,0.36593,0.766603,0.384941,0.324559,0.336405,0.77695,0.262773,0.710637,0.377469,0.437126
period11,0.986154,0.958712,0.00153846,0.986154,0.00305116,0.946823,0.986154,0.9169,0.901938,0.00343983,0.00187715,0.00172329,0.00172329,0.00172329,0.00343983,0.00206105,0.831724,0.0213965,0.00187715,0.00170814,0.00187715,0.00187715,0.00192258,0.00192258,0.00170814,0.182288,0.363238,0.363221,0.317461,0.56302,0.218595,0.639587,0.519753,0.655797,0.5557,0.496787,0.880863,0.627184,0.78617,0.304241,0.17344,0.537774,0.306847,0.663952,0.0869457,0.284965,0.213966,0.574707,0.263163
period12,0.985938,0.973479,0.0015625,0.985938,0.00309842,0.961196,0.985938,0.961196,0.961196,0.0053823,0.00209232,0.00176846,0.00176846,0.00176846,0.0053823,0.00229367,0.891485,0.167386,0.00209232,0.00173658,0.00209232,0.00209232,0.00198868,0.00198868,0.00173658,0.59701,0.599924,0.591362,0.450015,0.544565,0.743161,0.401618,0.0862665,0.744616,0.229962,0.692685,0.500667,0.219098,0.429223,0.361169,0.461059,0.209584,0.201953,0.404692,0.429458,0.318383,0.679734,0.57725,0.232912
period13,0.985484,0.97263,0.0016129,0.985484,0.00319749,0.959963,0.985484,0.959963,0.959963,0.00555204,0.00215915,0.00182534,0.00182534,0.00182534,0.00555204,0.0023668,0.919065,0.202686,0.00215915,0.00179249,0.00215915,0.00215915,0.00205245,0.00205245,0.00179249,0.460937,0.196357,0.557319,0.417917,0.405303,0.420045,0.356778,0.100764,0.0704628,0.642389,0.408882,0.687775,0.304663,0.588406,0.615234,0.30512,0.200431,0.191307,0.421783,0.48231,0.860414,0.193772,0.727045,0.301618
period14,0.984483,0.970758,0.00172414,0.984483,0.00341592,0.957246,0.984483,0.957246,0.957246,0.0059258,0.0023065,0.00195081,0.00195081,0.00195081,0.0059258,0.00252801,0.930164,0.279799,0.0023065,0.00191586,0.0023065,0.0023065,0.0021931,0.0021931,0.00191586,0.417611,0.480591,0.513724,0.539312,0.510436,0.643646,0.862033,0.168572,0.701425,0.198107,0.0798288,0.368223,0.790854,0.504544,0.570046,0.361758,0.654379,0.63056,0.700169,0.626939,0.482472,0.371329,0.212648,0.477645
period15,0.982353,0.966782,0.00196078,0.982353,0.00387973,0.951486,0.982353,0.951486,0.951486,0.00671707,0.00261932,0.00221758,0.00221758,0.00221758,0.00671707,0.00287013,0.92089,0.332879,0.00261932,0.00217819,0.00261932,0.00261932,0.00249196,0.00249196,0.00217819,0.257558,0.544185,0.776511,0.370731,0.594424,0.350949,0.89219,0.472042,0.226459,0.547545,0.430775,0.0883589,0.542968,0.0924281,0.31594,0.355506,0.330799,0.527508,0.426107,0.671903,0.461676,0.379127,0.294725,0.551278
period16,0.999604,0.980901,0.00208333,0.99805,0.00247789,1,0.996243,0.996017,0.977597,0.00427695,0.00250212,0.00232833,0.00232833,0.00232833,0.00427695,0.00274406,1,0.420319,0.00250212,0.00231132,0.00250212,0.00250212,0.00259236,0.00259236,0.00231132,0.340999,0.25264,0.69431,0.240808,0.310026,0.329789,0.819349,0.564761,0.156701,0.484643,0.360482,0.111599,0.411928,0.146284,0.615106,0.27593,0.702262,0.477961,0.518473,0.343125,0.269067,0.240824,0.437706,0.279001
period17,0.999514,0.977074,0.0025,0.997641,0.00297318,1,0.995443,0.995157,0.973085,0.00512421,0.00299961,0.00279246,0.00279246,0.00279246,0.00512421,0.00328821,1,0.504205,0.00299961,0.00277227,0.00299961,0.00299961,0.00310739,0.00310739,0.00277227,0.400516,0.18324,0.397697,0.713494,0.363481,0.78311,0.61382,0.237739,0.407709,0.0282651,0.743062,0.356656,0.774921,0.412152,0.366079,0.584851,0.482658,0.477013,0.429095,0.490426,0.405765,0.362361,0.526459,0.330694
period18,1,1,0.034375,0.997031,0.0051162,1,0.994225,0.994127,0.96684,0.0365511,0.00493546,0.00360312,0.00360312,0.00360312,0.0063374,0.0042131,1,0.599014,0.00493546,0.00347405,0.00373894,0.00373894,0.00388813,0.00388813,0.00347405,0.801958,0.303212,0.172489,0.344279,0.140032,0.554288,0.231898,0.65898,0.215498,0.464449,0.131028,0.703445,0.477534,0.729897,0.120017,0.368749,0.123749,0.64207,0.191362,0.420383,0.439446,0.424777,0.111092,0.215095
period19,1,1,0.0407407,0.996445,0.00606159,1,0.993054,0.992913,0.960647,0.0430728,0.00583413,0.00426551,0.00426551,0.00426551,0.00749328,0.00498192,1,0.672693,0.00583413,0.00411446,0.00442528,0.00442528,0.00460086,0.00460086,0.00411446,0.0859624,0.0247959,0.488752,0.581198,0.424816,0.5046,0.502071,0.24863,0.189948,0.882426,0.467266,0.493398,0.391067,0.489118,0.291371,0.490573,0.336526,0.496273,0.775148,0.449196,0.473957,0.458172,0.448779,0.414931
period20,1,1,0.05,0.995572,0.0323248,1,0.991289,0.991071,0.951608,0.0524196,0.00713327,0.00522636,0.00522636,0.00522636,0.00916473,0.00609398,1,0.734405,0.00713327,0.00504433,0.00542027,0.00542027,0.00563355,0.00563355,0.00504433,0.838487,0.45429,0.196303,0.462054,0.620312,0.849096,0.579826,0.403503,0.69289,0.412267,0.624455,0.624914,0.362114,0.423276,0.724363,0.495311,0.360381,0.54008,0.478541,0.380917,0.27834,0.278552,0.372735,0.409257
period21,1,1,0.0733333,0.993255,0.0473102,1,0.996923,0.991771,0.989786,0.0736057,0.0102974,0.00762776,0.00762776,0.00762776,0.00761997,0.00833153,1,1,0.0102974,0.00737859,0.00737786,0.00737786,0.00812105,0.00812105,0.00737859,0.493464,0.31813,0.727868,0.595192,0.48152,0.170127,0.798242,0.779373,0.391188,0.574498,0.323189,0.596553,0.489614,0.41463,0.316341,0.314104,0.33532,0.317189,0.382768,0.639249,0.430603,0.278692,0.30524,0.32632
period22,1,1,0.0846154,0.992072,0.05453,1,0.996225,0.990246,0.987402,0.0848092,0.011867,0.00878773,0.00878773,0.00878773,0.0848092,0.0129129,1,1,0.0542716,0.00850348,0.011867,0.011867,0.00995325,0.00995325,0.00850348,0.102786,0.583342,0.338894,0.0903586,0.527627,0.440241,0.513045,0.167691,0.412755,0.0910671,1,0.222356,0.147501,0.404243,0.407868,0.198196,0.346273,0.611949,0.479022,0.475194,0.385714,0.344752,0.0953714,0.273189
period23,1,1,0.11,0.989249,0.0707072,1,0.995123,0.986876,0.985429,0.109854,0.0153832,0.0113845,0.0113845,0.0113845,0.109854,0.0166849,1,1,0.0703104,0.0110246,0.0153832,0.0153832,0.0128499,0.0128499,0.0110246,0.279222,0.548028,0.118505,0.261064,0.496593,0.185053,0.265129,0.233609,0.484758,0.425353,1,0.193366,0.402112,0.307556,0.353278,0.318281,0.228591,0.431071,0.224563,0.449637,0.378619,0.41393,0.302677,0.191685
period24,1,1,0.157143,0.983351,0.100468,1,1,1,1,0.157143,0.0219048,0.0161633,0.0161633,0.0161633,0.157143,0.0236154,1,1,0.100476,0.0156711,0.0219048,0.0219048,0.0181308,0.0181308,0.0156711,0.319216,0.114825,0.27595,0.299588,0.138119,0.0393253,0.150307,0.595136,0.480812,0.466949,1,0.123851,0.474388,0.24404,0.442883,0.203976,0.189235,0.314883,0.337782,0.320907,0.293142,0.231576,0.328284,0.139017
period25,1,1,0.157143,0.983351,0.100468,1,1,1,1,0.157143,0.0219048,0.0161633,0.0161633,0.0161633,0.157143,0.0236154,1,1,0.100476,0.0156711,0.100476,0.0219048,0.021828,0.021828,0.0156711,0.205878,0.325043,0.31982,0.32907,0.367046,0.38055,0.479905,0.185027,0.0917022,0.0633792,1,0.597127,0.577136,0.347909,0.133828,0.270992,0.273492,0.200604,0.20622,0.356888,0.374549,0.289299,0.230445,0.28787
