period11,0.998556,1,0.00153846,0.986154,0.00305116,0.957472,0.986154,0.927173,0.912023,0.00325466,0.00185892,0.00172149,0.00172149,0.00172149,0.00325466,0.00204109,0.840763,0.0213293,0.00185892,0.00170796,0.00185892,0.00185892,0.001919,0.001919,0.00170796,0.182288,0.363238,0.363221,0.317501,0.563106,0.218595,0.639587,0.522766,0.655901,0.555784,0.501777,0.890683,0.631116,0.790709,0.304938,0.173586,0.541956,0.307566,0.668531,0.0867938,0.285123,0.213999,0.578384,0.263998
period12,1,1,0.0015625,0.985938,0.00309842,0.973479,0.985938,0.973479,0.973479,0.00417316,0.0019733,0.00175675,0.00175675,0.00175675,0.00417316,0.00216431,0.901599,0.168419,0.0019733,0.00173543,0.0019733,0.0019733,0.00196542,0.00196542,0.00173543,0.59701,0.599924,0.591362,0.45044,0.545106,0.743168,0.401618,0.086091,0.7454,0.23012,0.701139,0.506382,0.22062,0.43343,0.364507,0.460507,0.210984,0.202186,0.408586,0.431753,0.321174,0.679696,0.583349,0.233736
period13,1,1,0.0016129,0.985484,0.00319749,0.97263,0.985484,0.97263,0.97263,0.00430575,0.00203653,0.00181327,0.00181327,0.00181327,0.00430575,0.00223354,0.929873,0.204247,0.00203653,0.00179131,0.00203653,0.00203653,0.0020285,0.0020285,0.00179131,0.460937,0.196357,0.557319,0.418315,0.405685,0.420049,0.356778,0.100774,0.0704258,0.643069,0.413432,0.696433,0.307363,0.594851,0.622033,0.307509,0.201756,0.192254,0.426029,0.482349,0.870449,0.191653,0.735319,0.300506
period14,1,1,0.00172414,0.984483,0.00341592,0.970758,0.984483,0.970758,0.970758,0.00459792,0.002176,0.00193799,0.00193799,0.00193799,0.00459792,0.00238622,0.941882,0.282638,0.002176,0.0019146,0.002176,0.002176,0.00216765,0.00216765,0.0019146,0.417611,0.480591,0.513724,0.539899,0.510984,0.643653,0.862033,0.16954,0.702228,0.198239,0.0795109,0.372451,0.800606,0.510254,0.576681,0.360198,0.662205,0.635998,0.70864,0.626201,0.48787,0.371373,0.214238,0.477075
period15,1,1,0.00196078,0.982353,0.00387973,0.966782,0.982353,0.966782,0.966782,0.00521745,0.0024723,0.00220317,0.00220317,0.00220317,0.00521745,0.00271045,0.934086,0.337048,0.0024723,0.00217678,0.0024723,0.0024723,0.00246336,0.00246336,0.00217678,0.257558,0.544185,0.776511,0.37114,0.595171,0.350952,0.89219,0.478023,0.22665,0.548221,0.436717,0.0881498,0.550089,0.0923064,0.319412,0.356942,0.33451,0.527432,0.431349,0.670473,0.46749,0.382751,0.297856,0.549828
period16,1,1,0.00208333,0.98125,0.00411944,0.964727,0.98125,0.964727,0.964727,0.00553719,0.00262552,0.00234042,0.00234042,0.00234042,0.00553719,0.00287805,0.930067,0.395265,0.00262552,0.0023125,0.00262552,0.00262552,0.00261633,0.00261633,0.0023125,0.340999,0.25264,0.69431,0.24063,0.30976,0.329786,0.819349,0.558642,0.156629,0.484157,0.360585,0.111603,0.402128,0.14483,0.608324,0.276102,0.694333,0.48051,0.512964,0.340883,0.266841,0.239507,0.43326,0.276513
period17,1,1,0.0025,0.9775,0.00493202,0.957756,0.9775,0.957756,0.957756,0.00661877,0.00314533,0.00280667,0.00280667,0.00280667,0.00661877,0.00344631,0.916487,0.467332,0.00314533,0.00277365,0.00314533,0.00314533,0.00313555,0.00313555,0.00277365,0.400516,0.18324,0.397697,0.712573,0.363085,0.7831,0.61382,0.235569,0.407247,0.0283728,0.743374,0.356781,0.749556,0.40042,0.361888,0.584607,0.47663,0.476369,0.423911,0.489977,0.400948,0.361307,0.519741,0.331476
period18,1,1,0.034375,0.971875,0.00751022,0.947354,0.971875,0.947354,0.947354,0.0378299,0.00499527,0.00360892,0.00360892,0.00360892,0.00822513,0.00440031,0.896369,0.543265,0.00499527,0.00347461,0.00392181,0.00392181,0.00392215,0.00392215,0.00347461,0.801958,0.303212,0.172489,0.344015,0.139967,0.554286,0.231898,0.647714,0.215278,0.463757,0.131028,0.703445,0.459771,0.70026,0.119614,0.368673,0.12327,0.642284,0.18952,0.420876,0.432605,0.423032,0.110868,0.215024
period19,1,1,0.0407407,0.966667,0.00886895,0.937778,0.966667,0.937778,0.937778,0.044428,0.00589668,0.00427153,0.00427153,0.00427153,0.00969547,0.00519818,0.878008,0.598113,0.00589668,0.00411504,0.00463734,0.00463734,0.00463998,0.00463998,0.00411504,0.0859624,0.0247959,0.488752,0.580629,0.42437,0.504598,0.502071,0.245092,0.189748,0.88069,0.467266,0.493398,0.374904,0.46751,0.286815,0.489389,0.330895,0.496678,0.759076,0.44675,0.465055,0.452002,0.440476,0.413942
period20,1,1,0.05,0.959091,0.0348047,0.923946,0.959091,0.923946,0.923946,0.0538027,0.00719584,0.00523233,0.00523233,0.00523233,0.0118051,0.00634963,0.851756,0.634688,0.00719584,0.0050449,0.00567231,0.00567231,0.00567949,0.00567949,0.0050449,0.838487,0.45429,0.196303,0.461556,0.619571,0.849091,0.579826,0.394681,0.69131,0.411435,0.624455,0.624914,0.344361,0.401381,0.706214,0.490201,0.352812,0.540448,0.467537,0.383832,0.273156,0.276205,0.364807,0.408798
period21,1,1,0.0733333,0.993255,0.0473102,1,0.94,0.8896,0.8896,0.0762773,0.0104119,0.00763844,0.00763844,0.00763844,0.0169707,0.0092049,0.847264,0.603779,0.0104119,0.00737959,0.0082506,0.0082506,0.00827534,0.00827534,0.00737959,0.493464,0.31813,0.727868,0.593851,0.480472,0.170127,0.798242,0.710607,0.388445,0.570027,0.323189,0.596553,0.449476,0.382217,0.294443,0.315957,0.311501,0.318242,0.354146,0.640887,0.39714,0.284737,0.284465,0.321404
period22,1,1,0.0846154,0.992072,0.05453,1,0.930769,0.873254,0.873254,0.0865653,0.0119402,0.00879448,0.00879448,0.00879448,0.0865653,0.0129916,0.825473,0.554677,0.0552229,0.00850411,0.0119402,0.0119402,0.00996687,0.00996687,0.00850411,0.102786,0.583342,0.338894,0.0904748,0.526835,0.440239,0.513045,0.159865,0.412276,0.091137,0.686578,0.222356,0.141889,0.368298,0.372277,0.193003,0.317803,0.615686,0.435205,0.485506,0.352685,0.353028,0.0959064,0.273064
period23,1,1,0.11,0.989249,0.0707072,1,0.979063,0.979063,0.893041,0.10893,0.0153473,0.0113813,0.0113813,0.0113813,0.10893,0.0166465,1,0.734059,0.0698125,0.0110243,0.0153473,0.0153473,0.0128434,0.0128434,0.0110243,0.279222,0.548028,0.118505,0.261226,0.496939,0.185054,0.265129,0.221082,0.485133,0.425611,0.371208,0.193366,0.39972,0.305912,0.329532,0.31605,0.216535,0.431301,0.212885,0.450311,0.352497,0.414498,0.283675,0.190124
period24,1,1,0.157143,0.983351,0.100468,1,0.967264,0.967264,0.846175,0.148353,0.0216118,0.0161382,0.0161382,0.0161382,0.148353,0.0233054,1,0.752764,0.0957882,0.015669,0.0216118,0.0216118,0.0180808,0.0180808,0.015669,0.319216,0.114825,0.27595,0.30166,0.138628,0.0393237,0.150307,0.518972,0.483846,0.470036,0.60823,0.123851,0.462132,0.239324,0.390139,0.199517,0.175508,0.317083,0.301206,0.330803,0.263432,0.230694,0.293168,0.136791
period25,1,1,0.157143,0.983351,0.100468,1,0.967264,0.967264,0.846175,0.148353,0.0216118,0.0161382,0.0161382,0.0161382,0.148353,0.0233054,1,0.752764,0.0957882,0.015669,0.0957882,0.0216118,0.021654,0.021654,0.015669,0.205878,0.325043,0.31982,0.330964,0.368686,0.380557,0.479905,0.171948,0.0914049,0.0624967,0.280368,0.597127,0.561516,0.339794,0.128625,0.271914,0.246805,0.19785,0.189881,0.359908,0.332317,0.301276,0.210379,0.2884
