period9,0.958571,0.876782,0.00142857,0.944286,0.00294109,0.845626,0.958571,0.752546,0.61742,0.00287254,0.00171172,0.0015973,0.0015973,0.0015973,0.00287254,0.00187996,0.540526,0.0245813,0.00171172,0.00158602,0.00171172,0.00171172,0.00177955,0.00177955,0.00158602,0.269743,0.454341,0.132084,0.727035,0.543531,0.466537,0.47373,0.445666,0.94751,0.391965,0.307286,0.761735,0.480097,0.483217,0.552094,0.539289,0.390638,0.53586,0.265677,0.357665,0.39254,0.26333,0.386692,0.300103
period10,0.972059,0.902365,0.00147059,0.972059,0.00299076,0.909471,0.972059,0.853059,0.824853,0.00314952,0.00178091,0.00164606,0.00164606,0.00164606,0.00314952,0.00195573,0.716449,0.0144579,0.00178091,0.00163277,0.00178091,0.00178091,0.00183542,0.00183542,0.00163277,0.675325,0.854128,0.641324,0.519365,0.643989,0.518222,0.896575,0.572905,0.0478432,0.420339,0.0726494,0.759466,0.150452,0.344492,0.36593,0.766603,0.384941,0.324559,0.336405,0.77695,0.262773,0.710637,0.377469,0.437126
period11,0.986154,0.958712,0.00153846,0.986154,0.00305116,0.946823,0.986154,0.9169,0.901938,0.00343983,0.00187715,0.00172329,0.00172329,0.00172329,0.00343983,0.00206105,0.831724,0.0213965,0.00187715,0.00170814,0.00187715,0.00187715,0.00192258,0.00192258,0.00170814,0.182288,0.363238,0.363221,0.317461,0.56302,0.218595,0.639587,0.519753,0.655797,0.5557,0.496787,0.880863,0.627184,0.78617,0.304241,0.17344,0.537774,0.306847,0.663952,0.0869457,0.284965,0.213966,0.574707,0.263163
period12,0.985938,0.973479,0.0015625,0.985938,0.00309842,0.961196,0.985938,0.961196,0.961196,0.0053823,0.00209232,0.00176846,0.00176846,0.00176846,0.0053823,0.00229367,0.891485,0.167386,0.00209232,0.00173658,0.00209232,0.00209232,0.00198868,0.00198868,0.00173658,0.59701,0.599924,0.591362,0.450015,0.544565,0.743161,0.401618,0.0862665,0.744616,0.229962,0.692685,0.500667,0.219098,0.429223,0.361169,0.461059,0.209584,0.201953,0.404692,0.429458,0.318383,0.679734,0.57725,0.232912
period13,0.985484,0.97263,0.0016129,0.985484,0.00319749,0.959963,0.985484,0.959963,0.959963,0.00555204,0.00215915,0.00182534,0.00182534,0.00182534,0.00555204,0.0023668,0.919065,0.202686,0.00215915,0.00179249,0.00215915,0.00215915,0.00205245,0.00205245,0.00179249,0.460937,0.196357,0.557319,0.417917,0.405303,0.420045,0.356778,0.100764,0.0704628,0.642389,0.408882,0.687775,0.304663,0.588406,0.615234,0.30512,0.200431,0.191307,0.421783,0.48231,0.860414,0.193772,0.727045,0.301618
period14,0.984483,0.970758,0.00172414,0.984483,0.00341592,0.957246,0.984483,0.957246,0.957246,0.0059258,0.0023065,0.00195081,0.00195081,0.00195081,0.0059258,0.00252801,0.930164,0.279799,0.0023065,0.00191586,0.0023065,0.0023065,0.0021931,0.0021931,0.00191586,0.417611,0.480591,0.513724,0.539312,0.510436,0.643646,0.862033,0.168572,0.701425,0.198107,0.0798288,0.368223,0.790854,0.504544,0.570046,0.361758,0.654379,0.63056,0.700169,0.626939,0.482472,0.371329,0.212648,0.477645
period15,0.999962,1,0.00196078,0.998174,0.00233168,1,0.99648,0.996426,0.979215,0.00399856,0.0023528,0.00219145,0.00219145,0.00219145,0.00399856,0.00258066,1,0.356554,0.0023528,0.00217563,0.0023528,0.0023528,0.00244012,0.00244012,0.00217563,0.257558,0.544185,0.776511,0.371472,0.595778,0.350955,0.89219,0.482884,0.226805,0.54877,0.436704,0.0881503,0.56389,0.0920705,0.322233,0.358109,0.337526,0.527371,0.43561,0.66931,0.472216,0.385697,0.3004,0.548649
period16,0.99996,1,0.00208333,0.998056,0.0024773,1,0.996249,0.996188,0.977909,0.00424637,0.00249912,0.00232804,0.00232804,0.00232804,0.00424637,0.00274081,1,0.420421,0.00249912,0.00231129,0.00249912,0.00249912,0.00259178,0.00259178,0.00231129,0.340999,0.25264,0.69431,0.240812,0.310033,0.329789,0.819349,0.56491,0.156702,0.484655,0.360574,0.111603,0.411981,0.146292,0.61527,0.275926,0.702455,0.477899,0.518607,0.34318,0.269121,0.240856,0.437814,0.279061
period17,0.99995,1,0.0025,0.99765,0.00297233,1,0.995451,0.995367,0.973466,0.00508709,0.00299599,0.00279211,0.00279211,0.00279211,0.00508709,0.00328428,1,0.504363,0.00299599,0.00277223,0.00299599,0.00299599,0.00310669,0.00310669,0.00277223,0.400516,0.18324,0.397697,0.713517,0.363491,0.78311,0.61382,0.237793,0.40772,0.0282624,0.743342,0.356768,0.775064,0.412217,0.366184,0.584857,0.482808,0.477029,0.429224,0.490437,0.405885,0.362387,0.526626,0.330675
period18,0.999935,1,0.034375,0.99703,0.00511635,1,0.994223,0.994096,0.966784,0.0365548,0.00493563,0.00360314,0.00360314,0.00360314,0.00634282,0.00421364,1,0.598985,0.00493563,0.00347405,0.00373946,0.00373946,0.00388823,0.00388823,0.00347405,0.801958,0.303212,0.172489,0.344279,0.140032,0.554288,0.231898,0.658948,0.215497,0.464447,0.131026,0.703406,0.477522,0.729877,0.120016,0.368749,0.123748,0.642071,0.191356,0.420384,0.439426,0.424772,0.111091,0.215094
period19,0.999921,1,0.0407407,0.996443,0.00606181,1,0.993052,0.992875,0.960578,0.0430768,0.00583432,0.00426553,0.00426553,0.00426553,0.00749985,0.00498256,1,0.672653,0.00583432,0.00411446,0.00442591,0.00442591,0.00460097,0.00460097,0.00411446,0.0859624,0.0247959,0.488752,0.581197,0.424815,0.5046,0.502071,0.24862,0.189947,0.882421,0.467236,0.493367,0.391055,0.489103,0.291357,0.49057,0.336509,0.496274,0.7751,0.449189,0.47393,0.458154,0.448755,0.414928
period20,0.999898,1,0.05,0.995569,0.032325,1,0.991286,0.991021,0.95152,0.052424,0.00713347,0.00522638,0.00522638,0.00522638,0.00917306,0.00609479,1,0.734347,0.00713347,0.00504434,0.00542106,0.00542106,0.00563369,0.00563369,0.00504434,0.838487,0.45429,0.196303,0.462053,0.620309,0.849096,0.579826,0.403475,0.692885,0.412264,0.624401,0.62486,0.3621,0.42326,0.724305,0.495295,0.360357,0.540081,0.478506,0.380926,0.278323,0.278545,0.37271,0.409255
period21,0.999834,1,0.0733333,0.993247,0.0473106,1,0.986962,0.986891,0.928917,0.0752289,0.010367,0.00763425,0.00763425,0.00763425,0.0133011,0.00886215,1,0.694507,0.010367,0.0073792,0.0079081,0.0079081,0.00821479,0.00821479,0.0073792,0.493464,0.31813,0.727868,0.594377,0.480884,0.170127,0.798242,0.737593,0.389521,0.571781,0.323152,0.596471,0.487696,0.413082,0.303037,0.31523,0.320848,0.317829,0.365378,0.640244,0.410272,0.282364,0.292618,0.323333
period22,0.999797,1,0.0846154,0.99206,0.0545306,1,0.984635,0.984549,0.917847,0.0858793,0.0119116,0.00879184,0.00879184,0.00879184,0.0858793,0.0129609,1,0.650708,0.0548513,0.00850386,0.0119116,0.0119116,0.00996155,0.00996155,0.00850386,0.102786,0.583342,0.338894,0.0904294,0.527145,0.44024,0.513045,0.162923,0.412463,0.0911097,0.686459,0.222331,0.147228,0.402492,0.386181,0.195032,0.328925,0.614226,0.452323,0.481478,0.365588,0.349795,0.0956974,0.273112
period23,0.999698,1,0.11,0.989225,0.070708,1,0.979042,0.978919,0.892802,0.108928,0.0153472,0.0113812,0.0113812,0.0113812,0.108928,0.0166464,1,0.733889,0.0698112,0.0110243,0.0153472,0.0153472,0.0128434,0.0128434,0.0110243,0.279222,0.548028,0.118505,0.261227,0.49694,0.185054,0.265129,0.22105,0.485134,0.425611,0.371126,0.193338,0.399676,0.305882,0.32947,0.316044,0.216503,0.431302,0.212855,0.450313,0.352429,0.4145,0.283626,0.19012
period24,0.999908,1,0.157143,0.983341,0.100468,1,0.967255,0.96722,0.846107,0.148349,0.0216116,0.0161381,0.0161381,0.0161381,0.148349,0.0233053,1,0.752711,0.0957861,0.015669,0.0216116,0.0216116,0.0180808,0.0180808,0.015669,0.319216,0.114825,0.27595,0.30166,0.138628,0.0393237,0.150307,0.518938,0.483847,0.470038,1,0.123849,0.462115,0.239318,0.390116,0.199515,0.175502,0.317084,0.301189,0.330808,0.263418,0.230693,0.293153,0.13679
period25,0.999953,1,0.157143,0.983346,0.100468,1,0.992291,0.979542,0.979542,0.155974,0.0218658,0.0161599,0.0161599,0.0161599,0.155974,0.0235742,1,1,0.0998527,0.0156709,0.0998527,0.0218658,0.0218048,0.0218048,0.0156709,0.205878,0.325043,0.31982,0.329322,0.367264,0.380551,0.479905,0.183288,0.0916626,0.0632619,1,0.597103,0.567375,0.342838,0.133136,0.271115,0.269943,0.200238,0.204047,0.357289,0.368933,0.290892,0.227776,0.287941
