period5,0.538579,1,1,1,0.465405,0.0378106,0.00113132,0.000620172,0.023405,0.00283624,0.0411168,0.0101013,0.023405,0.00283624,0.00294409,0.00283624,1,0.0262862,0.000620172,0.00283624,0.000789798,0.000789798,0.000789798,0.00283624,0.00283624,0.000800529,0.000569317,0.000569317,0.858651,0.146637,0.258487,0.580229,0.477171,0.41231,0.508354,0.69406,0.844753,0.286326,0.365006,0.481511,0.614705,0.705181,0.353193,0.567002,0.566127,0.319494,0.36125
period6,0.538579,1,1,1,0.573514,0.0730317,0.0337605,0.00117585,0.0499377,0.00547604,0.086802,0.0492129,0.0499377,0.00547604,0.00609922,0.00547604,1,0.254897,0.00117585,0.00547604,0.00105244,0.00105244,0.00105244,0.00547604,0.00547604,0.00111444,0.000624602,0.000624602,0.939989,0.386928,0.595428,0.251582,0.291243,0.407387,0.616598,0.697405,0.558644,0.473628,0.628461,0.440371,0.474376,0.115966,0.82198,0.353876,0.474198,0.413544,0.265879
period7,0.853299,1,1,1,0.573514,0.0508269,0.0416747,0.0241227,0.0508269,0.00101315,0.162944,0.0948174,0.00966423,0.00101315,0.0019238,0.00146913,1,0.389276,0.000970103,0.00101315,0.000608415,0.000608415,0.000653782,0.00146913,0.00146913,0.000699018,0.000910315,0.000604132,0.249641,0.153769,0.12194,0.491202,0.480543,0.33952,0.399052,0.450925,0.847814,0.517841,0.459943,0.622747,0.556411,0.199613,0.299437,0.178311,0.551727,0.456298,0.212913
period8,0.924365,1,1,1,0.573514,0.0501511,0.0411276,0.0375222,0.273106,0.00597043,0.213706,0.140161,0.00556023,0.00597043,0.00151327,0.00106081,1,0.471287,0.000964314,0.00100487,0.000805679,0.00379089,0.000613157,0.00106081,0.00106081,0.000658173,0.000926161,0.000603556,0.759558,0.261772,0.582238,0.462498,0.613234,0.747092,0.632709,0.729646,0.562475,0.328342,0.324777,0.655577,0.575787,0.365051,0.602529,0.631236,0.318725,0.441539,0.455977
period9,0.939594,1,1,1,0.726842,0.049773,0.0457989,0.0376046,0.334739,0.148683,0.315228,0.201153,0.0055541,0.0157719,0.00151389,0.0010602,1,0.482136,0.00554543,0.001004,0.0201743,0.00878759,0.000613096,0.0010602,0.0010602,0.000658235,0.000927033,0.000784646,0.649729,0.634009,0.299505,0.61612,0.226634,0.225099,0.480417,0.517966,0.600738,0.39365,0.529694,0.497876,0.381159,0.23058,0.146595,0.627025,0.276123,0.674963,0.78805
period10,0.959898,1,1,1,0.901563,0.0644013,0.0455866,0.0374328,0.377739,0.309162,0.548731,0.272859,0.00471793,0.0258583,0.00143014,0.000977012,1,0.586631,0.00552219,0.00100707,0.202203,0.0138675,0.00060482,0.000977012,0.000977012,0.000649903,0.000925215,0.000783496,0.623183,0.571178,0.688304,0.445648,0.369013,0.423225,0.399168,0.358958,0.413199,0.531651,0.620398,0.444673,0.534939,0.424112,0.431,0.275515,0.326188,0.531942,0.859731
period11,0.970051,1,1,1,0.933161,0.17891,0.050701,0.037842,0.388959,0.35506,0.665482,0.535413,0.00386854,0.0359145,0.00135242,0.000892504,1,0.829063,0.0147961,0.00100787,0.287026,0.0278922,0.000596412,0.000892504,0.000892504,0.000642169,0.000929545,0.00087774,0.378442,0.364961,0.717504,0.129013,0.20246,0.316154,0.644503,0.604266,0.675463,0.577333,0.723622,0.169452,0.629706,0.631018,0.58339,0.255823,0.571382,0.253354,0.426381
period12,0.989947,1,1,1,0.947619,0.502392,0.109818,0.040963,0.403372,0.352707,0.730688,0.642377,0.00207628,0.0424213,0.0012351,0.00073563,1,0.888053,0.020996,0.00104985,0.333306,0.0339947,0.000602274,0.00073563,0.00073563,0.000651957,0.000984999,0.000949112,0.741079,0.511815,0.677726,0.53622,0.167278,0.337331,0.643107,0.0448264,0.672309,0.507042,0.421992,0.283456,0.363794,0.56188,0.356475,0.358858,0.511384,0.627532,0.228065
period13,0.995238,1,1,1,0.947619,0.567385,0.459127,0.0423213,0.509751,0.380766,0.767725,0.70042,0.00152145,0.0426654,0.00120199,0.000680441,1,0.913191,0.0371625,0.00105303,0.345796,0.0389277,0.000596785,0.000680441,0.000680441,0.000648664,0.00099934,0.000993563,0.326796,0.132298,0.713224,0.551001,0.903503,0.720924,0.480462,0.497799,0.32681,0.6113,0.651989,0.426736,0.479402,0.475831,0.452851,0.528978,0.451263,0.47912,0.0786928
period14,0.999484,1,1,1,0.999409,0.638811,0.551738,0.044752,0.766451,0.414562,0.999284,1,0.000612154,0.0616637,0.00111051,0.000589992,1,1,0.132156,0.00100934,0.393802,0.0421502,0.000587788,0.000589992,0.000589992,0.000639564,0.00102501,0.00105459,0.451924,0.377639,0.403668,0.69415,0.828883,0.684627,0.0783815,0.747535,0.33574,0.408141,0.420685,0.368989,0.331106,0.747266,0.126345,0.278498,0.620473,0.696526,0.430625
period15,0.999453,1,1,1,0.999387,0.702238,0.591248,0.0596847,0.833041,0.414663,0.999267,1,0.000659166,0.0897182,0.00121048,0.00064357,1,1,0.328966,0.00109675,0.392454,0.0572107,0.00064202,0.00064357,0.00064357,0.000698383,0.00111947,0.04155,1,0.651074,0.0985087,0.824129,0.419424,0.419638,0.526443,0.602563,0.576698,0.547208,0.660912,0.617917,0.528712,0.415302,0.4489,0.626508,0.683275,0.628297,0.335754
period16,0.999432,1,1,1,0.999375,0.728225,0.6621,0.0801663,0.870032,0.41779,0.998823,1,0.0253509,0.166583,0.00238657,0.00111239,1,1,0.450699,0.0746781,0.406885,0.0844903,0.000716625,0.00111239,0.00111239,0.000843271,0.00117777,0.0853351,1,0.959714,0.951403,0.110157,0.438123,0.431213,0.613176,0.284722,0.660171,0.744436,0.802164,0.456639,0.385474,0.599744,0.438199,0.197746,0.538301,0.436166,0.494671
period17,0.999421,1,1,1,0.999421,0.739013,0.672508,0.0990604,0.887909,0.525353,0.99912,1,0.168244,0.328039,0.00437192,0.00122159,1,1,0.496451,0.217051,0.398304,0.201698,0.000742518,0.00122159,0.00122159,0.00105559,0.00120405,0.0920491,1,0.409529,0.292783,0.269029,0.55201,0.174072,0.867107,0.575993,0.642863,0.4523,0.842931,0.736129,0.548644,0.460733,0.416765,0.702282,0.61243,0.694784,0.565601
period18,0.999369,1,1,1,0.999369,0.754957,0.702386,0.108391,0.904428,0.622308,0.99925,1,0.265777,0.47382,0.0057177,0.00798871,1,1,0.549891,0.278086,0.389462,0.32168,0.0010789,0.00134428,0.00134428,0.00124815,0.00131821,0.113983,1,0.267024,0.158537,0.155686,0.684529,0.542789,0.328351,0.532579,0.300655,0.598802,0.518572,0.222029,0.382415,0.399393,0.134378,0.427397,0.714946,0.843762,0.877074
period19,0.999919,1,1,1,0.999919,0.818132,0.747182,0.15952,0.998958,1,0.999768,1,0.321862,0.653658,0.00596427,0.0157494,1,1,0.576218,0.354757,0.613265,0.56948,0.00650386,0.00144443,0.00144443,0.001322,0.00142442,0.115276,1,0.772132,1,0.84019,0.499627,0.304382,0.364154,0.260722,0.200365,0.553024,0.311033,0.766631,0.271297,0.177646,0.0915866,0.462772,0.817979,0.287286,0.0840593
period20,0.999912,1,1,1,0.999912,0.846878,0.797763,0.295632,0.999981,1,0.999721,1,0.402511,0.998987,0.00627368,0.0268491,1,1,0.631532,0.393451,0.587356,1,0.00823714,0.0100778,0.0100778,0.00147671,0.00989218,0.0848046,1,0.0490406,1,0.145353,0.288829,0.436629,0.511862,0.365005,0.419823,0.447073,0.593722,0.832824,0.295285,0.367882,0.287253,0.632782,0.509017,0.609298,0.395023
period21,0.999987,1,1,1,0.999987,0.997185,0.997713,1,0.999977,1,0.999519,1,0.496252,0.999012,0.00239506,0.0478011,1,1,0.810377,0.415142,0.560714,1,0.00969706,0.0110417,0.0386112,0.00117185,0.087234,0.100212,1,0.47362,1,0.468217,0.300705,0.22385,0.339695,0.171457,0.461109,0.16871,0.17777,0.484189,0.0996482,0.524621,0.468202,0.80394,0.157942,0.665833,0.536579
period22,0.999988,1,1,1,0.999988,0.997338,0.998142,1,0.999999,1,0.998667,1,0.534275,0.998933,0.00233582,0.114367,1,1,0.810725,1,0.54881,1,0.0194269,0.0206343,0.0675005,0.00118374,0.122414,0.100289,1,0.515173,1,0.651541,0.220455,0.0951417,0.453294,0.497685,0.626922,0.228059,0.384952,0.703792,0.526218,0.607092,0.353683,0.477526,0.374214,0.445221,0.300433
period23,0.999987,1,1,1,0.999987,0.99754,0.998188,1,0.999998,1,0.998721,1,0.546453,0.998959,0.00246888,0.190776,1,1,0.827248,1,0.543373,1,0.0305818,0.031808,0.131163,0.0012545,0.185,0.0924304,1,0.804712,1,0.544395,0.751874,0.390491,0.557359,0.492763,0.344736,0.030149,0.0642345,0.382581,0.419987,0.388535,0.534943,0.414131,0.591505,0.580506,0.3799
period24,0.999986,1,1,1,0.999986,0.997066,0.998076,1,0.999998,1,0.997911,1,0.603211,0.999066,0.00254621,0.224366,1,1,0.834883,1,0.570886,1,0.0734864,0.0338786,0.171453,0.00132715,0.225862,0.0830792,1,0.406363,1,0.351849,0.483549,0.87817,0.390503,0.290477,0.850759,0.388512,0.493165,0.373632,0.614381,0.529569,0.649776,0.231507,0.548077,0.056731,0.0233982
period25,0.999983,1,1,1,0.999983,0.996978,0.998003,1,0.99999,1,0.997963,1,0.69998,0.998806,0.00283068,0.358309,1,1,0.896956,1,0.534667,1,0.083275,0.0498428,0.21594,0.00148448,0.312069,0.0778551,1,0.595282,1,0.112162,0.0273022,0.463386,0.500438,0.679816,0.836172,0.136221,0.553271,0.574816,0.595887,0.20437,0.719144,0.9022,0.156633,0.413397,0.416628
period25,0.999998,1,1,1,0.999998,0.998711,1,1,1,1,1,1,1,0.998807,0.00169492,0.510169,1,1,0.898718,1,0.534667,1,0.117769,0.0694915,0.30678,0.00137227,0.312069,0.0779929,1,0.595814,1,0.112162,0.0273012,0.463317,0.500444,0.679944,0.837749,0.136221,0.553271,0.574696,0.595869,0.204308,0.720102,0.902201,0.156633,0.413397,0.416628
