period4,0.0461929,1,1,0.585795,0.0403409,0.00583556,0.00108821,0.000615883,0.00583556,0.00108821,0.00558376,0.000786543,0.00583556,0.00108821,0.00119188,0.00108821,0.227841,0.00583556,0.000615883,0.00108821,0.000615883,0.000615883,0.000615883,0.00108821,0.00108821,0.000626197,0.00056889,0.00056889,0.47029,0.218629,0.13464,0.561262,0.261831,0.568771,0.719854,0.796454,0.682105,0.435213,0.227491,0.788113,0.672626,0.579039,0.275466,0.930903,0.416552,0.493159,0.465965
period5,0.538579,1,1,1,0.465405,0.0378106,0.00113132,0.000620172,0.023405,0.00283624,0.0411168,0.0101013,0.023405,0.00283624,0.00294409,0.00283624,0.400541,0.0262862,0.000620172,0.00283624,0.000789798,0.000789798,0.000789798,0.00283624,0.00283624,0.000800529,0.000569317,0.000569317,0.858651,0.146637,0.258487,0.580229,0.477171,0.41231,0.508354,0.69406,0.844753,0.286326,0.365006,0.481511,0.614705,0.705181,0.353193,0.567002,0.566127,0.319494,0.36125
period6,0.538579,1,1,1,0.573514,0.0730317,0.0337605,0.00117585,0.0499377,0.00547604,0.086802,0.0492129,0.0499377,0.00547604,0.00609922,0.00547604,0.416757,0.254897,0.00117585,0.00547604,0.00105244,0.00105244,0.00105244,0.00547604,0.00547604,0.00111444,0.000624602,0.000624602,0.939989,0.386928,0.595428,0.251582,0.291243,0.407387,0.616598,0.697405,0.558644,0.473628,0.628461,0.440371,0.474376,0.115966,0.82198,0.353876,0.474198,0.413544,0.265879
period7,0.853299,1,1,1,0.573514,0.0508269,0.0416747,0.0241227,0.0508269,0.00101315,0.162944,0.0948174,0.00966423,0.00101315,0.0019238,0.00146913,0.422162,0.389276,0.000970103,0.00101315,0.000608415,0.000608415,0.000653782,0.00146913,0.00146913,0.000699018,0.000910315,0.000604132,0.249641,0.153769,0.12194,0.491202,0.480543,0.33952,0.399052,0.450925,0.847814,0.517841,0.459943,0.622747,0.556411,0.199613,0.299437,0.178311,0.551727,0.456298,0.212913
period8,0.924365,1,1,1,0.573514,0.0501511,0.0411276,0.0375222,0.273106,0.00597043,0.213706,0.140161,0.00556023,0.00597043,0.00151327,0.00106081,0.432973,0.471287,0.000964314,0.00100487,0.000805679,0.00379089,0.000613157,0.00106081,0.00106081,0.000658173,0.000926161,0.000603556,0.759558,0.261772,0.582238,0.462498,0.613234,0.747092,0.632709,0.729646,0.562475,0.328342,0.324777,0.655577,0.575787,0.365051,0.602529,0.631236,0.318725,0.441539,0.455977
period9,0.939594,1,1,1,0.726842,0.049773,0.0457989,0.0376046,0.334739,0.148683,0.315228,0.201153,0.0055541,0.0157719,0.00151389,0.0010602,0.447895,0.482136,0.00554543,0.001004,0.0201743,0.00878759,0.000613096,0.0010602,0.0010602,0.000658235,0.000927033,0.000784646,0.649729,0.634009,0.299505,0.61612,0.226634,0.225099,0.480417,0.517966,0.600738,0.39365,0.529694,0.497876,0.381159,0.23058,0.146595,0.627025,0.276123,0.674963,0.78805
period10,0.959898,1,1,1,0.901563,0.0644013,0.0455866,0.0374328,0.377739,0.309162,0.548731,0.272859,0.00471793,0.0258583,0.00143014,0.000977012,0.448437,0.586631,0.00552219,0.00100707,0.202203,0.0138675,0.00060482,0.000977012,0.000977012,0.000649903,0.000925215,0.000783496,0.623183,0.571178,0.688304,0.445648,0.369013,0.423225,0.399168,0.358958,0.413199,0.531651,0.620398,0.444673,0.534939,0.424112,0.431,0.275515,0.326188,0.531942,0.859731
period11,0.970051,1,1,1,0.933161,0.17891,0.050701,0.037842,0.388959,0.35506,0.665482,0.535413,0.00386854,0.0359145,0.00135242,0.000892504,0.446114,0.829063,0.0147961,0.00100787,0.287026,0.0278922,0.000596412,0.000892504,0.000892504,0.000642169,0.000929545,0.00087774,0.378442,0.364961,0.717504,0.129013,0.20246,0.316154,0.644503,0.604266,0.675463,0.577333,0.723622,0.169452,0.629706,0.631018,0.58339,0.255823,0.571382,0.253354,0.426381
period12,0.989947,1,1,1,0.947619,0.502392,0.109818,0.040963,0.403372,0.352707,0.730688,0.642377,0.00207628,0.0424213,0.0012351,0.00073563,0.455556,0.888053,0.020996,0.00104985,0.333306,0.0339947,0.000602274,0.00073563,0.00073563,0.000651957,0.000984999,0.000949112,0.741079,0.511815,0.677726,0.53622,0.167278,0.337331,0.643107,0.0448264,0.672309,0.507042,0.421992,0.283456,0.363794,0.56188,0.356475,0.358858,0.511384,0.627532,0.228065
period13,0.995238,1,1,1,0.947619,0.567385,0.459127,0.0423213,0.509751,0.380766,0.767725,0.70042,0.00152145,0.0426654,0.00120199,0.000680441,0.455556,0.913191,0.0371625,0.00105303,0.345796,0.0389277,0.000596785,0.000680441,0.000680441,0.000648664,0.00099934,0.000993563,0.326796,0.132298,0.713224,0.551001,0.903503,0.720924,0.480462,0.497799,0.32681,0.6113,0.651989,0.426736,0.479402,0.475831,0.452851,0.528978,0.451263,0.47912,0.0786928
period14,0.995238,1,1,1,0.947619,0.604062,0.521799,0.0423845,0.72457,0.392016,0.788889,0.73735,0.00152145,0.0584014,0.00120442,0.000680441,0.455556,0.92367,0.125046,0.00106133,0.372433,0.0399499,0.000596785,0.000680441,0.000680441,0.000648905,0.00100001,0.00103046,0.520974,0.29993,0.484514,0.66068,0.815821,0.663606,0.092665,0.755252,0.335138,0.441167,0.416833,0.394662,0.338992,0.645048,0.189709,0.282214,0.620412,0.673603,0.433281
period15,0.994798,1,1,1,0.965896,0.676555,0.56969,0.0575585,0.802384,0.399514,0.815607,0.770808,0.00165762,0.0865279,0.00131716,0.000742839,0.474566,0.95109,0.317021,0.0011679,0.378152,0.0551989,0.000651889,0.000742839,0.000742839,0.000708989,0.00110144,0.0400724,0.492702,0.62367,0.173658,0.804128,0.415033,0.419307,0.51372,0.605707,0.573591,0.539583,0.656031,0.609995,0.527705,0.466614,0.456535,0.627416,0.683353,0.623861,0.33579
period16,0.999432,1,1,1,0.999375,0.728225,0.6621,0.0801663,0.870032,0.41779,0.998823,1,0.0253509,0.166583,0.00238657,0.00111239,0.485455,1,0.450699,0.0746781,0.406885,0.0844903,0.000716625,0.00111239,0.00111239,0.000843271,0.00117777,0.0853351,1,0.959714,0.951403,0.110157,0.438123,0.431213,0.613176,0.284722,0.660171,0.744436,0.802164,0.456639,0.385474,0.599744,0.438199,0.197746,0.538301,0.436166,0.494671
period17,0.999421,1,1,1,0.999421,0.739013,0.672508,0.0990604,0.887909,0.525353,0.99912,1,0.168244,0.328039,0.00437192,0.00122159,1,1,0.496451,0.217051,0.398304,0.201698,0.000742518,0.00122159,0.00122159,0.00105559,0.00120405,0.0920491,1,0.409529,0.292783,0.269029,0.55201,0.174072,0.867107,0.575993,0.642863,0.4523,0.842931,0.736129,0.548644,0.460733,0.416765,0.702282,0.61243,0.694784,0.565601
period18,0.999818,1,1,1,0.999818,0.956081,0.888765,0.136536,0.90515,0.622799,0.99925,1,0.265926,0.474193,0.00325186,0.00799267,1,1,0.695188,0.278302,0.389768,0.321932,0.00107909,0.00134451,0.00134451,0.00100325,0.00146229,0.143694,1,0.267024,0.158537,0.155711,0.684792,1,0.328454,0.630794,0.18497,0.598802,0.518572,0.222029,0.382415,0.399393,0.134378,0.427397,0.714946,0.843745,0.877064
period19,1,1,1,1,0.999962,0.745564,0.681263,0.145706,0.997785,0.762894,1,1,1,0.652902,0.0174852,0.0466667,1,1,0.525641,1,0.468449,0.568823,0.0178173,0.00222222,0.00222222,0.00246568,0.00137637,0.105311,1,0.772185,0.808185,0.840222,0.499644,1,0.364165,0.294966,0.183481,0.540689,0.314648,0.766653,0.271291,0.17765,0.0915371,0.462771,0.817979,0.287292,0.084059
period20,1,1,1,1,0.999997,0.999094,1,0.369474,1,0.804673,1,1,1,1,0.00212766,0.0645833,1,1,0.790526,1,0.47326,0.879268,0.018581,0.0229167,0.0229167,0.00106565,0.0120584,0.105556,1,0.0489468,0.288519,0.145357,0.288845,1,0.511897,0.328592,0.455975,0.331791,0.611386,0.832891,0.295288,0.367911,0.28724,0.632776,0.509016,0.609297,0.395023
period21,1,1,1,1,0.999998,0.997877,1,0.512222,1,0.839394,1,1,1,1,0.00185185,0.0944444,1,1,0.812222,1,0.471329,0.91375,0.0182026,0.0203704,0.0759259,0.00111803,0.0454829,0.100434,1,0.473706,1,0.468221,0.300707,1,0.339698,0.170779,0.460595,0.16871,0.17777,0.484158,0.0996527,0.524802,0.468238,0.803939,0.157942,0.665835,0.53658
period22,1,1,1,1,0.999997,0.990953,1,0.634444,1,0.831,1,1,1,1,0.00178571,0.212281,1,1,0.812222,1,0.456829,0.95125,0.0351385,0.0368421,0.124561,0.00112925,0.0784263,0.100468,1,0.515297,1,0.651546,0.220456,1,0.453297,0.498034,0.627304,0.228059,0.384952,0.703826,0.526225,0.607728,0.353977,0.477526,0.374214,0.445221,0.300433
period23,1,1,1,1,0.999998,0.998425,1,0.67931,1,0.864211,1,1,1,1,0.00181818,0.347273,1,1,0.828736,1,0.470388,1,0.0546432,0.0563636,0.238182,0.00119008,0.126474,0.0925899,1,0.805328,1,0.5444,0.751881,1,0.557364,0.493192,0.344977,0.030149,0.0642345,0.382602,0.419987,0.388693,0.53533,0.414129,0.591505,0.580507,0.379901
period24,1,1,1,1,0.999998,0.999319,1,0.671765,1,0.877528,1,1,1,1,0.00175439,0.370175,1,1,0.836471,1,0.501785,1,0.12034,0.054386,0.282456,0.00124882,0.152638,0.0832286,1,0.406232,1,0.351852,0.483554,1,0.390507,0.289822,0.851848,0.388512,0.493165,0.37361,0.614398,0.530408,0.650833,0.231509,0.548077,0.0567314,0.0233984
period25,1,1,1,1,0.999998,0.998599,1,0.732051,1,0.903659,1,1,1,1,0.00169492,0.510169,1,1,0.898718,1,0.484227,1,0.117769,0.0694915,0.30678,0.00137227,0.229481,0.0779929,1,0.595814,1,0.112162,0.0273012,1,0.500444,0.679944,0.837749,0.136221,0.553271,0.574696,0.595869,0.204308,0.720102,0.902201,0.156633,0.413397,0.416628
period25,1,1,1,1,0.999998,0.998599,1,0.732051,1,0.903659,1,1,1,1,0.00169492,0.510169,1,1,0.898718,1,0.484227,1,0.117769,0.0694915,0.30678,0.00137227,0.229481,0.0779929,1,0.595814,1,0.112162,0.0273012,1,0.500444,0.679944,0.837749,0.136221,0.553271,0.574696,0.595869,0.204308,0.720102,0.902201,0.156633,0.413397,0.416628
