period5,0.538579,1,1,1,0.465405,0.0378106,0.00113132,0.000620172,0.023405,0.00283624,0.0411168,0.0101013,0.023405,0.00283624,0.00294409,0.00283624,1,0.0262862,0.000620172,0.00283624,0.000789798,0.000789798,0.000789798,0.00283624,0.00283624,0.000800529,0.000569317,0.000569317,0.858651,0.146637,0.258487,0.580229,0.477171,0.41231,0.508354,0.69406,0.844753,0.286326,0.365006,0.481511,0.614705,0.705181,0.353193,0.567002,0.566127,0.319494,0.36125
period6,0.538579,1,1,1,0.573514,0.0730317,0.0337605,0.00117585,0.0499377,0.00547604,0.086802,0.0492129,0.0499377,0.00547604,0.00609922,0.00547604,1,0.254897,0.00117585,0.00547604,0.00105244,0.00105244,0.00105244,0.00547604,0.00547604,0.00111444,0.000624602,0.000624602,0.939989,0.386928,0.595428,0.251582,0.291243,0.407387,0.616598,0.697405,0.558644,0.473628,0.628461,0.440371,0.474376,0.115966,0.82198,0.353876,0.474198,0.413544,0.265879
period7,0.853299,1,1,1,0.573514,0.0508269,0.0416747,0.0241227,0.0508269,0.00101315,0.162944,0.0948174,0.00966423,0.00101315,0.0019238,0.00146913,1,0.389276,0.000970103,0.00101315,0.000608415,0.000608415,0.000653782,0.00146913,0.00146913,0.000699018,0.000910315,0.000604132,0.249641,0.153769,0.12194,0.491202,0.480543,0.33952,0.399052,0.450925,0.847814,0.517841,0.459943,0.622747,0.556411,0.199613,0.299437,0.178311,0.551727,0.456298,0.212913
period8,0.924365,1,1,1,0.573514,0.0501511,0.0411276,0.0375222,0.273106,0.00597043,0.213706,0.140161,0.00556023,0.00597043,0.00151327,0.00106081,1,0.471287,0.000964314,0.00100487,0.000805679,0.00379089,0.000613157,0.00106081,0.00106081,0.000658173,0.000926161,0.000603556,0.759558,0.261772,0.582238,0.462498,0.613234,0.747092,0.632709,0.729646,0.562475,0.328342,0.324777,0.655577,0.575787,0.365051,0.602529,0.631236,0.318725,0.441539,0.455977
period9,0.939594,1,1,1,0.726842,0.049773,0.0457989,0.0376046,0.334739,0.148683,0.315228,0.201153,0.0055541,0.0157719,0.00151389,0.0010602,1,0.482136,0.00554543,0.001004,0.0201743,0.00878759,0.000613096,0.0010602,0.0010602,0.000658235,0.000927033,0.000784646,0.649729,0.634009,0.299505,0.61612,0.226634,0.225099,0.480417,0.517966,0.600738,0.39365,0.529694,0.497876,0.381159,0.23058,0.146595,0.627025,0.276123,0.674963,0.78805
period10,0.959898,1,1,1,0.901563,0.0644013,0.0455866,0.0374328,0.377739,0.309162,0.548731,0.272859,0.00471793,0.0258583,0.00143014,0.000977012,1,0.586631,0.00552219,0.00100707,0.202203,0.0138675,0.00060482,0.000977012,0.000977012,0.000649903,0.000925215,0.000783496,0.623183,0.571178,0.688304,0.445648,0.369013,0.423225,0.399168,0.358958,0.413199,0.531651,0.620398,0.444673,0.534939,0.424112,0.431,0.275515,0.326188,0.531942,0.859731
period11,0.970051,1,1,1,0.933161,0.17891,0.050701,0.037842,0.388959,0.35506,0.665482,0.535413,0.00386854,0.0359145,0.00135242,0.000892504,1,0.829063,0.0147961,0.00100787,0.287026,0.0278922,0.000596412,0.000892504,0.000892504,0.000642169,0.000929545,0.00087774,0.378442,0.364961,0.717504,0.129013,0.20246,0.316154,0.644503,0.604266,0.675463,0.577333,0.723622,0.169452,0.629706,0.631018,0.58339,0.255823,0.571382,0.253354,0.426381
period12,0.989947,1,1,1,0.947619,0.502392,0.109818,0.040963,0.403372,0.352707,0.730688,0.642377,0.00207628,0.0424213,0.0012351,0.00073563,1,0.888053,0.020996,0.00104985,0.333306,0.0339947,0.000602274,0.00073563,0.00073563,0.000651957,0.000984999,0.000949112,0.741079,0.511815,0.677726,0.53622,0.167278,0.337331,0.643107,0.0448264,0.672309,0.507042,0.421992,0.283456,0.363794,0.56188,0.356475,0.358858,0.511384,0.627532,0.228065
period13,0.995238,1,1,1,0.947619,0.567385,0.459127,0.0423213,0.509751,0.380766,0.767725,0.70042,0.00152145,0.0426654,0.00120199,0.000680441,1,0.913191,0.0371625,0.00105303,0.345796,0.0389277,0.000596785,0.000680441,0.000680441,0.000648664,0.00099934,0.000993563,0.326796,0.132298,0.713224,0.551001,0.903503,0.720924,0.480462,0.497799,0.32681,0.6113,0.651989,0.426736,0.479402,0.475831,0.452851,0.528978,0.451263,0.47912,0.0786928
period14,0.995238,1,1,1,0.947619,0.604062,0.521799,0.0423845,0.72457,0.392016,0.788889,0.73735,0.00152145,0.0584014,0.00120442,0.000680441,1,0.92367,0.125046,0.00106133,0.372433,0.0399499,0.000596785,0.000680441,0.000680441,0.000648905,0.00100001,0.00103046,0.520974,0.29993,0.484514,0.66068,0.815821,0.663606,0.092665,0.755252,0.335138,0.441167,0.416833,0.394662,0.338992,0.645048,0.189709,0.282214,0.620412,0.673603,0.433281
period15,0.999453,1,1,1,0.999387,0.702238,0.591248,0.0596847,0.833041,0.414663,0.818463,0.773496,0.000659166,0.0897182,0.00121048,0.00064357,1,1,0.328966,0.00109675,0.392454,0.0572107,0.00064202,0.00064357,0.00064357,0.000698383,0.00111947,0.04155,1,0.624096,0.172489,0.824129,0.419424,0.419638,0.526443,0.602563,0.576698,0.539701,0.656107,0.610118,0.527721,0.400996,0.44885,0.626508,0.683275,0.628297,0.335754
period16,1,1,1,1,0.999388,0.728581,0.662423,0.0802046,0.87047,0.417997,0.998823,1,0.0253085,0.166665,0.00238181,0.00111157,1,1,0.450919,0.0747136,0.407087,0.0845314,0.000716544,0.00111157,0.00111157,0.000842798,0.00117802,0.0853761,1,0.959714,0.951403,0.110154,0.438125,0.430966,0.613183,0.284635,0.660245,0.744436,0.802164,0.456639,0.385474,0.599744,0.438199,0.197746,0.538301,0.436165,0.494671
period17,1,1,1,1,0.999841,0.300974,0.2753,0.0416876,1,0.590972,0.99912,1,0.168312,0.36875,0.00772467,0.00122178,1,1,0.204365,0.24375,0.44789,0.226615,0.000742537,0.00122178,0.00122178,0.00138879,0.000906126,0.0386276,1,0.409529,0.292783,0.2691,0.5522,1,0.867429,0.458283,0.673373,0.4523,0.842931,0.736129,0.548644,0.460733,0.416765,0.702194,0.612394,0.694778,0.5656
period18,1,1,1,1,0.999991,0.999717,0.999629,0.153277,1,0.687313,0.99925,1,0.265985,0.523134,0.00178249,0.00799423,1,1,1,0.306716,0.429955,0.355024,0.00107917,0.00134461,0.00134461,0.000857308,0.00154798,0.206024,1,0.267024,0.158537,0.155721,0.684893,1,0.328494,0.689215,0.116158,0.598802,0.518572,0.222029,0.382415,0.399393,0.134378,0.427397,0.714946,0.843738,0.87706
period19,1,1,1,1,0.99999,0.99709,0.998216,0.212126,1,0.764567,0.999658,1,0.321896,0.654331,0.00187231,0.0157509,1,1,1,0.355118,0.469471,0.570064,0.00650442,0.00144447,0.00144447,0.000915791,0.0016074,0.198765,1,0.772107,0.808096,0.840242,0.499655,1,0.364172,0.130312,0.264666,0.540684,0.314649,0.76662,0.2713,0.177645,0.09161,0.46277,0.817979,0.287296,0.0840588
period20,1,1,1,1,0.999989,0.998204,0.998765,0.369023,1,0.804673,0.998608,1,0.402561,0.757944,0.00210142,0.0268522,1,1,1,0.393458,0.47326,0.667108,0.00823799,0.0100788,0.0100788,0.00106305,0.0120452,0.132895,1,0.0494151,0.288198,0.145357,0.288843,1,0.511893,0.328814,0.455754,0.331738,0.611394,0.83256,0.295271,0.367767,0.287308,0.632777,0.509016,0.609297,0.395023
period21,1,1,1,1,0.999987,0.995867,0.997611,0.511012,1,0.839394,0.999519,1,0.496256,0.79899,0.0024002,0.0478015,1,1,1,0.415152,0.471329,0.730795,0.00969714,0.0110418,0.0386116,0.00117236,0.0453792,0.122973,1,0.47362,1,0.468217,0.300705,1,0.339695,0.171487,0.461132,0.16871,0.17777,0.484189,0.0996482,0.524621,0.468202,0.80394,0.157942,0.665833,0.536579
period22,1,1,1,1,0.999978,0.981452,0.990168,0.628268,1,0.831,0.998667,1,0.534276,0.791,0.0025553,0.114367,1,1,1,0.411,0.456829,0.753243,0.019427,0.0206343,0.0675006,0.00120548,0.0776831,0.122973,1,0.515173,1,0.651536,0.220454,1,0.453291,0.496186,0.625283,0.228059,0.384952,0.703792,0.526218,0.607092,0.353683,0.477526,0.374214,0.445221,0.300433
period23,1,1,1,1,0.999987,0.996981,0.998135,0.678058,1,0.864211,0.998721,1,0.546459,0.843158,0.00247186,0.190778,1,1,1,0.432632,0.470388,0.792978,0.0305821,0.0318083,0.131164,0.00125479,0.126246,0.110959,1,0.804712,1,0.544395,0.751874,1,0.557359,0.492751,0.344729,0.030149,0.0642345,0.382581,0.419987,0.388535,0.534943,0.414131,0.591506,0.580506,0.3799
period24,1,1,1,1,0.999987,0.998514,0.999053,0.671139,1,0.877528,0.997911,1,0.603219,0.9,0.00248545,0.224369,1,1,1,0.42809,0.501785,0.824103,0.0734874,0.033879,0.171455,0.00132114,0.152498,0.0986111,1,0.406363,1,0.351849,0.48355,1,0.390503,0.290144,0.851312,0.388512,0.493165,0.373632,0.614381,0.529569,0.649776,0.231507,0.548077,0.0567311,0.0233982
period25,1,1,1,1,0.999984,0.997068,0.998252,0.730801,1,0.903659,0.997963,1,0.69999,0.915854,0.00281273,0.358314,1,1,1,0.464634,0.484227,0.881958,0.0832761,0.0498434,0.215943,0.0014827,0.229096,0.0859155,1,0.595282,1,0.112162,0.0273022,1,0.500438,0.679832,0.836369,0.136221,0.553271,0.574816,0.595887,0.20437,0.719144,0.9022,0.156633,0.413397,0.416628
period25,1,1,1,1,0.999984,0.997068,0.998252,0.730801,1,0.903659,0.997963,1,0.69999,1,0.00281273,0.358314,1,1,1,0.464634,0.484227,1,0.0832761,0.0498434,0.215943,0.0014827,0.229096,0.0859155,1,0.595282,1,0.112162,0.0273022,1,0.500438,0.679832,0.836369,0.136221,0.553271,0.574816,0.595887,0.20437,0.719144,0.9022,0.156633,0.413397,0.416628
