period11,1,0.93587,1,0.00956522,0.00134706,0.792174,0.990217,0.374678,0.0477944,0.162313,0.00173712,0.00173712,0.00104177,0.00104177,0.000972836,0.000972836,0.000966003,1,0.969808,0.959045,0.010658,0.00258951,0.0102607,0.00104177,0.00114486,0.000972836,0.00104177,0.00107431,0.000966003,0.000966003,0.00106005,0.36271,0.186707,0.714483,0.707996,0.463491,0.476124,0.499837,0.572523,0.623047,0.936858,0.597608,0.0843886,0.604646,0.680884,0.917908,0.360056,0.569964,0.428325,0.461032,0.283103,0.826693,0.189369,0.810004,0.393935,0.467739,0.312555,0.4532,0.37432
period12,1,0.956667,1,0.080531,0.0177956,0.788496,0.99,0.451319,0.126685,0.281577,0.00175995,0.00175995,0.00105939,0.00105939,0.000989958,0.000989958,0.000983075,1,0.980142,0.969142,0.0468918,0.0088661,0.0369532,0.00105939,0.00116421,0.000989958,0.00105939,0.00109314,0.000983075,0.000983075,0.00107877,0.0591303,0.692012,0.387069,0.210662,0.508123,0.48656,0.314754,0.684811,0.219543,0.306692,0.94958,0.392259,0.657781,0.161483,0.655055,0.0726833,0.220044,0.306026,0.0921962,0.434799,0.15092,0.496672,0.529692,0.661898,0.623013,0.367245,0.783121,0.15648
period13,1,0.966667,1,0.137273,0.0961411,0.782727,0.989655,0.481467,0.165673,0.335128,0.00180477,0.00180477,0.00108793,0.00108793,0.00101689,0.00101689,0.00100986,1,0.97946,0.968085,0.103654,0.017586,0.110494,0.00108793,0.00119554,0.00101689,0.00108793,0.00112283,0.00100986,0.00100986,0.00110814,0.641491,0.157566,0.833675,0.166142,0.630719,0.219588,0.589567,0.0251477,0.349224,0.954668,0.825651,0.211562,0.14359,0.510049,0.495021,0.658255,0.515687,0.422602,0.734483,0.445083,0.157599,0.559247,0.399291,0.526907,0.523369,0.704836,0.636388,0.583189
period14,1,1,1,0.186598,0.129684,0.753608,0.999995,0.545036,0.208967,0.400333,0.0020372,0.0020372,0.00123255,0.00123255,0.00115291,0.00115291,0.00114503,1,1,0.987833,0.180222,0.0515505,0.166282,0.00123255,0.00135428,0.00115291,0.00123255,0.00127277,0.00114503,0.00114503,0.00125633,0.140292,0.554451,0.46795,1,0.441612,0.535411,0.270463,0.607303,0.649092,0.433975,0.541568,0.883346,0.670223,0.67661,0.470421,0.251229,0.279473,0.558903,0.40447,0.802491,0.572828,0.334096,0.690384,0.106367,0.699249,0.147982,0.562633,0.498973
period15,1,1,1,0.212941,0.192822,0.730588,0.999996,0.573143,0.23684,0.444115,0.00231736,0.00231736,0.00140548,0.00140548,0.00131537,0.00131537,0.00130646,1,1,0.98571,0.205305,0.104493,0.224384,0.00140548,0.00154405,0.00131537,0.00140548,0.00145183,0.00130646,0.00130646,0.00143325,0.812707,0.397489,0.490954,1,0.385993,0.491426,0.545984,0.501816,0.205212,0.15463,0.228655,0.429988,0.55927,0.0288478,0.638784,0.40527,0.817196,0.54759,0.634414,0.507056,0.212039,0.530175,0.250388,0.92666,0.35871,0.590313,0.71829,0.558462
period16,1,1,1,0.264474,0.229265,0.711842,0.999967,0.586641,0.301897,0.442567,0.00258588,0.00258588,0.00157097,0.00157097,0.00147082,0.00147082,0.00146094,1,1,0.983604,0.242575,0.153169,0.301981,0.00157097,0.0017256,0.00147082,0.00157097,0.00162313,0.00146094,0.00146094,0.00160251,0.602384,0.776426,0.47713,1,0.603823,0.219059,0.0788157,0.541282,0.27218,0.258392,0.640028,0.273755,0.359842,0.455669,0.919854,0.468883,0.292604,0.331697,0.336293,0.637766,0.880665,0.539962,0.707271,0.445415,0.682798,0.228948,0.707336,0.324881
period17,1,1,1,0.355385,0.284362,0.678462,1,0.606585,0.380431,0.469616,0.00301244,0.00301244,0.00183507,0.00183507,0.00171915,0.00171915,0.00170773,1,1,1,0.282975,0.182518,0.351455,0.00183507,0.00201521,0.00171915,0.00183507,0.00189663,0.00170773,0.00170773,0.00187283,0.310476,0.426744,0.456262,1,0.369411,0.143059,0.898773,0.301984,0.757608,0.29691,0.441727,0.262788,0.39261,0.246653,0.76235,0.833561,0.699331,0.579681,0.452312,0.567269,0.118059,0.0687732,0.384255,0.475718,0.656683,0.342856,0.27457,0.298505
period18,1,1,1,0.438182,0.389165,0.692727,0.999999,0.618657,0.476559,0.49484,0.00355296,0.00355296,0.00216702,0.00216702,0.00203094,0.00203094,0.00201758,1,1,1,0.349273,0.248042,0.410047,0.00216702,0.00237902,0.00203094,0.00216702,0.00223989,0.00201758,0.00201758,0.00221204,0.356655,0.551677,0.187189,1,0.49003,0.478763,0.618985,0.37117,0.795462,0.280956,0.785045,0.334491,0.135204,0.402032,0.10087,0.746641,0.556561,0.212493,0.640839,0.502591,0.641145,0.506743,0.530873,0.420575,0.173602,0.0858375,0.458955,0.4793
period19,1,1,1,0.492157,0.458145,0.941945,0.999999,0.993006,0.681314,0.995583,0.0341696,0.00313811,0.00226844,0.00226844,0.00218318,0.00218318,0.00217482,1,1,1,0.654799,0.515265,1,0.00364014,0.00385873,0.00218318,0.00226844,0.00240212,0.00217482,0.00217482,0.0023847,0.252121,0.478861,0.436276,1,0.392892,0.537058,0.182954,0.528836,0.128912,0.0489102,0.510129,0.670574,0.779811,0.0467171,0.121865,0.26967,0.521323,0.0743787,0.318338,0.647395,0.605579,0.588944,0.457866,0.403967,0.318787,0.532043,0.212724,0.523329
period20,1,1,1,0.55,0.531743,0.952409,0.999997,0.992268,0.714455,0.994973,0.140341,0.0719091,0.0047172,0.0047172,0.00284144,0.00284144,0.00265833,1,1,1,0.653583,0.564911,1,0.00506909,0.00551686,0.00284144,0.0047172,0.00329356,0.00265833,0.00265833,0.00289663,0.784185,0.202815,0.415472,1,0.414146,0.367444,0.432496,0.609441,0.164189,0.315754,0.464842,0.427418,0.436364,0.903673,0.732474,0.796217,0.298498,0.427451,0.766018,0.767118,0.54676,0.644081,0.348774,0.283977,0.792986,0.335643,0.495052,0.38997
period21,1,1,1,0.5775,0.558329,0.95434,0.999999,0.992072,0.739407,0.994922,0.216191,0.216191,0.0362782,0.0362782,0.00428499,0.00428499,0.00291779,1,1,1,0.676796,0.585819,1,0.00539376,0.00892641,0.00428499,0.00539376,0.0088456,0.00291779,0.00291779,0.00306418,0.436252,0.476991,0.618554,1,0.512885,0.101535,0.314356,0.60768,0.499164,0.556681,0.172739,0.362275,0.263953,0.477798,0.0718096,0.751786,0.533474,0.404081,0.437751,0.41332,0.220253,0.659856,0.325449,0.586805,0.229788,0.546049,0.524209,0.433287
period22,1,1,1,0.602857,0.581032,0.959102,0.999998,0.999895,0.782437,0.99826,0.363963,0.283971,0.183589,0.0416033,0.00489898,0.0257006,0.00415062,1,1,1,1,0.853686,1,0.00608593,0.02073,0.0363793,0.00610689,0.00875473,0.00333304,0.00415062,0.00365649,0.399091,0.589139,0.39535,1,0.464979,0.365422,0.658527,0.45171,0.519925,0.727052,0.466087,0.697369,0.475271,0.443334,0.565719,0.46724,0.491206,0.317263,0.754902,0.414857,0.639916,0.58972,0.358796,0.294737,0.57547,0.410017,0.453743,0.467806
period23,1,1,1,0.628125,0.604304,0.95975,0.999996,0.999884,0.807813,0.998307,0.439081,0.439081,0.285956,0.24604,0.0064147,0.147009,0.00598658,1,1,1,1,0.903637,1,0.0464577,0.0272665,0.256642,0.00654128,0.0200718,0.00374642,0.0353884,0.00542965,0.574232,0.455368,0.479998,1,0.0582439,0.346083,0.77476,0.347796,0.452104,0.601127,0.323376,0.0847946,0.17388,0.351836,0.412091,0.629788,0.27871,0.482124,0.404895,0.557958,0.256087,0.357162,0.322209,0.469001,0.397307,0.390417,0.563878,0.537203
period24,1,1,1,0.722162,0.691042,0.958357,0.999975,0.999847,0.871458,0.998704,0.504925,0.504925,0.420622,0.420622,0.00742499,0.301861,0.00726396,1,1,1,1,0.898963,1,0.0993069,0.0392581,0.301861,0.00750243,0.0212666,0.0044187,0.158194,0.00748818,1,0.629472,0.485329,1,0.767048,0.11452,0.425707,0.542274,0.54278,0.251186,0.495236,0.191134,0.343192,0.397769,0.205357,0.490752,0.294239,0.668271,0.589572,0.380788,0.429557,0.349387,0.31771,0.184059,0.374262,0.59388,0.161091,0.440973
period25,1,1,1,0.798426,0.763126,0.963402,0.999984,0.999823,0.875526,0.998541,0.654887,0.654887,0.568664,0.475109,0.00759974,0.353133,0.00751741,1,1,1,1,0.951387,1,0.287998,0.0377506,0.357402,0.0541101,0.0925819,0.0045769,0.282177,0.00799486,1,0.496684,0.772164,1,0.110176,0.22728,0.659764,0.483871,0.50642,0.420434,0.176654,0.136546,0.297808,0.322297,0.292052,0.621265,0.0893454,0.462775,0.362302,0.31164,0.291283,0.479525,0.470389,0.384389,0.397793,0.446694,0.424869,0.446844
