period11,1,0.93587,1,0.00956522,0.00134706,0.792174,0.990217,0.374678,0.0477944,0.162313,0.00173712,0.00173712,0.00104177,0.00104177,0.000972836,0.000972836,0.000966003,1,0.969808,0.959045,0.010658,0.00258951,0.0102607,0.00104177,0.00114486,0.000972836,0.00104177,0.00107431,0.000966003,0.000966003,0.00106005,0.36271,0.186707,0.714483,0.707996,0.463491,0.476124,0.499837,0.572523,0.623047,0.936858,0.597608,0.0843886,0.604646,0.680884,0.917908,0.360056,0.569964,0.428325,0.461032,0.283103,0.826693,0.189369,0.810004,0.393935,0.467739,0.312555,0.4532,0.37432
period12,1,0.956667,1,0.080531,0.0177956,0.788496,0.99,0.451319,0.126685,0.281577,0.00175995,0.00175995,0.00105939,0.00105939,0.000989958,0.000989958,0.000983075,1,0.980142,0.969142,0.0468918,0.0088661,0.0369532,0.00105939,0.00116421,0.000989958,0.00105939,0.00109314,0.000983075,0.000983075,0.00107877,0.0591303,0.692012,0.387069,0.210662,0.508123,0.48656,0.314754,0.684811,0.219543,0.306692,0.94958,0.392259,0.657781,0.161483,0.655055,0.0726833,0.220044,0.306026,0.0921962,0.434799,0.15092,0.496672,0.529692,0.661898,0.623013,0.367245,0.783121,0.15648
period13,1,1,1,0.137273,0.0961411,0.782727,0.989655,0.481467,0.165673,0.335128,0.00180477,0.00180477,0.00108793,0.00108793,0.00101689,0.00101689,0.00100986,1,0.97946,0.968085,0.103654,0.017586,0.110494,0.00108793,0.00119554,0.00101689,0.00108793,0.00112283,0.00100986,0.00100986,0.00110814,0.641491,0.157566,0.833675,0.166142,0.630719,0.219588,0.589567,0.0251477,0.349224,0.954668,0.825651,0.211562,0.14359,0.510049,0.495021,0.658255,0.515687,0.422602,0.734483,0.445083,0.157599,0.559247,0.399291,0.526907,0.523369,0.704836,0.636388,0.583189
period14,1,1,1,0.186598,0.129684,0.753608,0.999995,0.545036,0.208967,0.400333,0.0020372,0.0020372,0.00123255,0.00123255,0.00115291,0.00115291,0.00114503,1,1,0.987833,0.180222,0.0515505,0.166282,0.00123255,0.00135428,0.00115291,0.00123255,0.00127277,0.00114503,0.00114503,0.00125633,0.140292,0.554451,0.46795,1,0.441612,0.535411,0.270463,0.607303,0.649092,0.433975,0.541568,0.883346,0.670223,0.67661,0.470421,0.251229,0.279473,0.558903,0.40447,0.802491,0.572828,0.334096,0.690384,0.106367,0.699249,0.147982,0.562633,0.498973
period15,1,1,1,0.212941,0.192822,0.730588,0.999996,0.573143,0.23684,0.444115,0.00231736,0.00231736,0.00140548,0.00140548,0.00131537,0.00131537,0.00130646,1,1,0.98571,0.205305,0.104493,0.224384,0.00140548,0.00154405,0.00131537,0.00140548,0.00145183,0.00130646,0.00130646,0.00143325,0.812707,0.397489,0.490954,1,0.385993,0.491426,0.545984,0.501816,0.205212,0.15463,0.228655,0.429988,0.55927,0.0288478,0.638784,0.40527,0.817196,0.54759,0.634414,0.507056,0.212039,0.530175,0.250388,0.92666,0.35871,0.590313,0.71829,0.558462
period16,1,1,1,0.264474,0.229265,0.711842,1,0.586641,0.301904,0.442567,0.00258588,0.00258588,0.00157097,0.00157097,0.00147082,0.00147082,0.00146094,1,1,1,0.242575,0.153169,0.301981,0.00157097,0.0017256,0.00147082,0.00157097,0.00162313,0.00146094,0.00146094,0.00160251,0.602384,0.776426,0.477139,1,0.603823,0.219059,0.0788157,0.541282,0.27218,0.258392,0.640028,0.273755,0.359842,0.455669,0.919854,0.468883,0.292604,0.331697,0.336293,0.637766,0.880665,0.539962,0.707271,0.445415,0.682798,0.228948,0.707336,0.324881
period17,1,1,1,0.355385,0.284362,0.678462,1,0.606585,0.380431,0.469616,0.00301244,0.00301244,0.00183507,0.00183507,0.00171915,0.00171915,0.00170773,1,1,1,0.282975,0.182518,0.351455,0.00183507,0.00201521,0.00171915,0.00183507,0.00189663,0.00170773,0.00170773,0.00187283,0.310476,0.426744,0.456262,1,0.369411,0.143059,0.898773,0.301984,0.757608,0.29691,0.441727,0.262788,0.39261,0.246653,0.76235,0.833561,0.699331,0.579681,0.452312,0.567269,0.118059,0.0687732,0.384255,0.475718,0.656683,0.342856,0.27457,0.298505
period18,1,1,1,0.438182,0.389165,0.692727,0.999999,0.618657,0.476559,0.49484,0.00355296,0.00355296,0.00216702,0.00216702,0.00203094,0.00203094,0.00201758,1,1,1,0.349273,0.248042,0.410047,0.00216702,0.00237902,0.00203094,0.00216702,0.00223989,0.00201758,0.00201758,0.00221204,0.356655,0.551677,0.187189,1,0.49003,0.478763,0.618985,0.37117,0.795462,0.280956,0.785045,0.334491,0.135204,0.402032,0.10087,0.746641,0.556561,0.212493,0.640839,0.502591,0.641145,0.506743,0.530873,0.420575,0.173602,0.0858375,0.458955,0.4793
period19,1,1,1,0.492157,0.458145,0.943819,0.999999,0.995514,0.682471,0.780879,0.0342432,0.00313341,0.00226798,0.00226798,0.00218314,0.00218314,0.00217482,1,1,1,1,0.628868,0.694624,0.00364367,0.00386221,0.00218314,0.00226798,0.00240204,0.00217482,0.00217482,0.0023847,0.252121,0.478861,0.436276,1,0.404201,0.522145,0.182951,0.528808,0.128913,0.0489186,0.510129,0.670574,0.779811,0.0467171,0.121865,0.26967,0.521323,0.0743787,0.318338,0.647395,0.60558,0.588945,0.457875,0.403965,0.318787,0.532043,0.212724,0.523329
period20,1,1,1,0.995546,1,0.954364,0.999997,0.994875,0.715717,0.792506,0.140691,0.0720793,0.00472244,0.00472244,0.00284195,0.00284195,0.00265838,1,1,1,1,0.698342,0.697837,0.00507516,0.00552342,0.00284195,0.00472244,0.00329457,0.00265838,0.00265838,0.00289664,0.732602,0.158915,0.415472,1,0.444133,0.361153,0.432375,0.609318,0.164204,0.31581,0.46484,0.427417,0.436362,0.903669,0.732474,0.796217,0.289368,0.426414,0.739201,0.751176,0.546783,0.644087,0.348812,0.283963,0.79298,0.335643,0.495066,0.389973
period21,1,1,1,0.995549,1,0.956372,0.999999,0.994827,0.740768,0.785243,0.21677,0.21677,0.0363675,0.0363675,0.00428923,0.00428923,0.0029182,1,1,1,1,0.692858,0.721568,0.00540033,0.00894163,0.00428923,0.00540033,0.00886089,0.0029182,0.0029182,0.00306426,0.673018,0.314137,0.618554,1,0.455113,0.220209,0.314259,0.607541,0.498999,0.556612,0.172738,0.362274,0.263945,0.47777,0.0718097,0.751783,0.530835,0.404321,0.473142,0.426887,0.220272,0.659855,0.325373,0.586816,0.229816,0.546032,0.524171,0.4333
period22,1,1,1,0.995118,1,0.955051,0.999998,0.994757,0.779554,0.799832,0.362139,0.282559,0.182693,0.0414141,0.00489008,0.0255971,0.00414575,1,1,1,1,0.703873,0.766888,0.0060747,0.0206486,0.0362181,0.00609427,0.00872977,0.00333218,0.00414575,0.00365557,0.348804,0.448327,0.39535,1,0.443195,0.314669,0.659306,0.452338,0.52078,0.727266,0.466257,0.697374,0.475341,0.443393,0.56576,0.467273,0.48514,0.320316,0.751011,0.413665,0.640337,0.590045,0.358955,0.294797,0.575838,0.410121,0.453836,0.467855
period23,1,1,1,0.994863,1,0.955724,0.999996,0.994682,0.804843,0.826072,0.436848,0.436848,0.284526,0.244812,0.00640188,0.146295,0.00597484,1,1,1,1,0.764988,0.790237,0.0462446,0.0271547,0.255378,0.00653113,0.0199934,0.00374518,0.0352337,0.00542143,1,0.472564,0.479998,1,0.087527,0.368309,0.775104,0.347145,0.451244,0.60125,0.323575,0.0847944,0.173754,0.351461,0.412172,0.630216,0.280813,0.482027,0.507973,0.559631,0.25591,0.357168,0.32239,0.469034,0.397601,0.390434,0.564336,0.537084
period24,1,1,1,1,1,1,1,1,1,1,0.505,0.505,0.420684,0.420684,0.00742526,0.301904,0.00726428,1,1,1,1,0.9,0.952632,0.0993209,0.0392629,0.301904,0.00750267,0.0212688,0.00441873,0.158216,0.00748856,1,0.735233,0.485333,1,0.767574,0.114415,0.425697,0.542258,0.542798,0.251184,0.495202,0.191134,0.343185,0.397783,0.205383,0.490738,0.311779,0.664085,0.589576,0.380788,0.42954,0.349389,0.317708,0.184058,0.374248,0.593885,0.161081,0.440973
period25,1,1,1,1,1,1,1,1,1,1,0.655,0.655,0.568761,0.47519,0.00759997,0.353192,0.00751774,1,1,1,1,0.952632,0.952632,0.288047,0.0377555,0.357462,0.0541181,0.0925965,0.00457692,0.282223,0.00799522,1,0.496713,0.77217,1,0.109697,0.22712,0.659772,0.483827,0.506407,0.420446,0.176631,0.136546,0.29785,0.322322,0.29205,0.621262,0.0893422,0.462776,0.362276,0.311631,0.291285,0.479526,0.470381,0.384388,0.397796,0.446695,0.42486,0.446847
