period11,1,1,1,1,0.933161,0.181518,0.0514311,0.0383793,0.398052,0.363342,0.665482,0.535413,0.00107255,0.0367346,0.00108124,0.000614325,0.446114,0.851744,0.0150015,0.00101195,0.293702,0.0285171,0.000568735,0.000614325,0.000614325,0.000615189,0.00093523,0.000882768,0.378442,0.364961,0.717504,0.129013,0.20246,0.316093,0.644503,0.603856,0.675226,0.577333,0.723622,0.169452,0.629706,0.631018,0.58339,0.255823,0.571382,0.253354,0.426381
period12,1,1,1,1,0.947619,0.506505,0.110709,0.0412902,0.406479,0.355417,0.730688,0.642377,0.00110847,0.0427412,0.0011425,0.000639361,0.455556,0.896082,0.0211614,0.00105106,0.335861,0.0342469,0.000592698,0.000639361,0.000639361,0.000642746,0.000988454,0.00095233,0.741079,0.511815,0.677726,0.53622,0.167278,0.339009,0.643107,0.0450219,0.672235,0.507042,0.421992,0.283456,0.363794,0.56188,0.356475,0.358858,0.511384,0.627532,0.228065
period13,1,1,1,1,0.947619,0.569622,0.460932,0.0424837,0.511712,0.382226,0.767725,0.70042,0.00105026,0.0428253,0.00115558,0.000633571,0.455556,0.917082,0.0373047,0.0010529,0.347118,0.0390716,0.000592122,0.000633571,0.000633571,0.000644047,0.00100106,0.000995262,0.326796,0.132298,0.713224,0.551001,0.903503,0.722074,0.480462,0.499205,0.327475,0.6113,0.651989,0.426736,0.479402,0.475831,0.452851,0.528978,0.451263,0.47912,0.0786928
period14,1,1,1,1,0.947619,0.606474,0.523877,0.0425488,0.727558,0.393625,0.788889,0.73735,0.00105026,0.0586342,0.00115755,0.000633571,0.455556,0.927611,0.125539,0.00105762,0.373958,0.0401069,0.000592122,0.000633571,0.000633571,0.000644243,0.00100174,0.00103213,0.520974,0.29993,0.484514,0.66068,0.815821,0.665065,0.092665,0.754716,0.33518,0.441167,0.416833,0.394662,0.338992,0.645048,0.189709,0.282214,0.620412,0.673603,0.433281
period15,1,1,1,1,0.998272,0.991413,0.989863,1,0.832516,0.414404,0.815607,0.770808,0.000623009,0.0896635,0.00105563,0.000639975,0.474566,0.987011,0.549829,0.00109796,0.392209,0.0571763,0.000641662,0.000639975,0.000639975,0.000682987,0.00909091,0.0688722,0.492702,0.62367,0.173658,0.823464,0.419277,0.423364,0.52602,0.544436,0.63415,0.539583,0.656031,0.609995,0.527705,0.466614,0.456535,0.626539,0.683277,0.62815,0.335756
period16,1,1,1,1,0.999096,0.999055,1,1,0.870223,0.41788,1,1,0.0253084,0.166618,0.00143445,0.00111157,1,0.9874,0.679817,0.0746935,0.406973,0.0845082,0.000716544,0.00111157,0.00111157,0.000748636,0.00714286,0.128157,0.224247,0.960287,0.951968,0.11022,0.438065,0.243613,0.613022,0.194399,0.737615,0.744818,0.802343,0.456732,0.385469,0.856757,0.541409,0.197744,0.538302,0.43619,0.494674
period17,1,1,1,1,0.999223,0.999062,1,1,0.888207,0.525527,1,1,0.16827,0.328148,0.00161338,0.00122166,1,0.975096,0.737273,0.217122,0.398436,0.201764,0.000742525,0.00122166,0.00122166,0.000781454,0.00588235,0.136094,0.517279,0.409405,0.292999,0.268996,0.55192,0.0710855,0.866955,0.673043,0.617709,0.452291,0.84293,0.736155,0.548648,0.600011,0.397085,0.702324,0.612446,0.694786,0.565601
period18,1,1,1,1,0.999165,0.999014,1,1,0.904769,0.62254,1,1,0.265848,0.473996,0.00177741,0.00799058,1,0.979537,0.781905,0.278188,0.389607,0.321799,0.00107899,0.00134439,0.00134439,0.000856804,0.00588235,0.161427,0.391775,0.266922,0.158182,0.155675,0.68441,0.686809,0.328305,0.68941,0.115928,0.598774,0.518567,0.222035,0.382415,0.648108,0.158837,0.427397,0.714946,0.843769,0.877079
period19,1,1,1,1,0.999161,0.998996,1,1,0.91975,0.70394,1,1,0.321712,0.60255,0.00184311,0.0157426,1,0.985388,0.770192,0.327349,0.432442,0.525098,0.00650135,0.00144426,0.00144426,0.000912893,0.00434783,0.153491,0.181742,0.772185,0.808185,0.839629,0.499324,0.277487,0.363953,0.129386,0.265123,0.540689,0.314648,0.766653,0.271291,0.54518,0.246577,0.462801,0.817981,0.28718,0.0840641
period20,1,1,1,1,0.999038,0.998887,1,1,0.906062,0.729937,1,1,0.402273,0.687598,0.00207575,0.026834,1,0.982911,0.790526,0.357351,0.429604,0.605451,0.00823301,0.0100727,0.0100727,0.0010605,0.0305556,0.105556,0.290419,0.0489468,0.288519,0.145314,0.288664,0.446816,0.511501,0.328592,0.455975,0.331791,0.611386,0.832891,0.295288,0.126905,0.21967,0.632848,0.509025,0.609304,0.395022
period21,1,1,1,1,0.998961,0.998811,1,1,0.915974,0.769797,1,1,0.49585,0.732788,0.00228081,0.0477639,1,0.981327,0.812222,0.381202,0.432595,0.670539,0.00969028,0.0110343,0.0385815,0.00116053,0.087234,0.100434,0.499071,0.473706,0.492859,0.467839,0.300499,0.223527,0.339449,0.170779,0.460595,0.267271,0.218949,0.484158,0.0996527,0.554628,0.46789,0.80403,0.157925,0.665644,0.53656
period22,1,1,1,1,0.999888,0.998869,1,1,1,0.831,1,1,0.534237,0.791,0.00228475,0.114359,1,0.991328,0.812222,0.411,0.456829,0.753243,0.0194256,0.0206329,0.0674958,0.00117868,0.122414,0.100468,1,0.515297,0.354779,0.651486,0.220443,0.0941253,0.453259,0.498034,0.627304,0.199244,0.388319,0.703826,0.526225,0.607728,0.353977,0.477527,0.374214,0.44522,0.300433
period23,1,1,1,1,0.999883,0.99883,1,1,1,0.864211,1,1,0.546412,0.843158,0.00236799,0.190762,1,0.990805,0.828736,0.432632,0.470388,0.792978,0.0305797,0.0318058,0.131153,0.00124451,0.185,0.0925899,1,0.805328,0.390918,0.544349,0.751806,0.39031,0.557311,0.493192,0.344977,0.496384,0.133763,0.382602,0.419987,0.388693,0.53533,0.414153,0.591507,0.580494,0.379895
period24,1,1,1,1,0.999987,0.998812,1,1,1,0.877528,1,1,0.603219,0.9,0.00242649,0.224369,1,1,1,0.42809,0.501785,0.824103,0.0734874,0.0338791,0.171455,0.00131531,0.225862,0.0986111,1,0.406232,0.179122,0.351849,0.48355,0.878825,0.390504,0.289822,0.851848,0.440585,0.516994,0.37361,0.614398,0.530408,0.650833,0.231507,0.548077,0.0567311,0.0233982
period25,1,1,1,1,0.999986,0.99871,1,1,1,0.903659,1,1,0.699992,0.915854,0.00268647,0.358314,1,1,1,0.464634,0.484227,0.881958,0.0832763,0.0498435,0.215943,0.00147023,0.312069,0.0859155,1,0.595814,0.563159,0.112162,0.027302,0.463317,0.500439,0.679944,0.837749,0.0851054,0.579665,0.574696,0.595869,0.204308,0.720102,0.9022,0.156633,0.413397,0.416628
