period10,0.959898,1,1,1,0.901563,0.0644013,0.0455866,0.0374328,0.377739,0.309162,0.548731,0.272859,0.00471793,0.0258583,0.00143014,0.000977012,0.448437,0.586631,0.00552219,0.00100707,0.202203,0.0138675,0.00060482,0.000977012,0.000977012,0.000649903,0.000925215,0.000783496,0.623183,0.571178,0.688304,0.445648,0.369013,0.423225,0.399168,0.358958,0.413199,0.531651,0.620398,0.444673,0.534939,0.424112,0.431,0.275515,0.326188,0.531942,0.859731
period11,0.970051,1,1,1,0.933161,0.17891,0.050701,0.037842,0.388959,0.35506,0.665482,0.535413,0.00386854,0.0359145,0.00135242,0.000892504,0.446114,0.829063,0.0147961,0.00100787,0.287026,0.0278922,0.000596412,0.000892504,0.000892504,0.000642169,0.000929545,0.00087774,0.378442,0.364961,0.717504,0.129013,0.20246,0.316154,0.644503,0.604266,0.675463,0.577333,0.723622,0.169452,0.629706,0.631018,0.58339,0.255823,0.571382,0.253354,0.426381
period12,0.989947,1,1,1,0.947619,0.502392,0.109818,0.040963,0.403372,0.352707,0.730688,0.642377,0.00207628,0.0424213,0.0012351,0.00073563,0.455556,0.888053,0.020996,0.00104985,0.333306,0.0339947,0.000602274,0.00073563,0.00073563,0.000651957,0.000984999,0.000949112,0.741079,0.511815,0.677726,0.53622,0.167278,0.337331,0.643107,0.0448264,0.672309,0.507042,0.421992,0.283456,0.363794,0.56188,0.356475,0.358858,0.511384,0.627532,0.228065
period13,0.995238,1,1,1,0.947619,0.567385,0.459127,0.0423213,0.509751,0.380766,0.767725,0.70042,0.00152145,0.0426654,0.00120199,0.000680441,0.455556,0.913191,0.0371625,0.00105303,0.345796,0.0389277,0.000596785,0.000680441,0.000680441,0.000648664,0.00099934,0.000993563,0.326796,0.132298,0.713224,0.551001,0.903503,0.720924,0.480462,0.497799,0.32681,0.6113,0.651989,0.426736,0.479402,0.475831,0.452851,0.528978,0.451263,0.47912,0.0786928
period14,0.995238,1,1,1,0.947619,0.604062,0.521799,0.0423845,0.72457,0.392016,0.788889,0.73735,0.00152145,0.0584014,0.00120442,0.000680441,0.455556,0.92367,0.125046,0.00106133,0.372433,0.0399499,0.000596785,0.000680441,0.000680441,0.000648905,0.00100001,0.00103046,0.520974,0.29993,0.484514,0.66068,0.815821,0.663606,0.092665,0.755252,0.335138,0.441167,0.416833,0.394662,0.338992,0.645048,0.189709,0.282214,0.620412,0.673603,0.433281
period15,0.994798,1,1,1,0.965896,0.676555,0.56969,0.0575585,0.802384,0.399514,0.815607,0.770808,0.00165762,0.0865279,0.00131716,0.000742839,0.474566,0.95109,0.317021,0.0011679,0.378152,0.0551989,0.000651889,0.000742839,0.000742839,0.000708989,0.00110144,0.0400724,0.492702,0.62367,0.173658,0.804128,0.415033,0.419307,0.51372,0.605707,0.573591,0.539583,0.656031,0.609995,0.527705,0.466614,0.456535,0.627416,0.683353,0.623861,0.33579
period16,0.994545,1,1,1,0.976364,0.709032,0.644706,0.0781063,0.846895,0.40679,0.867273,0.802228,0.0257088,0.162264,0.00246788,0.00111933,0.485455,0.960782,0.438905,0.072803,0.3962,0.0823184,0.000717315,0.00111933,0.00111933,0.000851353,0.00116441,0.0831307,0.241066,0.89564,0.888211,0.115375,0.433338,0.444507,0.600545,0.289371,0.656184,0.701778,0.782124,0.446246,0.385936,0.807459,0.525311,0.197596,0.538372,0.438181,0.494907
period17,0.99441,1,1,1,0.99441,0.732619,0.666709,0.098223,0.880025,0.520737,0.895031,0.83454,0.167561,0.325176,0.00439091,0.00121966,0.491304,0.966012,0.492188,0.215173,0.394816,0.199946,0.000742326,0.00121966,0.00121966,0.00105748,0.0011997,0.0912693,0.527561,0.424173,0.267249,0.268182,0.549743,0.176604,0.863261,0.574274,0.643309,0.453338,0.842962,0.733118,0.548132,0.56667,0.38037,0.703335,0.612852,0.69485,0.565607
period18,0.999369,1,1,1,0.999369,0.754957,0.702386,0.108391,0.904428,0.622308,0.999226,1,0.265777,0.47382,0.0057177,0.00798871,0.490476,1,0.549891,0.278086,0.389462,0.32168,0.0010789,0.00134428,0.00134428,0.00124815,0.00131821,0.113983,0.391766,0.267027,0.158548,0.155686,0.684529,0.542789,0.328351,0.532579,0.300655,0.598803,0.518573,0.222029,0.382415,0.647987,0.1589,0.427397,0.714946,0.843762,0.877074
period19,0.999326,1,1,1,0.999326,0.817283,0.746411,0.159358,0.919335,0.703627,0.999182,1,0.3216,0.602283,0.00596568,0.0157374,0.489781,1,0.575626,0.327206,0.432251,0.524866,0.00649948,0.00144413,0.00144413,0.00132214,0.00142385,0.115159,0.181656,0.771998,0.807973,0.839751,0.49939,0.304508,0.363997,0.261122,0.200168,0.540676,0.314652,0.766574,0.271313,0.545188,0.246604,0.462795,0.817981,0.287203,0.0840631
period20,0.999989,1,1,1,0.999989,0.998934,1,0.369474,1,0.804673,0.998608,1,0.402558,0.757944,0.00207578,0.026852,0.488034,1,0.790526,0.393458,0.47326,0.667108,0.00823794,0.0100788,0.0100788,0.0010605,0.0120584,0.105556,1,0.0494151,0.288198,0.145357,0.288843,0.446819,0.511893,0.328592,0.455975,0.331738,0.611394,0.83256,0.295271,0.367767,0.287308,0.632777,0.509016,0.609297,0.395023
period21,0.999988,1,1,1,0.999988,0.998875,1,0.512222,1,0.839394,0.99931,1,0.496252,0.79899,0.00228047,0.0478012,0.486916,1,0.812222,0.415152,0.471329,0.730795,0.00969707,0.0110417,0.0386113,0.00116049,0.0454829,0.100434,1,0.473582,0.492756,0.468217,0.300706,0.223514,0.339696,0.170779,0.460595,0.267291,0.218957,0.484202,0.0996463,0.524542,0.468187,0.80394,0.157942,0.665834,0.536579
period22,0.999989,1,1,1,0.999989,0.998875,1,0.634444,1,0.831,0.998874,1,0.534276,0.791,0.0022847,0.114367,0.486667,1,0.812222,0.411,0.456829,0.753243,0.0194269,0.0206343,0.0675006,0.00117868,0.0784263,0.100468,1,0.515192,0.354853,0.651542,0.220455,0.0941217,0.453294,0.498034,0.627304,0.199248,0.388319,0.703797,0.526219,0.607191,0.353729,0.477526,0.374214,0.445221,0.300433
period23,0.999988,1,1,1,0.999988,0.998838,1,0.67931,1,0.864211,0.998084,1,0.546454,0.843158,0.00236793,0.190776,0.485859,1,0.828736,0.432632,0.470388,0.792978,0.0305819,0.031808,0.131163,0.0012445,0.126474,0.0925899,1,0.804405,0.390668,0.544395,0.751875,0.390309,0.557359,0.493192,0.344977,0.496575,0.133792,0.38257,0.419987,0.388456,0.53475,0.414131,0.591505,0.580506,0.3799
period24,0.999987,1,1,1,0.999987,0.998811,1,0.671765,1,0.877528,0.997911,1,0.603213,0.9,0.0024265,0.224367,0.484946,1,1,0.42809,0.501785,0.824103,0.0734866,0.0338787,0.171454,0.00131531,0.152638,0.0986111,1,0.406363,1,0.351849,0.48355,0.878824,0.390504,0.289822,0.851848,0.388512,0.493165,0.373632,0.614381,0.529569,0.649776,0.231507,0.548077,0.0567311,0.0233982
period25,0.999986,1,1,1,0.999986,0.998708,1,0.732051,1,0.903659,0.997963,1,0.699983,0.915854,0.0026865,0.35831,0.483133,1,1,0.464634,0.484227,0.881958,0.0832753,0.049843,0.215941,0.00147023,0.229481,0.0859155,1,0.595282,1,0.112162,0.027302,0.463317,0.500439,0.679944,0.837749,0.136221,0.553271,0.574816,0.595887,0.20437,0.719144,0.9022,0.156633,0.413397,0.416628
