period9,0.958571,0.876782,0.00142857,0.944286,0.00294109,0.845626,0.958571,0.752546,0.61742,0.00287254,0.00171172,0.0015973,0.0015973,0.0015973,0.00287254,0.00187996,0.540526,0.0245813,0.00171172,0.00158602,0.00171172,0.00171172,0.00177955,0.00177955,0.00158602,0.269743,0.454341,0.132084,0.727035,0.543531,0.466537,0.47373,0.445666,0.94751,0.391965,0.307286,0.761735,0.480097,0.483217,0.552094,0.539289,0.390638,0.53586,0.265677,0.357665,0.39254,0.26333,0.386692,0.300103
period10,0.972059,0.902365,0.00147059,0.972059,0.00299076,0.909471,0.972059,0.853059,0.824853,0.00314952,0.00178091,0.00164606,0.00164606,0.00164606,0.00314952,0.00195573,0.716449,0.0144579,0.00178091,0.00163277,0.00178091,0.00178091,0.00183542,0.00183542,0.00163277,0.675325,0.854128,0.641324,0.519365,0.643989,0.518222,0.896575,0.572905,0.0478432,0.420339,0.0726494,0.759466,0.150452,0.344492,0.36593,0.766603,0.384941,0.324559,0.336405,0.77695,0.262773,0.710637,0.377469,0.437126
period11,0.986154,0.958712,0.00153846,0.986154,0.00305116,0.946823,0.986154,0.9169,0.901938,0.00343983,0.00187715,0.00172329,0.00172329,0.00172329,0.00343983,0.00206105,0.831724,0.0213965,0.00187715,0.00170814,0.00187715,0.00187715,0.00192258,0.00192258,0.00170814,0.182288,0.363238,0.363221,0.317461,0.56302,0.218595,0.639587,0.519753,0.655797,0.5557,0.496787,0.880863,0.627184,0.78617,0.304241,0.17344,0.537774,0.306847,0.663952,0.0869457,0.284965,0.213966,0.574707,0.263163
period12,0.985938,0.973479,0.0015625,0.985938,0.00309842,0.961196,0.985938,0.961196,0.961196,0.0053823,0.00209232,0.00176846,0.00176846,0.00176846,0.0053823,0.00229367,0.891485,0.167386,0.00209232,0.00173658,0.00209232,0.00209232,0.00198868,0.00198868,0.00173658,0.59701,0.599924,0.591362,0.450015,0.544565,0.743161,0.401618,0.0862665,0.744616,0.229962,0.692685,0.500667,0.219098,0.429223,0.361169,0.461059,0.209584,0.201953,0.404692,0.429458,0.318383,0.679734,0.57725,0.232912
period13,0.985484,0.97263,0.0016129,0.985484,0.00319749,0.959963,0.985484,0.959963,0.959963,0.00555204,0.00215915,0.00182534,0.00182534,0.00182534,0.00555204,0.0023668,0.919065,0.202686,0.00215915,0.00179249,0.00215915,0.00215915,0.00205245,0.00205245,0.00179249,0.460937,0.196357,0.557319,0.417917,0.405303,0.420045,0.356778,0.100764,0.0704628,0.642389,0.408882,0.687775,0.304663,0.588406,0.615234,0.30512,0.200431,0.191307,0.421783,0.48231,0.860414,0.193772,0.727045,0.301618
period14,1,1,0.00172414,0.998402,0.0020504,1,0.998402,1,0.983069,0.00338805,0.0020571,0.0019263,0.0019263,0.0019263,0.00338805,0.00225703,0.967241,0.288563,0.0020571,0.00191345,0.0020571,0.0020571,0.00214446,0.00214446,0.00191345,0.417611,0.480591,0.513724,0.540434,0.511484,0.643659,0.862033,0.170422,0.70296,0.198358,0.0795109,0.372451,0.82171,0.522612,0.582726,0.358777,0.669334,0.640951,0.716359,0.625529,0.492789,0.371413,0.215687,0.476556
period15,1,1,0.00196078,0.998175,0.00233162,1,0.998175,1,0.980742,0.00384879,0.00233812,0.00219001,0.00219001,0.00219001,0.00384879,0.00256472,0.962745,0.345555,0.00233812,0.00217549,0.00233812,0.00233812,0.00243726,0.00243726,0.00217549,0.257558,0.544185,0.776511,0.371513,0.595852,0.350955,0.89219,0.483481,0.226824,0.548838,0.436717,0.0881498,0.565554,0.092042,0.32258,0.358252,0.337896,0.527363,0.436134,0.669168,0.472797,0.386059,0.300713,0.548504
period16,1,1,0.00208333,0.998056,0.00247724,1,0.998056,1,0.979537,0.00408698,0.00248352,0.00232651,0.00232651,0.00232651,0.00408698,0.00272386,1,0.420955,0.00248352,0.00231114,0.00248352,0.00248352,0.00258875,0.00258875,0.00231114,0.340999,0.25264,0.69431,0.240835,0.310066,0.32979,0.819349,0.565683,0.156711,0.484717,0.360585,0.111603,0.413175,0.146469,0.616128,0.275905,0.703458,0.477576,0.519304,0.343463,0.269403,0.241023,0.438377,0.279376
period17,1,1,0.0025,0.997651,0.00297223,1,0.999759,1,1,0.0025,0.00274375,0.00276752,0.00276752,0.00276752,0.0025,0.0030106,1,0.515385,0.00274375,0.00276983,0.00274375,0.00274375,0.00305794,0.00305794,0.00276983,0.400516,0.18324,0.397697,0.715112,0.364176,0.783127,0.61382,0.241549,0.408521,0.0280758,0.743374,0.356781,0.778206,0.413671,0.373439,0.58528,0.493243,0.478144,0.438198,0.491215,0.414222,0.364211,0.538255,0.329322
period18,1,1,0.034375,0.997031,0.0051162,1,0.999694,1,1,0.034375,0.00483367,0.00359326,0.00359326,0.00359326,0.003125,0.00389453,1,0.616129,0.00483367,0.0034731,0.00342773,0.00342773,0.00383023,0.00383023,0.0034731,0.801958,0.303212,0.172489,0.344728,0.140143,0.554293,0.231898,0.678152,0.215871,0.465627,0.131028,0.703445,0.479764,0.733618,0.120704,0.36888,0.124564,0.641706,0.194495,0.419543,0.451088,0.427746,0.111472,0.215214
period19,1,1,0.0407407,1,0.0057265,1,1,1,1,0.0407407,0.0057265,0.00425514,0.00425514,0.00425514,0.0037037,0.00460975,1,0.696154,0.0057265,0.00411346,0.00406036,0.00406036,0.00453352,0.00453352,0.00411346,0.0859624,0.0247959,0.488752,0.582177,0.425584,0.504604,0.502071,0.254719,0.190291,0.885414,0.467266,0.493398,0.393144,0.491895,0.29921,0.492611,0.346215,0.495576,0.802806,0.453406,0.489276,0.46879,0.463067,0.416633
period20,1,1,0.05,1,0.0320238,1,1,1,1,0.05,0.00702381,0.00521591,0.00521591,0.00521591,0.00454545,0.00564675,1,0.766667,0.00702381,0.00504334,0.00497934,0.00497934,0.00555317,0.00555317,0.00504334,0.838487,0.45429,0.196303,0.462926,0.621609,0.849104,0.579826,0.418937,0.695654,0.413723,0.624455,0.624914,0.364475,0.426189,0.756114,0.504251,0.373622,0.539435,0.497791,0.375818,0.287409,0.282658,0.386604,0.410059
period21,1,1,0.0733333,1,0.0469524,1,1,1,1,0.0733333,0.0102857,0.00762667,0.00762667,0.00762667,0.00666667,0.00824249,1,0.74,0.0102857,0.00737849,0.00728889,0.00728889,0.00810533,0.00810533,0.00737849,0.493464,0.31813,0.727868,0.595328,0.481627,0.170128,0.798242,0.786383,0.391468,0.574953,0.323189,0.596553,0.492846,0.41724,0.318573,0.313915,0.337748,0.317081,0.385686,0.639082,0.434015,0.278075,0.307358,0.326821
