period11,1,0.93587,1,0.00956522,0.00134706,0.792174,0.990217,0.374678,0.0477944,0.162313,0.00173712,0.00173712,0.00104177,0.00104177,0.000972836,0.000972836,0.000966003,1,0.969808,0.959045,0.010658,0.00258951,0.0102607,0.00104177,0.00114486,0.000972836,0.00104177,0.00107431,0.000966003,0.000966003,0.00106005,0.36271,0.186707,0.714483,0.707996,0.463491,0.476124,0.499837,0.572523,0.623047,0.936858,0.597608,0.0843886,0.604646,0.680884,0.917908,0.360056,0.569964,0.428325,0.461032,0.283103,0.826693,0.189369,0.810004,0.393935,0.467739,0.312555,0.4532,0.37432
period12,1,0.956667,1,0.080531,0.0177956,0.788496,0.99,0.451319,0.126685,0.281577,0.00175995,0.00175995,0.00105939,0.00105939,0.000989958,0.000989958,0.000983075,1,0.980142,0.969142,0.0468918,0.0088661,0.0369532,0.00105939,0.00116421,0.000989958,0.00105939,0.00109314,0.000983075,0.000983075,0.00107877,0.0591303,0.692012,0.387069,0.210662,0.508123,0.48656,0.314754,0.684811,0.219543,0.306692,0.94958,0.392259,0.657781,0.161483,0.655055,0.0726833,0.220044,0.306026,0.0921962,0.434799,0.15092,0.496672,0.529692,0.661898,0.623013,0.367245,0.783121,0.15648
period13,1,1,1,0.137273,0.0961411,0.782727,0.989655,0.481467,0.165673,0.335128,0.00180477,0.00180477,0.00108793,0.00108793,0.00101689,0.00101689,0.00100986,1,0.97946,0.968085,0.103654,0.017586,0.110494,0.00108793,0.00119554,0.00101689,0.00108793,0.00112283,0.00100986,0.00100986,0.00110814,0.641491,0.157566,0.833675,0.166142,0.630719,0.219588,0.589567,0.0251477,0.349224,0.954668,0.825651,0.211562,0.14359,0.510049,0.495021,0.658255,0.515687,0.422602,0.734483,0.445083,0.157599,0.559247,0.399291,0.526907,0.523369,0.704836,0.636388,0.583189
period14,1,1,1,0.186598,0.129684,0.753608,0.987838,0.545036,0.207355,0.400333,0.0020372,0.0020372,0.00123255,0.00123255,0.00115291,0.00115291,0.00114503,1,0.975874,0.975874,0.180222,0.0515505,0.166282,0.00123255,0.00135428,0.00115291,0.00123255,0.00127277,0.00114503,0.00114503,0.00125633,0.140292,0.554451,0.47049,0.445586,0.441612,0.535411,0.270463,0.607303,0.649092,0.433975,0.541568,0.883346,0.670223,0.67661,0.470421,0.251229,0.279473,0.558903,0.40447,0.802491,0.572828,0.334096,0.690384,0.106367,0.699249,0.147982,0.562633,0.498973
period15,1,1,1,0.212941,0.192822,0.730588,0.985714,0.573143,0.234517,0.444115,0.00231736,0.00231736,0.00140548,0.00140548,0.00131537,0.00131537,0.00130646,1,0.971695,0.971695,0.205305,0.104493,0.224384,0.00140548,0.00154405,0.00131537,0.00140548,0.00145183,0.00130646,0.00130646,0.00143325,0.812707,0.397489,0.485242,0.881955,0.385993,0.491426,0.545984,0.501816,0.205212,0.15463,0.228655,0.429988,0.55927,0.0288478,0.638784,0.40527,0.817196,0.54759,0.634414,0.507056,0.212039,0.530175,0.250388,0.92666,0.35871,0.590313,0.71829,0.558462
period16,1,1,1,0.264474,0.229265,0.711842,1,0.586641,0.301904,0.442567,0.00258588,0.00258588,0.00157097,0.00157097,0.00147082,0.00147082,0.00146094,1,1,1,0.242575,0.153169,0.301981,0.00157097,0.0017256,0.00147082,0.00157097,0.00162313,0.00146094,0.00146094,0.00160251,0.602384,0.776426,0.477139,1,0.603823,0.219059,0.0788157,0.541282,0.27218,0.258392,0.640028,0.273755,0.359842,0.455669,0.919854,0.468883,0.292604,0.331697,0.336293,0.637766,0.880665,0.539962,0.707271,0.445415,0.682798,0.228948,0.707336,0.324881
period17,1,1,1,0.355385,0.284362,0.678462,1,0.606585,0.380431,0.469616,0.00301244,0.00301244,0.00183507,0.00183507,0.00171915,0.00171915,0.00170773,1,1,1,0.282975,0.182518,0.351455,0.00183507,0.00201521,0.00171915,0.00183507,0.00189663,0.00170773,0.00170773,0.00187283,0.310476,0.426744,0.456262,1,0.369411,0.143059,0.898773,0.301984,0.757608,0.29691,0.441727,0.262788,0.39261,0.246653,0.76235,0.833561,0.699331,0.579681,0.452312,0.567269,0.118059,0.0687732,0.384255,0.475718,0.656683,0.342856,0.27457,0.298505
period18,1,1,1,0.438182,0.389165,0.692727,0.999999,0.618657,0.476559,0.49484,0.00355296,0.00355296,0.00216702,0.00216702,0.00203094,0.00203094,0.00201758,1,1,1,0.349273,0.248042,0.410047,0.00216702,0.00237902,0.00203094,0.00216702,0.00223989,0.00201758,0.00201758,0.00221204,0.356655,0.551677,0.187189,1,0.49003,0.478763,0.618985,0.37117,0.795462,0.280956,0.785045,0.334491,0.135204,0.402032,0.10087,0.746641,0.556561,0.212493,0.640839,0.502591,0.641145,0.506743,0.530873,0.420575,0.173602,0.0858375,0.458955,0.4793
period19,1,1,1,0.492157,0.458145,0.944351,0.999999,0.996226,0.682799,1,0.0342641,0.00313208,0.00226785,0.00226785,0.00218312,0.00218312,0.00217482,1,1,1,0.656906,0.517457,0.888462,0.00364468,0.0038632,0.00218312,0.00226785,0.00240201,0.00217482,0.00217482,0.0023847,0.252121,0.478861,0.436276,1,0.392659,0.537365,0.18295,0.5288,0.128914,0.048921,0.510129,0.670574,0.779811,0.0467171,0.121865,0.26967,0.521323,0.0743787,0.318338,0.647395,0.605581,0.588945,0.457878,0.403965,0.318786,0.532043,0.212725,0.523329
period20,1,1,1,0.55,0.531743,0.955026,0.999997,0.995758,0.716144,1,0.14081,0.0721369,0.00472422,0.00472422,0.00284213,0.00284213,0.0026584,1,1,1,0.655857,0.567641,0.879167,0.00507723,0.00552564,0.00284213,0.00472422,0.00329491,0.0026584,0.0026584,0.00289665,0.784185,0.202815,0.415472,1,0.413401,0.3676,0.432334,0.609276,0.164209,0.315829,0.464839,0.427417,0.436362,0.903668,0.732474,0.796217,0.298497,0.42745,0.766014,0.767116,0.546791,0.644088,0.348825,0.283959,0.792978,0.335643,0.49507,0.389975
period21,1,1,1,0.5775,0.558329,0.956887,0.999999,0.995526,0.741114,1,0.216917,0.216917,0.0363901,0.0363901,0.0042903,0.0042903,0.0029183,1,1,1,0.679126,0.588674,0.917391,0.005402,0.00894549,0.0042903,0.005402,0.00886477,0.0029183,0.0029183,0.00306428,0.436252,0.476991,0.618554,1,0.514284,0.0986605,0.314234,0.607505,0.498958,0.556595,0.172737,0.362274,0.263943,0.477763,0.0718097,0.751782,0.533425,0.404086,0.437714,0.413306,0.220277,0.659855,0.325353,0.586818,0.229823,0.546028,0.524161,0.433303
period22,1,1,1,0.602857,0.581032,0.955256,0.999998,0.995016,0.7797,1,0.362231,0.28263,0.182739,0.0414237,0.00489053,0.0256024,0.00414599,1,1,1,0.760238,0.661991,0.957143,0.00607527,0.0206527,0.0362263,0.00609491,0.00873104,0.00333222,0.00414599,0.00365561,0.399091,0.589139,0.39535,1,0.46517,0.365867,0.659266,0.452306,0.520737,0.727255,0.466248,0.697374,0.475337,0.44339,0.565758,0.467272,0.491278,0.317227,0.755023,0.414894,0.640316,0.590028,0.358947,0.294794,0.575819,0.410115,0.453831,0.467853
period23,1,1,1,0.628125,0.604304,0.95984,0.999996,1,0.807879,1,0.43913,0.43913,0.285988,0.246067,0.00641499,0.147025,0.00598684,1,1,1,1,0.905,1,0.0464625,0.0272689,0.256671,0.0065415,0.0200736,0.00374645,0.0353918,0.00542983,0.574232,0.455368,0.479998,1,0.057956,0.345864,0.774753,0.347811,0.452123,0.601125,0.323372,0.0847946,0.173882,0.351844,0.41209,0.629779,0.278704,0.482124,0.404885,0.557958,0.256091,0.357162,0.322205,0.469,0.397301,0.390417,0.563868,0.537206
period24,1,1,1,0.722162,0.691042,0.958488,0.999975,1,0.871563,1,0.505,0.505,0.420684,0.420684,0.00742526,0.301904,0.00726428,1,1,1,1,0.9,1,0.0993209,0.0392629,0.301904,0.00750267,0.0212688,0.00441873,0.158216,0.00748856,1,0.629472,0.485329,1,0.767574,0.114415,0.425697,0.542258,0.542798,0.251184,0.495202,0.191134,0.343185,0.397783,0.205383,0.490738,0.294222,0.668274,0.589576,0.380788,0.42954,0.349389,0.317708,0.184058,0.374248,0.593885,0.161081,0.440973
period25,1,1,1,0.798426,0.763126,0.963551,0.999984,1,0.875646,1,0.655,0.655,0.568761,0.47519,0.00759997,0.353192,0.00751774,1,1,1,1,0.952632,1,0.288047,0.0377555,0.357462,0.0541181,0.0925965,0.00457692,0.282223,0.00799522,1,0.496684,0.772164,1,0.109697,0.22712,0.659772,0.483827,0.506407,0.420446,0.176631,0.136546,0.29785,0.322322,0.29205,0.621262,0.089342,0.462776,0.362276,0.311631,0.291285,0.479526,0.470381,0.384388,0.397796,0.446695,0.42486,0.446847
